/PREP7
N,1,0.0,230.557,0.0
N,2,0.341,231.936,0.0
N,3,1.024,234.695,0.0
N,4,1.365,236.075,0.0
N,5,0.341,237.06,0.0
N,6,2.048,238.833,0.0
N,7,0.683,238.439,0.0
N,8,2.389,240.213,0.0
N,9,0.341,221.689,0.0
N,10,0.683,223.069,0.0
N,11,1.365,225.828,0.0
N,12,0.0,225.434,0.0
N,13,1.707,227.207,0.0
N,14,0.683,228.192,0.0
N,15,2.389,229.966,0.0
N,16,1.024,229.572,0.0
N,17,2.731,231.345,0.0
N,18,1.707,232.331,0.0
N,19,3.413,234.104,0.0
N,20,2.048,233.71,0.0
N,21,3.754,235.483,0.0
N,22,2.731,236.469,0.0
N,23,4.437,238.242,0.0
N,24,3.072,237.848,0.0
N,25,4.778,239.622,0.0
N,26,0.0,210.063,0.0
N,27,0.683,212.822,0.0
N,28,1.024,214.201,0.0
N,29,0.0,215.187,0.0
N,30,1.707,216.96,0.0
N,31,0.341,216.566,0.0
N,32,2.048,218.339,0.0
N,33,1.024,219.325,0.0
N,34,2.731,221.098,0.0
N,35,1.365,220.704,0.0
N,36,3.072,222.478,0.0
N,37,2.048,223.463,0.0
N,38,3.754,225.236,0.0
N,39,2.389,224.842,0.0
N,40,4.096,226.616,0.0
N,41,3.072,227.601,0.0
N,42,4.778,229.375,0.0
N,43,3.413,228.981,0.0
N,44,5.12,230.754,0.0
N,45,4.096,231.739,0.0
N,46,5.802,233.513,0.0
N,47,4.437,233.119,0.0
N,48,6.144,234.892,0.0
N,49,5.12,235.878,0.0
N,50,6.826,237.651,0.0
N,51,5.461,237.257,0.0
N,52,7.168,239.03,0.0
N,53,6.144,240.016,0.0
N,54,0.0,199.816,0.0
N,55,0.341,201.196,0.0
N,56,1.024,203.954,0.0
N,57,1.365,205.334,0.0
N,58,0.341,206.319,0.0
N,59,2.048,208.093,0.0
N,60,0.683,207.698,0.0
N,61,2.389,209.472,0.0
N,62,1.365,210.457,0.0
N,63,3.072,212.231,0.0
N,64,1.707,211.837,0.0
N,65,3.413,213.61,0.0
N,66,2.389,214.595,0.0
N,67,4.096,216.369,0.0
N,68,2.731,215.975,0.0
N,69,4.437,217.748,0.0
N,70,3.413,218.734,0.0
N,71,5.12,220.507,0.0
N,72,3.754,220.113,0.0
N,73,5.461,221.887,0.0
N,74,4.437,222.872,0.0
N,75,6.144,224.645,0.0
N,76,4.778,224.251,0.0
N,77,6.485,226.025,0.0
N,78,5.461,227.01,0.0
N,79,7.168,228.784,0.0
N,80,5.802,228.389,0.0
N,81,7.509,230.163,0.0
N,82,6.485,231.148,0.0
N,83,8.192,232.922,0.0
N,84,6.826,232.528,0.0
N,85,8.533,234.301,0.0
N,86,7.509,235.286,0.0
N,87,9.215,237.06,0.0
N,88,7.85,236.666,0.0
N,89,9.557,238.439,0.0
N,90,8.533,239.425,0.0
N,91,0.341,190.949,0.0
N,92,0.683,192.328,0.0
N,93,1.365,195.087,0.0
N,94,0.0,194.693,0.0
N,95,1.707,196.466,0.0
N,96,0.683,197.451,0.0
N,97,2.389,199.225,0.0
N,98,1.024,198.831,0.0
N,99,2.731,200.604,0.0
N,100,1.707,201.59,0.0
N,101,3.413,203.363,0.0
N,102,2.048,202.969,0.0
N,103,3.754,204.743,0.0
N,104,2.731,205.728,0.0
N,105,4.437,207.501,0.0
N,106,3.072,207.107,0.0
N,107,4.778,208.881,0.0
N,108,3.754,209.866,0.0
N,109,5.461,211.64,0.0
N,110,4.096,211.245,0.0
N,111,5.802,213.019,0.0
N,112,4.778,214.004,0.0
N,113,6.485,215.778,0.0
N,114,5.12,215.384,0.0
N,115,6.826,217.157,0.0
N,116,5.802,218.142,0.0
N,117,7.509,219.916,0.0
N,118,6.144,219.522,0.0
N,119,7.85,221.295,0.0
N,120,6.826,222.281,0.0
N,121,8.533,224.054,0.0
N,122,7.168,223.66,0.0
N,123,8.874,225.434,0.0
N,124,7.85,226.419,0.0
N,125,9.557,228.192,0.0
N,126,8.192,227.798,0.0
N,127,9.898,229.572,0.0
N,128,8.874,230.557,0.0
N,129,10.581,232.331,0.0
N,130,9.215,231.936,0.0
N,131,10.922,233.71,0.0
N,133,11.605,236.469,0.0
N,134,10.239,236.075,0.0
N,135,11.946,237.848,0.0
N,136,10.922,238.833,0.0
N,137,11.263,240.213,0.0
N,138,0.0,179.322,0.0
N,139,0.683,182.081,0.0
N,140,1.024,183.46,0.0
N,141,0.0,184.446,0.0
N,142,1.707,186.219,0.0
N,143,0.341,185.825,0.0
N,144,2.048,187.599,0.0
N,145,1.024,188.584,0.0
N,146,2.731,190.357,0.0
N,147,1.365,189.963,0.0
N,148,3.072,191.737,0.0
N,149,2.048,192.722,0.0
N,150,3.754,194.496,0.0
N,151,2.389,194.101,0.0
N,152,4.096,195.875,0.0
N,153,3.072,196.86,0.0
N,154,4.778,198.634,0.0
N,155,3.413,198.24,0.0
N,156,5.12,200.013,0.0
N,157,4.096,200.998,0.0
N,158,5.802,202.772,0.0
N,159,4.437,202.378,0.0
N,160,6.144,204.151,0.0
N,161,5.12,205.137,0.0
N,162,6.826,206.91,0.0
N,163,5.461,206.516,0.0
N,164,7.168,208.29,0.0
N,165,6.144,209.275,0.0
N,166,7.85,211.048,0.0
N,167,6.485,210.654,0.0
N,168,8.192,212.428,0.0
N,169,7.168,213.413,0.0
N,170,8.874,215.187,0.0
N,171,7.509,214.792,0.0
N,172,9.215,216.566,0.0
N,173,8.192,217.551,0.0
N,174,9.898,219.325,0.0
N,175,8.533,218.931,0.0
N,176,10.239,220.704,0.0
N,177,9.215,221.689,0.0
N,178,10.922,223.463,0.0
N,179,9.557,223.069,0.0
N,180,11.263,224.842,0.0
N,181,10.239,225.828,0.0
N,182,11.946,227.601,0.0
N,183,10.581,227.207,0.0
N,184,12.287,228.981,0.0
N,185,11.263,229.966,0.0
N,186,12.97,231.739,0.0
N,187,11.605,231.345,0.0
N,188,13.311,233.119,0.0
N,189,12.287,234.104,0.0
N,190,13.994,235.878,0.0
N,191,12.629,235.483,0.0
N,192,14.335,237.257,0.0
N,193,13.311,238.242,0.0
N,194,15.018,240.016,0.0
N,195,13.653,239.622,0.0
N,196,0.0,169.075,0.0
N,197,0.341,170.455,0.0
N,198,1.024,173.213,0.0
N,199,1.365,174.593,0.0
N,200,0.341,175.578,0.0
N,201,2.048,177.352,0.0
N,202,0.683,176.957,0.0
N,203,2.389,178.731,0.0
N,204,1.365,179.716,0.0
N,205,3.072,181.49,0.0
N,206,1.707,181.096,0.0
N,207,3.413,182.869,0.0
N,208,2.389,183.854,0.0
N,209,4.096,185.628,0.0
N,210,2.731,185.234,0.0
N,211,4.437,187.007,0.0
N,212,3.413,187.993,0.0
N,213,5.12,189.766,0.0
N,214,3.754,189.372,0.0
N,215,5.461,191.146,0.0
N,216,4.437,192.131,0.0
N,217,6.144,193.904,0.0
N,218,4.778,193.51,0.0
N,219,6.485,195.284,0.0
N,220,5.461,196.269,0.0
N,221,7.168,198.043,0.0
N,222,5.802,197.648,0.0
N,223,7.509,199.422,0.0
N,224,6.485,200.407,0.0
N,225,8.192,202.181,0.0
N,226,6.826,201.787,0.0
N,227,8.533,203.56,0.0
N,228,7.509,204.545,0.0
N,229,9.215,206.319,0.0
N,230,7.85,205.925,0.0
N,231,9.557,207.698,0.0
N,232,8.533,208.684,0.0
N,233,10.239,210.457,0.0
N,234,8.874,210.063,0.0
N,235,10.581,211.837,0.0
N,236,9.557,212.822,0.0
N,237,11.263,214.595,0.0
N,238,9.898,214.201,0.0
N,239,11.605,215.975,0.0
N,240,10.581,216.96,0.0
N,241,12.287,218.734,0.0
N,242,10.922,218.339,0.0
N,243,12.629,220.113,0.0
N,244,11.605,221.098,0.0
N,245,13.311,222.872,0.0
N,246,11.946,222.478,0.0
N,247,13.653,224.251,0.0
N,248,12.629,225.236,0.0
N,249,14.335,227.01,0.0
N,251,14.676,228.389,0.0
N,252,13.653,229.375,0.0
N,253,15.359,231.148,0.0
N,254,13.994,230.754,0.0
N,255,15.7,232.528,0.0
N,256,14.676,233.513,0.0
N,257,16.383,235.286,0.0
N,258,15.018,234.892,0.0
N,259,16.724,236.666,0.0
N,260,15.7,237.651,0.0
N,261,17.407,239.425,0.0
N,262,16.042,239.03,0.0
N,263,0.341,160.208,0.0
N,264,0.683,161.587,0.0
N,265,1.365,164.346,0.0
N,266,0.0,163.952,0.0
N,267,1.707,165.725,0.0
N,268,0.683,166.71,0.0
N,269,2.389,168.484,0.0
N,270,1.024,168.09,0.0
N,271,2.731,169.863,0.0
N,273,3.413,172.622,0.0
N,274,2.048,172.228,0.0
N,275,3.754,174.002,0.0
N,276,2.731,174.987,0.0
N,277,4.437,176.76,0.0
N,278,3.072,176.366,0.0
N,279,4.778,178.14,0.0
N,281,5.461,180.899,0.0
N,282,4.096,180.505,0.0
N,283,5.802,182.278,0.0
N,284,4.778,183.263,0.0
N,285,6.485,185.037,0.0
N,286,5.12,184.643,0.0
N,287,6.826,186.416,0.0
N,288,5.802,187.401,0.0
N,289,7.509,189.175,0.0
N,290,6.144,188.781,0.0
N,291,7.85,190.554,0.0
N,292,6.826,191.54,0.0
N,293,8.533,193.313,0.0
N,294,7.168,192.919,0.0
N,295,8.874,194.693,0.0
N,296,7.85,195.678,0.0
N,297,9.557,197.451,0.0
N,298,8.192,197.057,0.0
N,299,9.898,198.831,0.0
N,300,8.874,199.816,0.0
N,301,10.581,201.59,0.0
N,302,9.215,201.196,0.0
N,303,10.922,202.969,0.0
N,304,9.898,203.954,0.0
N,305,11.605,205.728,0.0
N,306,10.239,205.334,0.0
N,307,11.946,207.107,0.0
N,308,10.922,208.093,0.0
N,309,12.629,209.866,0.0
N,310,11.263,209.472,0.0
N,311,12.97,211.245,0.0
N,312,11.946,212.231,0.0
N,313,13.653,214.004,0.0
N,314,12.287,213.61,0.0
N,315,13.994,215.384,0.0
N,316,12.97,216.369,0.0
N,317,14.676,218.142,0.0
N,318,13.311,217.748,0.0
N,319,15.018,219.522,0.0
N,320,13.994,220.507,0.0
N,321,15.7,222.281,0.0
N,322,14.335,221.887,0.0
N,323,16.042,223.66,0.0
N,324,15.018,224.645,0.0
N,325,16.724,226.419,0.0
N,326,15.359,226.025,0.0
N,327,17.066,227.798,0.0
N,328,16.042,228.784,0.0
N,329,17.748,230.557,0.0
N,330,16.383,230.163,0.0
N,331,18.09,231.936,0.0
N,332,17.066,232.922,0.0
N,333,18.772,234.695,0.0
N,334,17.407,234.301,0.0
N,335,19.114,236.075,0.0
N,336,18.09,237.06,0.0
N,337,19.796,238.833,0.0
N,338,18.431,238.439,0.0
N,339,20.137,240.213,0.0
N,340,0.0,148.581,0.0
N,341,0.683,151.34,0.0
N,342,1.024,152.719,0.0
N,343,0.0,153.705,0.0
N,344,1.707,155.478,0.0
N,345,0.341,155.084,0.0
N,346,2.048,156.858,0.0
N,347,1.024,157.843,0.0
N,348,2.731,159.616,0.0
N,349,1.365,159.222,0.0
N,350,3.072,160.996,0.0
N,351,2.048,161.981,0.0
N,352,3.754,163.755,0.0
N,353,2.389,163.361,0.0
N,354,4.096,165.134,0.0
N,355,3.072,166.119,0.0
N,356,4.778,167.893,0.0
N,357,3.413,167.499,0.0
N,358,5.12,169.272,0.0
N,359,4.096,170.258,0.0
N,360,5.802,172.031,0.0
N,361,4.437,171.637,0.0
N,362,6.144,173.41,0.0
N,363,5.12,174.396,0.0
N,365,5.461,175.775,0.0
N,366,7.168,177.549,0.0
N,367,6.144,178.534,0.0
N,368,7.85,180.307,0.0
N,369,6.485,179.913,0.0
N,370,8.192,181.687,0.0
N,371,7.168,182.672,0.0
N,372,8.874,184.446,0.0
N,373,7.509,184.052,0.0
N,374,9.215,185.825,0.0
N,375,8.192,186.81,0.0
N,377,8.533,188.19,0.0
N,378,10.239,189.963,0.0
N,379,9.215,190.949,0.0
N,380,10.922,192.722,0.0
N,381,9.557,192.328,0.0
N,382,11.263,194.101,0.0
N,383,10.239,195.087,0.0
N,384,11.946,196.86,0.0
N,385,10.581,196.466,0.0
N,386,12.287,198.24,0.0
N,387,11.263,199.225,0.0
N,388,12.97,200.998,0.0
N,389,11.605,200.604,0.0
N,390,13.311,202.378,0.0
N,391,12.287,203.363,0.0
N,392,13.994,205.137,0.0
N,393,12.629,204.743,0.0
N,394,14.335,206.516,0.0
N,395,13.311,207.501,0.0
N,396,15.018,209.275,0.0
N,397,13.653,208.881,0.0
N,398,15.359,210.654,0.0
N,399,14.335,211.64,0.0
N,400,16.042,213.413,0.0
N,401,14.676,213.019,0.0
N,402,16.383,214.792,0.0
N,403,15.359,215.778,0.0
N,404,17.066,217.551,0.0
N,405,15.7,217.157,0.0
N,406,17.407,218.931,0.0
N,407,16.383,219.916,0.0
N,408,18.09,221.689,0.0
N,409,16.724,221.295,0.0
N,410,18.431,223.069,0.0
N,411,17.407,224.054,0.0
N,412,19.114,225.828,0.0
N,413,17.748,225.434,0.0
N,414,19.455,227.207,0.0
N,415,18.431,228.192,0.0
N,416,20.137,229.966,0.0
N,417,18.772,229.572,0.0
N,418,20.479,231.345,0.0
N,419,19.455,232.331,0.0
N,420,21.161,234.104,0.0
N,421,19.796,233.71,0.0
N,422,21.503,235.483,0.0
N,423,20.479,236.469,0.0
N,424,22.185,238.242,0.0
N,425,20.82,237.848,0.0
N,426,22.527,239.622,0.0
N,427,0.0,138.334,0.0
N,428,0.341,139.714,0.0
N,429,1.024,142.472,0.0
N,430,1.365,143.852,0.0
N,431,0.341,144.837,0.0
N,432,2.048,146.611,0.0
N,433,0.683,146.217,0.0
N,434,2.389,147.99,0.0
N,435,1.365,148.975,0.0
N,436,3.072,150.749,0.0
N,437,1.707,150.355,0.0
N,438,3.413,152.128,0.0
N,439,2.389,153.114,0.0
N,440,4.096,154.887,0.0
N,441,2.731,154.493,0.0
N,442,4.437,156.266,0.0
N,443,3.413,157.252,0.0
N,444,5.12,159.025,0.0
N,445,3.754,158.631,0.0
N,446,5.461,160.405,0.0
N,447,4.437,161.39,0.0
N,448,6.144,163.163,0.0
N,449,4.778,162.769,0.0
N,450,6.485,164.543,0.0
N,451,5.461,165.528,0.0
N,452,7.168,167.302,0.0
N,453,5.802,166.908,0.0
N,454,7.509,168.681,0.0
N,455,6.485,169.666,0.0
N,456,8.192,171.44,0.0
N,457,6.826,171.046,0.0
N,458,8.533,172.819,0.0
N,459,7.509,173.805,0.0
N,460,9.215,175.578,0.0
N,461,7.85,175.184,0.0
N,462,9.557,176.957,0.0
N,463,8.533,177.943,0.0
N,464,10.239,179.716,0.0
N,465,8.874,179.322,0.0
N,466,10.581,181.096,0.0
N,467,9.557,182.081,0.0
N,468,11.263,183.854,0.0
N,469,9.898,183.46,0.0
N,470,11.605,185.234,0.0
N,471,10.581,186.219,0.0
N,472,12.287,187.993,0.0
N,473,10.922,187.599,0.0
N,474,12.629,189.372,0.0
N,475,11.605,190.357,0.0
N,476,13.311,192.131,0.0
N,477,11.946,191.737,0.0
N,478,13.653,193.51,0.0
N,479,12.629,194.496,0.0
N,480,14.335,196.269,0.0
N,481,12.97,195.875,0.0
N,482,14.676,197.648,0.0
N,483,13.653,198.634,0.0
N,484,15.359,200.407,0.0
N,485,13.994,200.013,0.0
N,486,15.7,201.787,0.0
N,487,14.676,202.772,0.0
N,488,16.383,204.545,0.0
N,489,15.018,204.151,0.0
N,490,16.724,205.925,0.0
N,491,15.7,206.91,0.0
N,492,17.407,208.684,0.0
N,493,16.042,208.29,0.0
N,494,17.748,210.063,0.0
N,495,16.724,211.048,0.0
N,496,18.431,212.822,0.0
N,497,17.066,212.428,0.0
N,498,18.772,214.201,0.0
N,499,17.748,215.187,0.0
N,500,19.455,216.96,0.0
N,501,18.09,216.566,0.0
N,502,19.796,218.339,0.0
N,503,18.772,219.325,0.0
N,504,20.479,221.098,0.0
N,505,19.114,220.704,0.0
N,506,20.82,222.478,0.0
N,507,19.796,223.463,0.0
N,508,21.503,225.236,0.0
N,509,20.137,224.842,0.0
N,510,21.844,226.616,0.0
N,511,20.82,227.601,0.0
N,512,22.527,229.375,0.0
N,513,21.161,228.981,0.0
N,514,22.868,230.754,0.0
N,515,21.844,231.739,0.0
N,516,23.551,233.513,0.0
N,517,22.185,233.119,0.0
N,518,23.892,234.892,0.0
N,519,22.868,235.878,0.0
N,520,24.575,237.651,0.0
N,521,23.209,237.257,0.0
N,522,24.916,239.03,0.0
N,523,23.892,240.016,0.0
N,524,0.341,129.467,0.0
N,525,0.683,130.846,0.0
N,526,1.365,133.605,0.0
N,527,0.0,133.211,0.0
N,528,1.707,134.984,0.0
N,529,0.683,135.97,0.0
N,530,2.389,137.743,0.0
N,531,1.024,137.349,0.0
N,532,2.731,139.122,0.0
N,533,1.707,140.108,0.0
N,534,3.413,141.881,0.0
N,535,2.048,141.487,0.0
N,536,3.754,143.261,0.0
N,537,2.731,144.246,0.0
N,538,4.437,146.019,0.0
N,539,3.072,145.625,0.0
N,540,4.778,147.399,0.0
N,541,3.754,148.384,0.0
N,542,5.461,150.158,0.0
N,543,4.096,149.764,0.0
N,544,5.802,151.537,0.0
N,545,4.778,152.522,0.0
N,546,6.485,154.296,0.0
N,547,5.12,153.902,0.0
N,548,6.826,155.675,0.0
N,549,5.802,156.661,0.0
N,550,7.509,158.434,0.0
N,551,6.144,158.04,0.0
N,552,7.85,159.813,0.0
N,553,6.826,160.799,0.0
N,554,8.533,162.572,0.0
N,555,7.168,162.178,0.0
N,556,8.874,163.952,0.0
N,557,7.85,164.937,0.0
N,558,9.557,166.71,0.0
N,559,8.192,166.316,0.0
N,560,9.898,168.09,0.0
N,561,8.874,169.075,0.0
N,562,10.581,170.849,0.0
N,563,9.215,170.455,0.0
N,564,10.922,172.228,0.0
N,565,9.898,173.213,0.0
N,566,11.605,174.987,0.0
N,567,10.239,174.593,0.0
N,568,11.946,176.366,0.0
N,569,10.922,177.352,0.0
N,570,12.629,179.125,0.0
N,571,11.263,178.731,0.0
N,572,12.97,180.505,0.0
N,573,11.946,181.49,0.0
N,574,13.653,183.263,0.0
N,575,12.287,182.869,0.0
N,576,13.994,184.643,0.0
N,577,12.97,185.628,0.0
N,578,14.676,187.401,0.0
N,579,13.311,187.007,0.0
N,580,15.018,188.781,0.0
N,581,13.994,189.766,0.0
N,582,15.7,191.54,0.0
N,583,14.335,191.146,0.0
N,584,16.042,192.919,0.0
N,585,15.018,193.904,0.0
N,586,16.724,195.678,0.0
N,587,15.359,195.284,0.0
N,588,17.066,197.057,0.0
N,589,16.042,198.043,0.0
N,590,17.748,199.816,0.0
N,591,16.383,199.422,0.0
N,592,18.09,201.196,0.0
N,593,17.066,202.181,0.0
N,594,18.772,203.954,0.0
N,595,17.407,203.56,0.0
N,596,19.114,205.334,0.0
N,597,18.09,206.319,0.0
N,598,19.796,208.093,0.0
N,599,18.431,207.698,0.0
N,600,20.137,209.472,0.0
N,601,19.114,210.457,0.0
N,602,20.82,212.231,0.0
N,603,19.455,211.837,0.0
N,604,21.161,213.61,0.0
N,605,20.137,214.595,0.0
N,606,21.844,216.369,0.0
N,607,20.479,215.975,0.0
N,608,22.185,217.748,0.0
N,609,21.161,218.734,0.0
N,610,22.868,220.507,0.0
N,611,21.503,220.113,0.0
N,612,23.209,221.887,0.0
N,613,22.185,222.872,0.0
N,614,23.892,224.645,0.0
N,615,22.527,224.251,0.0
N,616,24.233,226.025,0.0
N,617,23.209,227.01,0.0
N,618,24.916,228.784,0.0
N,619,23.551,228.389,0.0
N,620,25.257,230.163,0.0
N,621,24.233,231.148,0.0
N,622,25.94,232.922,0.0
N,623,24.575,232.528,0.0
N,624,26.281,234.301,0.0
N,625,25.257,235.286,0.0
N,626,26.964,237.06,0.0
N,627,25.598,236.666,0.0
N,628,27.305,238.439,0.0
N,629,26.281,239.425,0.0
N,630,0.0,117.84,0.0
N,631,0.683,120.599,0.0
N,632,1.024,121.978,0.0
N,633,0.0,122.964,0.0
N,634,1.707,124.737,0.0
N,635,0.341,124.343,0.0
N,636,2.048,126.117,0.0
N,637,1.024,127.102,0.0
N,638,2.731,128.875,0.0
N,639,1.365,128.481,0.0
N,640,3.072,130.255,0.0
N,641,2.048,131.24,0.0
N,642,3.754,133.014,0.0
N,643,2.389,132.62,0.0
N,644,4.096,134.393,0.0
N,645,3.072,135.378,0.0
N,646,4.778,137.152,0.0
N,647,3.413,136.758,0.0
N,648,5.12,138.531,0.0
N,649,4.096,139.517,0.0
N,650,5.802,141.29,0.0
N,651,4.437,140.896,0.0
N,652,6.144,142.669,0.0
N,653,5.12,143.655,0.0
N,654,6.826,145.428,0.0
N,655,5.461,145.034,0.0
N,656,7.168,146.808,0.0
N,657,6.144,147.793,0.0
N,658,7.85,149.567,0.0
N,659,6.485,149.172,0.0
N,660,8.192,150.946,0.0
N,661,7.168,151.931,0.0
N,662,8.874,153.705,0.0
N,663,7.509,153.311,0.0
N,664,9.215,155.084,0.0
N,665,8.192,156.069,0.0
N,666,9.898,157.843,0.0
N,667,8.533,157.449,0.0
N,668,10.239,159.222,0.0
N,669,9.215,160.208,0.0
N,670,10.922,161.981,0.0
N,671,9.557,161.587,0.0
N,672,11.263,163.361,0.0
N,673,10.239,164.346,0.0
N,674,11.946,166.119,0.0
N,675,10.581,165.725,0.0
N,676,12.287,167.499,0.0
N,677,11.263,168.484,0.0
N,678,12.97,170.258,0.0
N,679,11.605,169.863,0.0
N,680,13.311,171.637,0.0
N,681,12.287,172.622,0.0
N,682,13.994,174.396,0.0
N,683,12.629,174.002,0.0
N,684,14.335,175.775,0.0
N,685,13.311,176.76,0.0
N,686,15.018,178.534,0.0
N,687,13.653,178.14,0.0
N,688,15.359,179.913,0.0
N,689,14.335,180.899,0.0
N,690,16.042,182.672,0.0
N,691,14.676,182.278,0.0
N,692,16.383,184.052,0.0
N,693,15.359,185.037,0.0
N,694,17.066,186.81,0.0
N,695,15.7,186.416,0.0
N,696,17.407,188.19,0.0
N,697,16.383,189.175,0.0
N,698,18.09,190.949,0.0
N,699,16.724,190.554,0.0
N,700,18.431,192.328,0.0
N,701,17.407,193.313,0.0
N,702,19.114,195.087,0.0
N,703,17.748,194.693,0.0
N,704,19.455,196.466,0.0
N,705,18.431,197.451,0.0
N,706,20.137,199.225,0.0
N,707,18.772,198.831,0.0
N,708,20.479,200.604,0.0
N,709,19.455,201.59,0.0
N,710,21.161,203.363,0.0
N,711,19.796,202.969,0.0
N,712,21.503,204.743,0.0
N,713,20.479,205.728,0.0
N,714,22.185,207.501,0.0
N,715,20.82,207.107,0.0
N,716,22.527,208.881,0.0
N,717,21.503,209.866,0.0
N,718,23.209,211.64,0.0
N,719,21.844,211.245,0.0
N,720,23.551,213.019,0.0
N,721,22.527,214.004,0.0
N,722,24.233,215.778,0.0
N,723,22.868,215.384,0.0
N,724,24.575,217.157,0.0
N,725,23.551,218.142,0.0
N,726,25.257,219.916,0.0
N,727,23.892,219.522,0.0
N,728,25.598,221.295,0.0
N,729,24.575,222.281,0.0
N,730,26.281,224.054,0.0
N,731,24.916,223.66,0.0
N,732,26.622,225.434,0.0
N,733,25.598,226.419,0.0
N,734,27.305,228.192,0.0
N,735,25.94,227.798,0.0
N,736,27.646,229.572,0.0
N,737,26.622,230.557,0.0
N,738,28.329,232.331,0.0
N,739,26.964,231.936,0.0
N,740,28.67,233.71,0.0
N,741,27.646,234.695,0.0
N,742,29.353,236.469,0.0
N,743,27.988,236.075,0.0
N,744,29.694,237.848,0.0
N,745,28.67,238.833,0.0
N,746,29.012,240.213,0.0
N,747,0.0,107.593,0.0
N,748,0.341,108.973,0.0
N,749,1.024,111.732,0.0
N,750,1.365,113.111,0.0
N,751,0.341,114.096,0.0
N,752,2.048,115.87,0.0
N,753,0.683,115.476,0.0
N,754,2.389,117.249,0.0
N,755,1.365,118.234,0.0
N,756,3.072,120.008,0.0
N,757,1.707,119.614,0.0
N,758,3.413,121.387,0.0
N,760,4.096,124.146,0.0
N,761,2.731,123.752,0.0
N,762,4.437,125.526,0.0
N,763,3.413,126.511,0.0
N,764,5.12,128.284,0.0
N,765,3.754,127.89,0.0
N,766,5.461,129.664,0.0
N,767,4.437,130.649,0.0
N,768,6.144,132.423,0.0
N,769,4.778,132.028,0.0
N,770,6.485,133.802,0.0
N,771,5.461,134.787,0.0
N,772,7.168,136.561,0.0
N,773,5.802,136.167,0.0
N,774,7.509,137.94,0.0
N,775,6.485,138.925,0.0
N,776,8.192,140.699,0.0
N,777,6.826,140.305,0.0
N,778,8.533,142.078,0.0
N,779,7.509,143.064,0.0
N,780,9.215,144.837,0.0
N,781,7.85,144.443,0.0
N,782,9.557,146.217,0.0
N,783,8.533,147.202,0.0
N,784,10.239,148.975,0.0
N,785,8.874,148.581,0.0
N,786,10.581,150.355,0.0
N,787,9.557,151.34,0.0
N,788,11.263,153.114,0.0
N,789,9.898,152.719,0.0
N,790,11.605,154.493,0.0
N,791,10.581,155.478,0.0
N,792,12.287,157.252,0.0
N,793,10.922,156.858,0.0
N,794,12.629,158.631,0.0
N,795,11.605,159.616,0.0
N,796,13.311,161.39,0.0
N,797,11.946,160.996,0.0
N,798,13.653,162.769,0.0
N,799,12.629,163.755,0.0
N,800,14.335,165.528,0.0
N,801,12.97,165.134,0.0
N,802,14.676,166.908,0.0
N,803,13.653,167.893,0.0
N,804,15.359,169.666,0.0
N,805,13.994,169.272,0.0
N,806,15.7,171.046,0.0
N,807,14.676,172.031,0.0
N,808,16.383,173.805,0.0
N,809,15.018,173.41,0.0
N,810,16.724,175.184,0.0
N,811,15.7,176.169,0.0
N,812,17.407,177.943,0.0
N,813,16.042,177.549,0.0
N,814,17.748,179.322,0.0
N,815,16.724,180.307,0.0
N,816,18.431,182.081,0.0
N,817,17.066,181.687,0.0
N,818,18.772,183.46,0.0
N,819,17.748,184.446,0.0
N,820,19.455,186.219,0.0
N,821,18.09,185.825,0.0
N,822,19.796,187.599,0.0
N,823,18.772,188.584,0.0
N,824,20.479,190.357,0.0
N,825,19.114,189.963,0.0
N,826,20.82,191.737,0.0
N,827,19.796,192.722,0.0
N,828,21.503,194.496,0.0
N,829,20.137,194.101,0.0
N,830,21.844,195.875,0.0
N,831,20.82,196.86,0.0
N,832,22.527,198.634,0.0
N,833,21.161,198.24,0.0
N,834,22.868,200.013,0.0
N,835,21.844,200.998,0.0
N,836,23.551,202.772,0.0
N,837,22.185,202.378,0.0
N,838,23.892,204.151,0.0
N,839,22.868,205.137,0.0
N,840,24.575,206.91,0.0
N,841,23.209,206.516,0.0
N,842,24.916,208.29,0.0
N,843,23.892,209.275,0.0
N,844,25.598,211.048,0.0
N,845,24.233,210.654,0.0
N,846,25.94,212.428,0.0
N,847,24.916,213.413,0.0
N,848,26.622,215.187,0.0
N,849,25.257,214.792,0.0
N,850,26.964,216.566,0.0
N,851,25.94,217.551,0.0
N,852,27.646,219.325,0.0
N,853,26.281,218.931,0.0
N,854,27.988,220.704,0.0
N,855,26.964,221.689,0.0
N,856,28.67,223.463,0.0
N,857,27.305,223.069,0.0
N,858,29.012,224.842,0.0
N,859,27.988,225.828,0.0
N,860,29.694,227.601,0.0
N,861,28.329,227.207,0.0
N,862,30.036,228.981,0.0
N,863,29.012,229.966,0.0
N,864,30.718,231.739,0.0
N,865,29.353,231.345,0.0
N,866,31.06,233.119,0.0
N,867,30.036,234.104,0.0
N,868,31.742,235.878,0.0
N,869,30.377,235.483,0.0
N,870,32.083,237.257,0.0
N,871,31.06,238.242,0.0
N,872,32.766,240.016,0.0
N,873,31.401,239.622,0.0
N,874,0.341,98.726,0.0
N,875,0.683,100.105,0.0
N,876,1.365,102.864,0.0
N,877,0.0,102.47,0.0
N,878,1.707,104.243,0.0
N,879,0.683,105.229,0.0
N,880,2.389,107.002,0.0
N,881,1.024,106.608,0.0
N,882,2.731,108.382,0.0
N,883,1.707,109.367,0.0
N,884,3.413,111.14,0.0
N,885,2.048,110.746,0.0
N,886,3.754,112.52,0.0
N,887,2.731,113.505,0.0
N,888,4.437,115.279,0.0
N,889,3.072,114.884,0.0
N,890,4.778,116.658,0.0
N,891,3.754,117.643,0.0
N,892,5.461,119.417,0.0
N,893,4.096,119.023,0.0
N,894,5.802,120.796,0.0
N,895,4.778,121.781,0.0
N,896,6.485,123.555,0.0
N,897,5.12,123.161,0.0
N,898,6.826,124.934,0.0
N,899,5.802,125.92,0.0
N,900,7.509,127.693,0.0
N,901,6.144,127.299,0.0
N,902,7.85,129.073,0.0
N,903,6.826,130.058,0.0
N,904,8.533,131.831,0.0
N,905,7.168,131.437,0.0
N,906,8.874,133.211,0.0
N,907,7.85,134.196,0.0
N,909,8.192,135.575,0.0
N,910,9.898,137.349,0.0
N,911,8.874,138.334,0.0
N,912,10.581,140.108,0.0
N,913,9.215,139.714,0.0
N,914,10.922,141.487,0.0
N,915,9.898,142.472,0.0
N,916,11.605,144.246,0.0
N,917,10.239,143.852,0.0
N,918,11.946,145.625,0.0
N,919,10.922,146.611,0.0
N,920,12.629,148.384,0.0
N,921,11.263,147.99,0.0
N,922,12.97,149.764,0.0
N,923,11.946,150.749,0.0
N,924,13.653,152.522,0.0
N,925,12.287,152.128,0.0
N,926,13.994,153.902,0.0
N,927,12.97,154.887,0.0
N,928,14.676,156.661,0.0
N,929,13.311,156.266,0.0
N,930,15.018,158.04,0.0
N,931,13.994,159.025,0.0
N,932,15.7,160.799,0.0
N,933,14.335,160.405,0.0
N,934,16.042,162.178,0.0
N,935,15.018,163.163,0.0
N,936,16.724,164.937,0.0
N,937,15.359,164.543,0.0
N,938,17.066,166.316,0.0
N,939,16.042,167.302,0.0
N,940,17.748,169.075,0.0
N,941,16.383,168.681,0.0
N,942,18.09,170.455,0.0
N,943,17.066,171.44,0.0
N,944,18.772,173.213,0.0
N,945,17.407,172.819,0.0
N,946,19.114,174.593,0.0
N,947,18.09,175.578,0.0
N,948,19.796,177.352,0.0
N,949,18.431,176.957,0.0
N,950,20.137,178.731,0.0
N,951,19.114,179.716,0.0
N,952,20.82,181.49,0.0
N,953,19.455,181.096,0.0
N,954,21.161,182.869,0.0
N,955,20.137,183.854,0.0
N,956,21.844,185.628,0.0
N,957,20.479,185.234,0.0
N,958,22.185,187.007,0.0
N,959,21.161,187.993,0.0
N,960,22.868,189.766,0.0
N,961,21.503,189.372,0.0
N,962,23.209,191.146,0.0
N,963,22.185,192.131,0.0
N,964,23.892,193.904,0.0
N,965,22.527,193.51,0.0
N,966,24.233,195.284,0.0
N,967,23.209,196.269,0.0
N,968,24.916,198.043,0.0
N,969,23.551,197.648,0.0
N,970,25.257,199.422,0.0
N,971,24.233,200.407,0.0
N,972,25.94,202.181,0.0
N,973,24.575,201.787,0.0
N,974,26.281,203.56,0.0
N,975,25.257,204.545,0.0
N,976,26.964,206.319,0.0
N,977,25.598,205.925,0.0
N,978,27.305,207.698,0.0
N,979,26.281,208.684,0.0
N,980,27.988,210.457,0.0
N,981,26.622,210.063,0.0
N,982,28.329,211.837,0.0
N,983,27.305,212.822,0.0
N,984,29.012,214.595,0.0
N,985,27.646,214.201,0.0
N,986,29.353,215.975,0.0
N,987,28.329,216.96,0.0
N,988,30.036,218.734,0.0
N,989,28.67,218.339,0.0
N,990,30.377,220.113,0.0
N,992,31.06,222.872,0.0
N,993,29.694,222.478,0.0
N,994,31.401,224.251,0.0
N,995,30.377,225.236,0.0
N,996,32.083,227.01,0.0
N,997,30.718,226.616,0.0
N,998,32.425,228.389,0.0
N,999,31.401,229.375,0.0
N,1000,33.107,231.148,0.0
N,1001,31.742,230.754,0.0
N,1002,33.449,232.528,0.0
N,1003,32.425,233.513,0.0
N,1004,34.131,235.286,0.0
N,1005,32.766,234.892,0.0
N,1006,34.473,236.666,0.0
N,1007,33.449,237.651,0.0
N,1008,35.155,239.425,0.0
N,1009,33.79,239.03,0.0
N,1010,0.0,87.099,0.0
N,1011,0.683,89.858,0.0
N,1012,1.024,91.238,0.0
N,1013,0.0,92.223,0.0
N,1014,1.707,93.996,0.0
N,1015,0.341,93.602,0.0
N,1016,2.048,95.376,0.0
N,1017,1.024,96.361,0.0
N,1018,2.731,98.135,0.0
N,1019,1.365,97.74,0.0
N,1020,3.072,99.514,0.0
N,1021,2.048,100.499,0.0
N,1022,3.754,102.273,0.0
N,1023,2.389,101.879,0.0
N,1024,4.096,103.652,0.0
N,1025,3.072,104.637,0.0
N,1026,4.778,106.411,0.0
N,1027,3.413,106.017,0.0
N,1028,5.12,107.79,0.0
N,1029,4.096,108.776,0.0
N,1030,5.802,110.549,0.0
N,1031,4.437,110.155,0.0
N,1032,6.144,111.929,0.0
N,1033,5.12,112.914,0.0
N,1034,6.826,114.687,0.0
N,1035,5.461,114.293,0.0
N,1036,7.168,116.067,0.0
N,1037,6.144,117.052,0.0
N,1038,7.85,118.826,0.0
N,1039,6.485,118.431,0.0
N,1040,8.192,120.205,0.0
N,1041,7.168,121.19,0.0
N,1042,8.874,122.964,0.0
N,1043,7.509,122.57,0.0
N,1044,9.215,124.343,0.0
N,1045,8.192,125.328,0.0
N,1046,9.898,127.102,0.0
N,1047,8.533,126.708,0.0
N,1048,10.239,128.481,0.0
N,1049,9.215,129.467,0.0
N,1050,10.922,131.24,0.0
N,1051,9.557,130.846,0.0
N,1052,11.263,132.62,0.0
N,1053,10.239,133.605,0.0
N,1054,11.946,135.378,0.0
N,1055,10.581,134.984,0.0
N,1056,12.287,136.758,0.0
N,1057,11.263,137.743,0.0
N,1058,12.97,139.517,0.0
N,1059,11.605,139.122,0.0
N,1060,13.311,140.896,0.0
N,1061,12.287,141.881,0.0
N,1062,13.994,143.655,0.0
N,1064,14.335,145.034,0.0
N,1065,13.311,146.019,0.0
N,1066,15.018,147.793,0.0
N,1067,13.653,147.399,0.0
N,1068,15.359,149.172,0.0
N,1069,14.335,150.158,0.0
N,1070,16.042,151.931,0.0
N,1071,14.676,151.537,0.0
N,1072,16.383,153.311,0.0
N,1073,15.359,154.296,0.0
N,1074,17.066,156.069,0.0
N,1075,15.7,155.675,0.0
N,1076,17.407,157.449,0.0
N,1077,16.383,158.434,0.0
N,1078,18.09,160.208,0.0
N,1079,16.724,159.813,0.0
N,1080,18.431,161.587,0.0
N,1081,17.407,162.572,0.0
N,1082,19.114,164.346,0.0
N,1083,17.748,163.952,0.0
N,1084,19.455,165.725,0.0
N,1085,18.431,166.71,0.0
N,1086,20.137,168.484,0.0
N,1087,18.772,168.09,0.0
N,1088,20.479,169.863,0.0
N,1089,19.455,170.849,0.0
N,1090,21.161,172.622,0.0
N,1091,19.796,172.228,0.0
N,1092,21.503,174.002,0.0
N,1093,20.479,174.987,0.0
N,1094,22.185,176.76,0.0
N,1095,20.82,176.366,0.0
N,1096,22.527,178.14,0.0
N,1097,21.503,179.125,0.0
N,1098,23.209,180.899,0.0
N,1099,21.844,180.505,0.0
N,1100,23.551,182.278,0.0
N,1101,22.527,183.263,0.0
N,1102,24.233,185.037,0.0
N,1103,22.868,184.643,0.0
N,1104,24.575,186.416,0.0
N,1105,23.551,187.401,0.0
N,1106,25.257,189.175,0.0
N,1107,23.892,188.781,0.0
N,1108,25.598,190.554,0.0
N,1109,24.575,191.54,0.0
N,1110,26.281,193.313,0.0
N,1111,24.916,192.919,0.0
N,1112,26.622,194.693,0.0
N,1114,27.305,197.451,0.0
N,1115,25.94,197.057,0.0
N,1116,27.646,198.831,0.0
N,1117,26.622,199.816,0.0
N,1118,28.329,201.59,0.0
N,1119,26.964,201.196,0.0
N,1120,28.67,202.969,0.0
N,1121,27.646,203.954,0.0
N,1122,29.353,205.728,0.0
N,1123,27.988,205.334,0.0
N,1124,29.694,207.107,0.0
N,1125,28.67,208.093,0.0
N,1126,30.377,209.866,0.0
N,1127,29.012,209.472,0.0
N,1128,30.718,211.245,0.0
N,1129,29.694,212.231,0.0
N,1130,31.401,214.004,0.0
N,1131,30.036,213.61,0.0
N,1132,31.742,215.384,0.0
N,1133,30.718,216.369,0.0
N,1134,32.425,218.142,0.0
N,1135,31.06,217.748,0.0
N,1136,32.766,219.522,0.0
N,1137,31.742,220.507,0.0
N,1138,33.449,222.281,0.0
N,1139,32.083,221.887,0.0
N,1140,33.79,223.66,0.0
N,1141,32.766,224.645,0.0
N,1142,34.473,226.419,0.0
N,1143,33.107,226.025,0.0
N,1144,34.814,227.798,0.0
N,1145,33.79,228.784,0.0
N,1146,34.131,230.163,0.0
N,1147,34.814,232.922,0.0
N,1148,35.155,234.301,0.0
N,1149,0.0,76.852,0.0
N,1150,0.341,78.232,0.0
N,1151,1.024,80.991,0.0
N,1152,1.365,82.37,0.0
N,1153,0.341,83.355,0.0
N,1154,2.048,85.129,0.0
N,1155,0.683,84.735,0.0
N,1156,2.389,86.508,0.0
N,1157,1.365,87.493,0.0
N,1158,3.072,89.267,0.0
N,1159,1.707,88.873,0.0
N,1160,3.413,90.646,0.0
N,1161,2.389,91.632,0.0
N,1162,4.096,93.405,0.0
N,1163,2.731,93.011,0.0
N,1164,4.437,94.785,0.0
N,1165,3.413,95.77,0.0
N,1166,5.12,97.543,0.0
N,1167,3.754,97.149,0.0
N,1168,5.461,98.923,0.0
N,1169,4.437,99.908,0.0
N,1170,6.144,101.682,0.0
N,1171,4.778,101.287,0.0
N,1172,6.485,103.061,0.0
N,1173,5.461,104.046,0.0
N,1174,7.168,105.82,0.0
N,1175,5.802,105.426,0.0
N,1176,7.509,107.199,0.0
N,1177,6.485,108.184,0.0
N,1178,8.192,109.958,0.0
N,1179,6.826,109.564,0.0
N,1180,8.533,111.337,0.0
N,1181,7.509,112.323,0.0
N,1182,9.215,114.096,0.0
N,1183,7.85,113.702,0.0
N,1184,9.557,115.476,0.0
N,1185,8.533,116.461,0.0
N,1186,10.239,118.234,0.0
N,1187,8.874,117.84,0.0
N,1188,10.581,119.614,0.0
N,1189,9.557,120.599,0.0
N,1190,11.263,122.373,0.0
N,1191,9.898,121.978,0.0
N,1192,11.605,123.752,0.0
N,1193,10.581,124.737,0.0
N,1194,12.287,126.511,0.0
N,1195,10.922,126.117,0.0
N,1196,12.629,127.89,0.0
N,1197,11.605,128.875,0.0
N,1198,13.311,130.649,0.0
N,1199,11.946,130.255,0.0
N,1200,13.653,132.028,0.0
N,1201,12.629,133.014,0.0
N,1202,14.335,134.787,0.0
N,1204,14.676,136.167,0.0
N,1205,13.653,137.152,0.0
N,1206,15.359,138.925,0.0
N,1207,13.994,138.531,0.0
N,1208,15.7,140.305,0.0
N,1209,14.676,141.29,0.0
N,1210,16.383,143.064,0.0
N,1211,15.018,142.669,0.0
N,1212,16.724,144.443,0.0
N,1213,15.7,145.428,0.0
N,1214,17.407,147.202,0.0
N,1215,16.042,146.808,0.0
N,1216,17.748,148.581,0.0
N,1217,16.724,149.567,0.0
N,1218,18.431,151.34,0.0
N,1219,17.066,150.946,0.0
N,1220,18.772,152.719,0.0
N,1221,17.748,153.705,0.0
N,1222,19.455,155.478,0.0
N,1223,18.09,155.084,0.0
N,1224,19.796,156.858,0.0
N,1225,18.772,157.843,0.0
N,1226,20.479,159.616,0.0
N,1227,19.114,159.222,0.0
N,1228,20.82,160.996,0.0
N,1229,19.796,161.981,0.0
N,1230,21.503,163.755,0.0
N,1231,20.137,163.361,0.0
N,1232,21.844,165.134,0.0
N,1233,20.82,166.119,0.0
N,1234,22.527,167.893,0.0
N,1235,21.161,167.499,0.0
N,1236,22.868,169.272,0.0
N,1237,21.844,170.258,0.0
N,1238,23.551,172.031,0.0
N,1239,22.185,171.637,0.0
N,1240,23.892,173.41,0.0
N,1241,22.868,174.396,0.0
N,1242,24.575,176.169,0.0
N,1243,23.209,175.775,0.0
N,1244,24.916,177.549,0.0
N,1245,23.892,178.534,0.0
N,1246,25.598,180.307,0.0
N,1247,24.233,179.913,0.0
N,1248,25.94,181.687,0.0
N,1249,24.916,182.672,0.0
N,1250,26.622,184.446,0.0
N,1251,25.257,184.052,0.0
N,1252,26.964,185.825,0.0
N,1253,25.94,186.81,0.0
N,1254,27.646,188.584,0.0
N,1255,26.281,188.19,0.0
N,1256,27.988,189.963,0.0
N,1257,26.964,190.949,0.0
N,1258,28.67,192.722,0.0
N,1259,27.305,192.328,0.0
N,1260,29.012,194.101,0.0
N,1261,27.988,195.087,0.0
N,1262,29.694,196.86,0.0
N,1263,28.329,196.466,0.0
N,1264,30.036,198.24,0.0
N,1265,29.012,199.225,0.0
N,1266,30.718,200.998,0.0
N,1267,29.353,200.604,0.0
N,1268,31.06,202.378,0.0
N,1269,30.036,203.363,0.0
N,1270,31.742,205.137,0.0
N,1271,30.377,204.743,0.0
N,1272,32.083,206.516,0.0
N,1273,31.06,207.501,0.0
N,1274,32.766,209.275,0.0
N,1275,31.401,208.881,0.0
N,1276,33.107,210.654,0.0
N,1277,32.083,211.64,0.0
N,1278,33.79,213.413,0.0
N,1279,32.425,213.019,0.0
N,1280,34.131,214.792,0.0
N,1281,33.107,215.778,0.0
N,1282,34.814,217.551,0.0
N,1283,33.449,217.157,0.0
N,1284,35.155,218.931,0.0
N,1285,34.131,219.916,0.0
N,1286,34.473,221.295,0.0
N,1287,35.155,224.054,0.0
N,1288,0.341,67.985,0.0
N,1289,0.683,69.364,0.0
N,1290,1.365,72.123,0.0
N,1291,0.0,71.729,0.0
N,1292,1.707,73.502,0.0
N,1293,0.683,74.488,0.0
N,1294,2.389,76.261,0.0
N,1295,1.024,75.867,0.0
N,1296,2.731,77.641,0.0
N,1297,1.707,78.626,0.0
N,1298,3.413,80.399,0.0
N,1299,2.048,80.005,0.0
N,1300,3.754,81.779,0.0
N,1301,2.731,82.764,0.0
N,1302,4.437,84.538,0.0
N,1303,3.072,84.143,0.0
N,1304,4.778,85.917,0.0
N,1305,3.754,86.902,0.0
N,1306,5.461,88.676,0.0
N,1307,4.096,88.282,0.0
N,1308,5.802,90.055,0.0
N,1309,4.778,91.04,0.0
N,1310,6.485,92.814,0.0
N,1311,5.12,92.42,0.0
N,1312,6.826,94.193,0.0
N,1313,5.802,95.179,0.0
N,1314,7.509,96.952,0.0
N,1315,6.144,96.558,0.0
N,1316,7.85,98.332,0.0
N,1317,6.826,99.317,0.0
N,1318,8.533,101.09,0.0
N,1319,7.168,100.696,0.0
N,1320,8.874,102.47,0.0
N,1321,7.85,103.455,0.0
N,1322,9.557,105.229,0.0
N,1323,8.192,104.834,0.0
N,1324,9.898,106.608,0.0
N,1325,8.874,107.593,0.0
N,1326,10.581,109.367,0.0
N,1327,9.215,108.973,0.0
N,1328,10.922,110.746,0.0
N,1329,9.898,111.732,0.0
N,1330,11.605,113.505,0.0
N,1331,10.239,113.111,0.0
N,1332,11.946,114.884,0.0
N,1333,10.922,115.87,0.0
N,1334,12.629,117.643,0.0
N,1335,11.263,117.249,0.0
N,1336,12.97,119.023,0.0
N,1337,11.946,120.008,0.0
N,1338,13.653,121.781,0.0
N,1339,12.287,121.387,0.0
N,1340,13.994,123.161,0.0
N,1341,12.97,124.146,0.0
N,1342,14.676,125.92,0.0
N,1343,13.311,125.526,0.0
N,1344,15.018,127.299,0.0
N,1345,13.994,128.284,0.0
N,1346,15.7,130.058,0.0
N,1347,14.335,129.664,0.0
N,1348,16.042,131.437,0.0
N,1349,15.018,132.423,0.0
N,1350,16.724,134.196,0.0
N,1351,15.359,133.802,0.0
N,1352,17.066,135.575,0.0
N,1353,16.042,136.561,0.0
N,1354,17.748,138.334,0.0
N,1355,16.383,137.94,0.0
N,1356,18.09,139.714,0.0
N,1357,17.066,140.699,0.0
N,1358,18.772,142.472,0.0
N,1359,17.407,142.078,0.0
N,1360,19.114,143.852,0.0
N,1361,18.09,144.837,0.0
N,1362,19.796,146.611,0.0
N,1363,18.431,146.217,0.0
N,1364,20.137,147.99,0.0
N,1365,19.114,148.975,0.0
N,1366,20.82,150.749,0.0
N,1367,19.455,150.355,0.0
N,1368,21.161,152.128,0.0
N,1369,20.137,153.114,0.0
N,1370,21.844,154.887,0.0
N,1371,20.479,154.493,0.0
N,1372,22.185,156.266,0.0
N,1373,21.161,157.252,0.0
N,1374,22.868,159.025,0.0
N,1375,21.503,158.631,0.0
N,1376,23.209,160.405,0.0
N,1377,22.185,161.39,0.0
N,1378,23.892,163.163,0.0
N,1379,22.527,162.769,0.0
N,1380,24.233,164.543,0.0
N,1381,23.209,165.528,0.0
N,1382,24.916,167.302,0.0
N,1384,25.257,168.681,0.0
N,1385,24.233,169.666,0.0
N,1386,25.94,171.44,0.0
N,1387,24.575,171.046,0.0
N,1388,26.281,172.819,0.0
N,1389,25.257,173.805,0.0
N,1390,26.964,175.578,0.0
N,1391,25.598,175.184,0.0
N,1392,27.305,176.957,0.0
N,1393,26.281,177.943,0.0
N,1394,27.988,179.716,0.0
N,1395,26.622,179.322,0.0
N,1396,28.329,181.096,0.0
N,1397,27.305,182.081,0.0
N,1398,29.012,183.854,0.0
N,1399,27.646,183.46,0.0
N,1400,29.353,185.234,0.0
N,1401,28.329,186.219,0.0
N,1402,30.036,187.993,0.0
N,1403,28.67,187.599,0.0
N,1404,30.377,189.372,0.0
N,1405,29.353,190.357,0.0
N,1406,31.06,192.131,0.0
N,1408,31.401,193.51,0.0
N,1409,30.377,194.496,0.0
N,1410,32.083,196.269,0.0
N,1411,30.718,195.875,0.0
N,1412,32.425,197.648,0.0
N,1413,31.401,198.634,0.0
N,1414,33.107,200.407,0.0
N,1415,31.742,200.013,0.0
N,1416,33.449,201.787,0.0
N,1417,32.425,202.772,0.0
N,1418,34.131,204.545,0.0
N,1419,32.766,204.151,0.0
N,1420,34.473,205.925,0.0
N,1421,33.449,206.91,0.0
N,1422,35.155,208.684,0.0
N,1423,33.79,208.29,0.0
N,1424,34.473,211.048,0.0
N,1425,34.814,212.428,0.0
N,1426,0.0,56.358,0.0
N,1427,0.683,59.117,0.0
N,1428,1.024,60.497,0.0
N,1429,0.0,61.482,0.0
N,1430,1.707,63.255,0.0
N,1431,0.341,62.861,0.0
N,1432,2.048,64.635,0.0
N,1433,1.024,65.62,0.0
N,1434,2.731,67.394,0.0
N,1435,1.365,66.999,0.0
N,1436,3.072,68.773,0.0
N,1437,2.048,69.758,0.0
N,1438,3.754,71.532,0.0
N,1439,2.389,71.138,0.0
N,1440,4.096,72.911,0.0
N,1441,3.072,73.896,0.0
N,1442,4.778,75.67,0.0
N,1443,3.413,75.276,0.0
N,1444,5.12,77.049,0.0
N,1445,4.096,78.035,0.0
N,1446,5.802,79.808,0.0
N,1447,4.437,79.414,0.0
N,1448,6.144,81.188,0.0
N,1449,5.12,82.173,0.0
N,1450,6.826,83.946,0.0
N,1451,5.461,83.552,0.0
N,1452,7.168,85.326,0.0
N,1453,6.144,86.311,0.0
N,1454,7.85,88.085,0.0
N,1455,6.485,87.69,0.0
N,1456,8.192,89.464,0.0
N,1457,7.168,90.449,0.0
N,1458,8.874,92.223,0.0
N,1459,7.509,91.829,0.0
N,1460,9.215,93.602,0.0
N,1461,8.192,94.587,0.0
N,1462,9.898,96.361,0.0
N,1463,8.533,95.967,0.0
N,1464,10.239,97.74,0.0
N,1465,9.215,98.726,0.0
N,1466,10.922,100.499,0.0
N,1467,9.557,100.105,0.0
N,1468,11.263,101.879,0.0
N,1469,10.239,102.864,0.0
N,1470,11.946,104.637,0.0
N,1471,10.581,104.243,0.0
N,1472,12.287,106.017,0.0
N,1473,11.263,107.002,0.0
N,1474,12.97,108.776,0.0
N,1475,11.605,108.382,0.0
N,1476,13.311,110.155,0.0
N,1477,12.287,111.14,0.0
N,1478,13.994,112.914,0.0
N,1479,12.629,112.52,0.0
N,1480,14.335,114.293,0.0
N,1481,13.311,115.279,0.0
N,1482,15.018,117.052,0.0
N,1483,13.653,116.658,0.0
N,1484,15.359,118.431,0.0
N,1485,14.335,119.417,0.0
N,1486,16.042,121.19,0.0
N,1487,14.676,120.796,0.0
N,1488,16.383,122.57,0.0
N,1489,15.359,123.555,0.0
N,1490,17.066,125.328,0.0
N,1491,15.7,124.934,0.0
N,1492,17.407,126.708,0.0
N,1493,16.383,127.693,0.0
N,1494,18.09,129.467,0.0
N,1495,16.724,129.073,0.0
N,1496,18.431,130.846,0.0
N,1497,17.407,131.831,0.0
N,1498,19.114,133.605,0.0
N,1499,17.748,133.211,0.0
N,1500,19.455,134.984,0.0
N,1501,18.431,135.97,0.0
N,1502,20.137,137.743,0.0
N,1503,18.772,137.349,0.0
N,1504,20.479,139.122,0.0
N,1505,19.455,140.108,0.0
N,1506,21.161,141.881,0.0
N,1507,19.796,141.487,0.0
N,1508,21.503,143.261,0.0
N,1509,20.479,144.246,0.0
N,1510,22.185,146.019,0.0
N,1511,20.82,145.625,0.0
N,1512,22.527,147.399,0.0
N,1513,21.503,148.384,0.0
N,1514,23.209,150.158,0.0
N,1515,21.844,149.764,0.0
N,1516,23.551,151.537,0.0
N,1517,22.527,152.522,0.0
N,1518,24.233,154.296,0.0
N,1519,22.868,153.902,0.0
N,1520,24.575,155.675,0.0
N,1521,23.551,156.661,0.0
N,1522,25.257,158.434,0.0
N,1523,23.892,158.04,0.0
N,1524,25.598,159.813,0.0
N,1525,24.575,160.799,0.0
N,1526,26.281,162.572,0.0
N,1527,24.916,162.178,0.0
N,1528,26.622,163.952,0.0
N,1529,25.598,164.937,0.0
N,1530,27.305,166.71,0.0
N,1531,25.94,166.316,0.0
N,1532,27.646,168.09,0.0
N,1533,26.622,169.075,0.0
N,1534,28.329,170.849,0.0
N,1535,26.964,170.455,0.0
N,1536,28.67,172.228,0.0
N,1537,27.646,173.213,0.0
N,1538,29.353,174.987,0.0
N,1539,27.988,174.593,0.0
N,1540,29.694,176.366,0.0
N,1541,28.67,177.352,0.0
N,1542,30.377,179.125,0.0
N,1543,29.012,178.731,0.0
N,1544,30.718,180.505,0.0
N,1545,29.694,181.49,0.0
N,1546,31.401,183.263,0.0
N,1547,30.036,182.869,0.0
N,1548,31.742,184.643,0.0
N,1549,30.718,185.628,0.0
N,1550,32.425,187.401,0.0
N,1551,31.06,187.007,0.0
N,1552,32.766,188.781,0.0
N,1553,31.742,189.766,0.0
N,1554,33.449,191.54,0.0
N,1555,32.083,191.146,0.0
N,1556,33.79,192.919,0.0
N,1557,32.766,193.904,0.0
N,1558,34.473,195.678,0.0
N,1559,33.107,195.284,0.0
N,1560,34.814,197.057,0.0
N,1561,33.79,198.043,0.0
N,1562,34.131,199.422,0.0
N,1563,34.814,202.181,0.0
N,1564,35.155,203.56,0.0
N,1565,0.0,46.111,0.0
N,1566,0.341,47.491,0.0
N,1567,1.024,50.25,0.0
N,1568,1.365,51.629,0.0
N,1569,0.341,52.614,0.0
N,1570,2.048,54.388,0.0
N,1571,0.683,53.994,0.0
N,1572,2.389,55.767,0.0
N,1573,1.365,56.752,0.0
N,1574,3.072,58.526,0.0
N,1575,1.707,58.132,0.0
N,1576,3.413,59.905,0.0
N,1577,2.389,60.891,0.0
N,1578,4.096,62.664,0.0
N,1579,2.731,62.27,0.0
N,1580,4.437,64.044,0.0
N,1581,3.413,65.029,0.0
N,1582,5.12,66.802,0.0
N,1583,3.754,66.408,0.0
N,1585,4.437,69.167,0.0
N,1586,6.144,70.941,0.0
N,1587,4.778,70.546,0.0
N,1588,6.485,72.32,0.0
N,1589,5.461,73.305,0.0
N,1590,7.168,75.079,0.0
N,1591,5.802,74.685,0.0
N,1592,7.509,76.458,0.0
N,1593,6.485,77.444,0.0
N,1594,8.192,79.217,0.0
N,1595,6.826,78.823,0.0
N,1596,8.533,80.596,0.0
N,1597,7.509,81.582,0.0
N,1598,9.215,83.355,0.0
N,1599,7.85,82.961,0.0
N,1600,9.557,84.735,0.0
N,1601,8.533,85.72,0.0
N,1602,10.239,87.493,0.0
N,1603,8.874,87.099,0.0
N,1604,10.581,88.873,0.0
N,1605,9.557,89.858,0.0
N,1606,11.263,91.632,0.0
N,1607,9.898,91.238,0.0
N,1608,11.605,93.011,0.0
N,1609,10.581,93.996,0.0
N,1610,12.287,95.77,0.0
N,1611,10.922,95.376,0.0
N,1612,12.629,97.149,0.0
N,1613,11.605,98.135,0.0
N,1614,13.311,99.908,0.0
N,1615,11.946,99.514,0.0
N,1616,13.653,101.287,0.0
N,1617,12.629,102.273,0.0
N,1618,14.335,104.046,0.0
N,1619,12.97,103.652,0.0
N,1621,13.653,106.411,0.0
N,1622,15.359,108.184,0.0
N,1623,13.994,107.79,0.0
N,1624,15.7,109.564,0.0
N,1625,14.676,110.549,0.0
N,1626,16.383,112.323,0.0
N,1627,15.018,111.929,0.0
N,1628,16.724,113.702,0.0
N,1629,15.7,114.687,0.0
N,1630,17.407,116.461,0.0
N,1631,16.042,116.067,0.0
N,1632,17.748,117.84,0.0
N,1633,16.724,118.826,0.0
N,1634,18.431,120.599,0.0
N,1635,17.066,120.205,0.0
N,1636,18.772,121.978,0.0
N,1637,17.748,122.964,0.0
N,1638,19.455,124.737,0.0
N,1639,18.09,124.343,0.0
N,1640,19.796,126.117,0.0
N,1641,18.772,127.102,0.0
N,1642,20.479,128.875,0.0
N,1643,19.114,128.481,0.0
N,1644,20.82,130.255,0.0
N,1645,19.796,131.24,0.0
N,1646,21.503,133.014,0.0
N,1647,20.137,132.62,0.0
N,1648,21.844,134.393,0.0
N,1649,20.82,135.378,0.0
N,1650,22.527,137.152,0.0
N,1651,21.161,136.758,0.0
N,1652,22.868,138.531,0.0
N,1653,21.844,139.517,0.0
N,1654,23.551,141.29,0.0
N,1655,22.185,140.896,0.0
N,1656,23.892,142.669,0.0
N,1657,22.868,143.655,0.0
N,1658,24.575,145.428,0.0
N,1659,23.209,145.034,0.0
N,1660,24.916,146.808,0.0
N,1661,23.892,147.793,0.0
N,1662,25.598,149.567,0.0
N,1663,24.233,149.172,0.0
N,1664,25.94,150.946,0.0
N,1665,24.916,151.931,0.0
N,1666,26.622,153.705,0.0
N,1667,25.257,153.311,0.0
N,1668,26.964,155.084,0.0
N,1669,25.94,156.069,0.0
N,1670,27.646,157.843,0.0
N,1671,26.281,157.449,0.0
N,1672,27.988,159.222,0.0
N,1673,26.964,160.208,0.0
N,1674,28.67,161.981,0.0
N,1675,27.305,161.587,0.0
N,1676,29.012,163.361,0.0
N,1677,27.988,164.346,0.0
N,1678,29.694,166.119,0.0
N,1679,28.329,165.725,0.0
N,1680,30.036,167.499,0.0
N,1681,29.012,168.484,0.0
N,1682,30.718,170.258,0.0
N,1683,29.353,169.863,0.0
N,1684,31.06,171.637,0.0
N,1685,30.036,172.622,0.0
N,1686,31.742,174.396,0.0
N,1687,30.377,174.002,0.0
N,1688,32.083,175.775,0.0
N,1689,31.06,176.76,0.0
N,1690,32.766,178.534,0.0
N,1691,31.401,178.14,0.0
N,1692,33.107,179.913,0.0
N,1693,32.083,180.899,0.0
N,1694,33.79,182.672,0.0
N,1695,32.425,182.278,0.0
N,1696,34.131,184.052,0.0
N,1697,33.107,185.037,0.0
N,1698,34.814,186.81,0.0
N,1699,33.449,186.416,0.0
N,1700,35.155,188.19,0.0
N,1701,34.131,189.175,0.0
N,1702,34.473,190.554,0.0
N,1703,35.155,193.313,0.0
N,1704,0.341,37.244,0.0
N,1705,0.683,38.623,0.0
N,1706,1.365,41.382,0.0
N,1707,0.0,40.988,0.0
N,1708,1.707,42.761,0.0
N,1709,0.683,43.747,0.0
N,1710,2.389,45.52,0.0
N,1711,1.024,45.126,0.0
N,1712,2.731,46.9,0.0
N,1713,1.707,47.885,0.0
N,1714,3.413,49.658,0.0
N,1715,2.048,49.264,0.0
N,1716,3.754,51.038,0.0
N,1717,2.731,52.023,0.0
N,1718,4.437,53.797,0.0
N,1719,3.072,53.403,0.0
N,1720,4.778,55.176,0.0
N,1721,3.754,56.161,0.0
N,1722,5.461,57.935,0.0
N,1723,4.096,57.541,0.0
N,1724,5.802,59.314,0.0
N,1725,4.778,60.3,0.0
N,1726,6.485,62.073,0.0
N,1727,5.12,61.679,0.0
N,1728,6.826,63.452,0.0
N,1729,5.802,64.438,0.0
N,1730,7.509,66.211,0.0
N,1731,6.144,65.817,0.0
N,1732,7.85,67.591,0.0
N,1733,6.826,68.576,0.0
N,1734,8.533,70.349,0.0
N,1735,7.168,69.955,0.0
N,1736,8.874,71.729,0.0
N,1737,7.85,72.714,0.0
N,1738,9.557,74.488,0.0
N,1739,8.192,74.094,0.0
N,1740,9.898,75.867,0.0
N,1741,8.874,76.852,0.0
N,1742,10.581,78.626,0.0
N,1743,9.215,78.232,0.0
N,1744,10.922,80.005,0.0
N,1745,9.898,80.991,0.0
N,1746,11.605,82.764,0.0
N,1747,10.239,82.37,0.0
N,1748,11.946,84.143,0.0
N,1749,10.922,85.129,0.0
N,1750,12.629,86.902,0.0
N,1751,11.263,86.508,0.0
N,1752,12.97,88.282,0.0
N,1753,11.946,89.267,0.0
N,1754,13.653,91.04,0.0
N,1755,12.287,90.646,0.0
N,1756,13.994,92.42,0.0
N,1757,12.97,93.405,0.0
N,1758,14.676,95.179,0.0
N,1759,13.311,94.785,0.0
N,1760,15.018,96.558,0.0
N,1761,13.994,97.543,0.0
N,1762,15.7,99.317,0.0
N,1763,14.335,98.923,0.0
N,1764,16.042,100.696,0.0
N,1765,15.018,101.682,0.0
N,1766,16.724,103.455,0.0
N,1767,15.359,103.061,0.0
N,1768,17.066,104.834,0.0
N,1769,16.042,105.82,0.0
N,1770,17.748,107.593,0.0
N,1771,16.383,107.199,0.0
N,1772,18.09,108.973,0.0
N,1773,17.066,109.958,0.0
N,1774,18.772,111.732,0.0
N,1775,17.407,111.337,0.0
N,1776,19.114,113.111,0.0
N,1777,18.09,114.096,0.0
N,1778,19.796,115.87,0.0
N,1779,18.431,115.476,0.0
N,1780,20.137,117.249,0.0
N,1781,19.114,118.234,0.0
N,1782,20.82,120.008,0.0
N,1783,19.455,119.614,0.0
N,1784,21.161,121.387,0.0
N,1785,20.137,122.373,0.0
N,1786,21.844,124.146,0.0
N,1787,20.479,123.752,0.0
N,1788,22.185,125.526,0.0
N,1789,21.161,126.511,0.0
N,1790,22.868,128.284,0.0
N,1791,21.503,127.89,0.0
N,1792,23.209,129.664,0.0
N,1793,22.185,130.649,0.0
N,1794,23.892,132.423,0.0
N,1795,22.527,132.028,0.0
N,1796,24.233,133.802,0.0
N,1797,23.209,134.787,0.0
N,1798,24.916,136.561,0.0
N,1799,23.551,136.167,0.0
N,1800,25.257,137.94,0.0
N,1801,24.233,138.925,0.0
N,1802,25.94,140.699,0.0
N,1803,24.575,140.305,0.0
N,1804,26.281,142.078,0.0
N,1805,25.257,143.064,0.0
N,1806,26.964,144.837,0.0
N,1807,25.598,144.443,0.0
N,1808,27.305,146.217,0.0
N,1809,26.281,147.202,0.0
N,1810,27.988,148.975,0.0
N,1811,26.622,148.581,0.0
N,1812,28.329,150.355,0.0
N,1813,27.305,151.34,0.0
N,1814,29.012,153.114,0.0
N,1815,27.646,152.719,0.0
N,1816,29.353,154.493,0.0
N,1817,28.329,155.478,0.0
N,1818,30.036,157.252,0.0
N,1819,28.67,156.858,0.0
N,1820,30.377,158.631,0.0
N,1821,29.353,159.616,0.0
N,1822,31.06,161.39,0.0
N,1823,29.694,160.996,0.0
N,1824,31.401,162.769,0.0
N,1825,30.377,163.755,0.0
N,1826,32.083,165.528,0.0
N,1827,30.718,165.134,0.0
N,1828,32.425,166.908,0.0
N,1829,31.401,167.893,0.0
N,1830,33.107,169.666,0.0
N,1831,31.742,169.272,0.0
N,1832,33.449,171.046,0.0
N,1833,32.425,172.031,0.0
N,1834,34.131,173.805,0.0
N,1835,32.766,173.41,0.0
N,1836,34.473,175.184,0.0
N,1837,33.449,176.169,0.0
N,1838,35.155,177.943,0.0
N,1839,33.79,177.549,0.0
N,1840,34.473,180.307,0.0
N,1841,34.814,181.687,0.0
N,1842,0.0,25.617,0.0
N,1843,0.683,28.376,0.0
N,1844,1.024,29.756,0.0
N,1845,0.0,30.741,0.0
N,1846,1.707,32.514,0.0
N,1847,0.341,32.12,0.0
N,1848,2.048,33.894,0.0
N,1849,1.024,34.879,0.0
N,1850,2.731,36.653,0.0
N,1851,1.365,36.259,0.0
N,1852,3.072,38.032,0.0
N,1853,2.048,39.017,0.0
N,1854,3.754,40.791,0.0
N,1855,2.389,40.397,0.0
N,1856,4.096,42.17,0.0
N,1857,3.072,43.156,0.0
N,1858,4.778,44.929,0.0
N,1859,3.413,44.535,0.0
N,1860,5.12,46.308,0.0
N,1861,4.096,47.294,0.0
N,1862,5.802,49.067,0.0
N,1863,4.437,48.673,0.0
N,1864,6.144,50.447,0.0
N,1865,5.12,51.432,0.0
N,1866,6.826,53.205,0.0
N,1867,5.461,52.811,0.0
N,1868,7.168,54.585,0.0
N,1869,6.144,55.57,0.0
N,1870,7.85,57.344,0.0
N,1871,6.485,56.95,0.0
N,1872,8.192,58.723,0.0
N,1873,7.168,59.708,0.0
N,1874,8.874,61.482,0.0
N,1875,7.509,61.088,0.0
N,1876,9.215,62.861,0.0
N,1877,8.192,63.847,0.0
N,1878,9.898,65.62,0.0
N,1879,8.533,65.226,0.0
N,1880,10.239,66.999,0.0
N,1881,9.215,67.985,0.0
N,1882,10.922,69.758,0.0
N,1883,9.557,69.364,0.0
N,1884,11.263,71.138,0.0
N,1885,10.239,72.123,0.0
N,1886,11.946,73.896,0.0
N,1887,10.581,73.502,0.0
N,1888,12.287,75.276,0.0
N,1889,11.263,76.261,0.0
N,1890,12.97,78.035,0.0
N,1891,11.605,77.641,0.0
N,1892,13.311,79.414,0.0
N,1894,13.994,82.173,0.0
N,1895,12.629,81.779,0.0
N,1897,13.311,84.538,0.0
N,1898,15.018,86.311,0.0
N,1899,13.653,85.917,0.0
N,1900,15.359,87.69,0.0
N,1902,16.042,90.449,0.0
N,1903,14.676,90.055,0.0
N,1904,16.383,91.829,0.0
N,1905,15.359,92.814,0.0
N,1906,17.066,94.587,0.0
N,1907,15.7,94.193,0.0
N,1908,17.407,95.967,0.0
N,1909,16.383,96.952,0.0
N,1910,18.09,98.726,0.0
N,1911,16.724,98.332,0.0
N,1912,18.431,100.105,0.0
N,1913,17.407,101.09,0.0
N,1914,19.114,102.864,0.0
N,1915,17.748,102.47,0.0
N,1916,19.455,104.243,0.0
N,1917,18.431,105.229,0.0
N,1918,20.137,107.002,0.0
N,1919,18.772,106.608,0.0
N,1920,20.479,108.382,0.0
N,1921,19.455,109.367,0.0
N,1922,21.161,111.14,0.0
N,1923,19.796,110.746,0.0
N,1925,20.479,113.505,0.0
N,1926,22.185,115.279,0.0
N,1927,20.82,114.884,0.0
N,1928,22.527,116.658,0.0
N,1929,21.503,117.643,0.0
N,1930,23.209,119.417,0.0
N,1931,21.844,119.023,0.0
N,1932,23.551,120.796,0.0
N,1933,22.527,121.781,0.0
N,1934,24.233,123.555,0.0
N,1935,22.868,123.161,0.0
N,1936,24.575,124.934,0.0
N,1937,23.551,125.92,0.0
N,1938,25.257,127.693,0.0
N,1939,23.892,127.299,0.0
N,1940,25.598,129.073,0.0
N,1941,24.575,130.058,0.0
N,1942,26.281,131.831,0.0
N,1943,24.916,131.437,0.0
N,1944,26.622,133.211,0.0
N,1945,25.598,134.196,0.0
N,1946,27.305,135.97,0.0
N,1947,25.94,135.575,0.0
N,1948,27.646,137.349,0.0
N,1949,26.622,138.334,0.0
N,1950,28.329,140.108,0.0
N,1951,26.964,139.714,0.0
N,1952,28.67,141.487,0.0
N,1953,27.646,142.472,0.0
N,1954,29.353,144.246,0.0
N,1955,27.988,143.852,0.0
N,1956,29.694,145.625,0.0
N,1958,30.377,148.384,0.0
N,1959,29.012,147.99,0.0
N,1960,30.718,149.764,0.0
N,1961,29.694,150.749,0.0
N,1962,31.401,152.522,0.0
N,1963,30.036,152.128,0.0
N,1964,31.742,153.902,0.0
N,1965,30.718,154.887,0.0
N,1966,32.425,156.661,0.0
N,1967,31.06,156.266,0.0
N,1968,32.766,158.04,0.0
N,1969,31.742,159.025,0.0
N,1970,33.449,160.799,0.0
N,1971,32.083,160.405,0.0
N,1972,33.79,162.178,0.0
N,1973,32.766,163.163,0.0
N,1974,34.473,164.937,0.0
N,1975,33.107,164.543,0.0
N,1976,34.814,166.316,0.0
N,1977,33.79,167.302,0.0
N,1978,34.131,168.681,0.0
N,1979,34.814,171.44,0.0
N,1980,35.155,172.819,0.0
N,1981,0.0,15.37,0.0
N,1982,0.341,16.75,0.0
N,1983,1.024,19.509,0.0
N,1984,1.365,20.888,0.0
N,1985,0.341,21.873,0.0
N,1986,2.048,23.647,0.0
N,1987,0.683,23.253,0.0
N,1988,2.389,25.026,0.0
N,1989,1.365,26.012,0.0
N,1990,3.072,27.785,0.0
N,1991,1.707,27.391,0.0
N,1992,3.413,29.164,0.0
N,1993,2.389,30.15,0.0
N,1994,4.096,31.923,0.0
N,1995,2.731,31.529,0.0
N,1996,4.437,33.303,0.0
N,1997,3.413,34.288,0.0
N,1998,5.12,36.061,0.0
N,1999,3.754,35.667,0.0
N,2000,5.461,37.441,0.0
N,2001,4.437,38.426,0.0
N,2002,6.144,40.2,0.0
N,2003,4.778,39.806,0.0
N,2004,6.485,41.579,0.0
N,2005,5.461,42.564,0.0
N,2006,7.168,44.338,0.0
N,2007,5.802,43.944,0.0
N,2008,7.509,45.717,0.0
N,2009,6.485,46.703,0.0
N,2010,8.192,48.476,0.0
N,2011,6.826,48.082,0.0
N,2012,8.533,49.855,0.0
N,2013,7.509,50.841,0.0
N,2014,9.215,52.614,0.0
N,2015,7.85,52.22,0.0
N,2017,8.533,54.979,0.0
N,2018,10.239,56.752,0.0
N,2019,8.874,56.358,0.0
N,2020,10.581,58.132,0.0
N,2021,9.557,59.117,0.0
N,2022,11.263,60.891,0.0
N,2023,9.898,60.497,0.0
N,2024,11.605,62.27,0.0
N,2025,10.581,63.255,0.0
N,2026,12.287,65.029,0.0
N,2027,10.922,64.635,0.0
N,2028,12.629,66.408,0.0
N,2029,11.605,67.394,0.0
N,2030,13.311,69.167,0.0
N,2031,11.946,68.773,0.0
N,2032,13.653,70.546,0.0
N,2033,12.629,71.532,0.0
N,2034,14.335,73.305,0.0
N,2035,12.97,72.911,0.0
N,2036,14.676,74.685,0.0
N,2037,13.653,75.67,0.0
N,2038,15.359,77.444,0.0
N,2039,13.994,77.049,0.0
N,2040,15.7,78.823,0.0
N,2041,14.676,79.808,0.0
N,2042,16.383,81.582,0.0
N,2043,15.018,81.188,0.0
N,2044,16.724,82.961,0.0
N,2045,15.7,83.946,0.0
N,2046,17.407,85.72,0.0
N,2047,16.042,85.326,0.0
N,2048,17.748,87.099,0.0
N,2049,16.724,88.085,0.0
N,2050,18.431,89.858,0.0
N,2051,17.066,89.464,0.0
N,2052,18.772,91.238,0.0
N,2053,17.748,92.223,0.0
N,2054,19.455,93.996,0.0
N,2055,18.09,93.602,0.0
N,2056,19.796,95.376,0.0
N,2057,18.772,96.361,0.0
N,2058,20.479,98.135,0.0
N,2059,19.114,97.74,0.0
N,2060,20.82,99.514,0.0
N,2061,19.796,100.499,0.0
N,2062,21.503,102.273,0.0
N,2063,20.137,101.879,0.0
N,2064,21.844,103.652,0.0
N,2065,20.82,104.637,0.0
N,2066,22.527,106.411,0.0
N,2067,21.161,106.017,0.0
N,2068,22.868,107.79,0.0
N,2069,21.844,108.776,0.0
N,2070,23.551,110.549,0.0
N,2071,22.185,110.155,0.0
N,2072,23.892,111.929,0.0
N,2073,22.868,112.914,0.0
N,2074,24.575,114.687,0.0
N,2075,23.209,114.293,0.0
N,2076,24.916,116.067,0.0
N,2077,23.892,117.052,0.0
N,2078,25.598,118.826,0.0
N,2079,24.233,118.431,0.0
N,2080,25.94,120.205,0.0
N,2081,24.916,121.19,0.0
N,2082,26.622,122.964,0.0
N,2083,25.257,122.57,0.0
N,2084,26.964,124.343,0.0
N,2085,25.94,125.328,0.0
N,2086,27.646,127.102,0.0
N,2087,26.281,126.708,0.0
N,2088,27.988,128.481,0.0
N,2089,26.964,129.467,0.0
N,2090,28.67,131.24,0.0
N,2091,27.305,130.846,0.0
N,2092,29.012,132.62,0.0
N,2093,27.988,133.605,0.0
N,2094,29.694,135.378,0.0
N,2095,28.329,134.984,0.0
N,2096,30.036,136.758,0.0
N,2097,29.012,137.743,0.0
N,2098,30.718,139.517,0.0
N,2099,29.353,139.122,0.0
N,2101,30.036,141.881,0.0
N,2102,31.742,143.655,0.0
N,2103,30.377,143.261,0.0
N,2104,32.083,145.034,0.0
N,2105,31.06,146.019,0.0
N,2106,32.766,147.793,0.0
N,2107,31.401,147.399,0.0
N,2108,33.107,149.172,0.0
N,2109,32.083,150.158,0.0
N,2110,33.79,151.931,0.0
N,2111,32.425,151.537,0.0
N,2112,34.131,153.311,0.0
N,2113,33.107,154.296,0.0
N,2114,34.814,156.069,0.0
N,2115,33.449,155.675,0.0
N,2116,35.155,157.449,0.0
N,2117,34.131,158.434,0.0
N,2118,34.473,159.813,0.0
N,2119,35.155,162.572,0.0
N,2120,0.341,6.503,0.0
N,2121,0.683,7.882,0.0
N,2122,1.365,10.641,0.0
N,2123,0.0,10.247,0.0
N,2124,1.707,12.02,0.0
N,2125,0.683,13.006,0.0
N,2126,2.389,14.779,0.0
N,2127,1.024,14.385,0.0
N,2128,2.731,16.159,0.0
N,2129,1.707,17.144,0.0
N,2130,3.413,18.918,0.0
N,2131,2.048,18.523,0.0
N,2132,3.754,20.297,0.0
N,2133,2.731,21.282,0.0
N,2134,4.437,23.056,0.0
N,2135,3.072,22.662,0.0
N,2136,4.778,24.435,0.0
N,2137,3.754,25.42,0.0
N,2138,5.461,27.194,0.0
N,2139,4.096,26.8,0.0
N,2140,5.802,28.573,0.0
N,2141,4.778,29.559,0.0
N,2142,6.485,31.332,0.0
N,2143,5.12,30.938,0.0
N,2144,6.826,32.712,0.0
N,2145,5.802,33.697,0.0
N,2146,7.509,35.47,0.0
N,2147,6.144,35.076,0.0
N,2148,7.85,36.85,0.0
N,2149,6.826,37.835,0.0
N,2150,8.533,39.609,0.0
N,2151,7.168,39.214,0.0
N,2152,8.874,40.988,0.0
N,2153,7.85,41.973,0.0
N,2154,9.557,43.747,0.0
N,2155,8.192,43.353,0.0
N,2156,9.898,45.126,0.0
N,2157,8.874,46.111,0.0
N,2158,10.581,47.885,0.0
N,2159,9.215,47.491,0.0
N,2160,10.922,49.264,0.0
N,2161,9.898,50.25,0.0
N,2162,11.605,52.023,0.0
N,2163,10.239,51.629,0.0
N,2164,11.946,53.403,0.0
N,2165,10.922,54.388,0.0
N,2166,12.629,56.161,0.0
N,2167,11.263,55.767,0.0
N,2168,12.97,57.541,0.0
N,2169,11.946,58.526,0.0
N,2170,13.653,60.3,0.0
N,2171,12.287,59.905,0.0
N,2172,13.994,61.679,0.0
N,2173,12.97,62.664,0.0
N,2174,14.676,64.438,0.0
N,2175,13.311,64.044,0.0
N,2176,15.018,65.817,0.0
N,2177,13.994,66.802,0.0
N,2178,15.7,68.576,0.0
N,2179,14.335,68.182,0.0
N,2180,16.042,69.955,0.0
N,2181,15.018,70.941,0.0
N,2182,16.724,72.714,0.0
N,2183,15.359,72.32,0.0
N,2184,17.066,74.094,0.0
N,2185,16.042,75.079,0.0
N,2186,17.748,76.852,0.0
N,2187,16.383,76.458,0.0
N,2188,18.09,78.232,0.0
N,2189,17.066,79.217,0.0
N,2190,18.772,80.991,0.0
N,2191,17.407,80.596,0.0
N,2192,19.114,82.37,0.0
N,2193,18.09,83.355,0.0
N,2194,19.796,85.129,0.0
N,2195,18.431,84.735,0.0
N,2196,20.137,86.508,0.0
N,2197,19.114,87.493,0.0
N,2198,20.82,89.267,0.0
N,2199,19.455,88.873,0.0
N,2200,21.161,90.646,0.0
N,2201,20.137,91.632,0.0
N,2202,21.844,93.405,0.0
N,2203,20.479,93.011,0.0
N,2204,22.185,94.785,0.0
N,2205,21.161,95.77,0.0
N,2206,22.868,97.543,0.0
N,2207,21.503,97.149,0.0
N,2208,23.209,98.923,0.0
N,2209,22.185,99.908,0.0
N,2210,23.892,101.682,0.0
N,2211,22.527,101.287,0.0
N,2212,24.233,103.061,0.0
N,2213,23.209,104.046,0.0
N,2214,24.916,105.82,0.0
N,2215,23.551,105.426,0.0
N,2216,25.257,107.199,0.0
N,2217,24.233,108.184,0.0
N,2218,25.94,109.958,0.0
N,2219,24.575,109.564,0.0
N,2220,26.281,111.337,0.0
N,2221,25.257,112.323,0.0
N,2222,26.964,114.096,0.0
N,2223,25.598,113.702,0.0
N,2224,27.305,115.476,0.0
N,2225,26.281,116.461,0.0
N,2226,27.988,118.234,0.0
N,2227,26.622,117.84,0.0
N,2228,28.329,119.614,0.0
N,2229,27.305,120.599,0.0
N,2230,29.012,122.373,0.0
N,2231,27.646,121.978,0.0
N,2232,29.353,123.752,0.0
N,2233,28.329,124.737,0.0
N,2234,30.036,126.511,0.0
N,2235,28.67,126.117,0.0
N,2236,30.377,127.89,0.0
N,2237,29.353,128.875,0.0
N,2238,31.06,130.649,0.0
N,2239,29.694,130.255,0.0
N,2240,31.401,132.028,0.0
N,2241,30.377,133.014,0.0
N,2242,32.083,134.787,0.0
N,2243,30.718,134.393,0.0
N,2244,32.425,136.167,0.0
N,2245,31.401,137.152,0.0
N,2246,33.107,138.925,0.0
N,2247,31.742,138.531,0.0
N,2248,33.449,140.305,0.0
N,2249,32.425,141.29,0.0
N,2250,34.131,143.064,0.0
N,2251,32.766,142.669,0.0
N,2252,34.473,144.443,0.0
N,2253,33.449,145.428,0.0
N,2254,35.155,147.202,0.0
N,2255,33.79,146.808,0.0
N,2256,34.473,149.567,0.0
N,2257,34.814,150.946,0.0
N,2258,0.0,0.0,0.0
N,2259,1.707,1.774,0.0
N,2260,0.341,1.379,0.0
N,2261,2.048,3.153,0.0
N,2262,1.024,4.138,0.0
N,2263,2.731,5.912,0.0
N,2264,1.365,5.518,0.0
N,2265,3.072,7.291,0.0
N,2266,2.048,8.276,0.0
N,2267,3.754,10.05,0.0
N,2268,2.389,9.656,0.0
N,2269,4.096,11.429,0.0
N,2270,3.072,12.415,0.0
N,2271,4.778,14.188,0.0
N,2272,3.413,13.794,0.0
N,2273,5.12,15.568,0.0
N,2274,4.096,16.553,0.0
N,2275,5.802,18.326,0.0
N,2276,4.437,17.932,0.0
N,2277,6.144,19.706,0.0
N,2278,5.12,20.691,0.0
N,2279,6.826,22.465,0.0
N,2280,5.461,22.07,0.0
N,2281,7.168,23.844,0.0
N,2282,6.144,24.829,0.0
N,2283,7.85,26.603,0.0
N,2284,6.485,26.209,0.0
N,2285,8.192,27.982,0.0
N,2286,7.168,28.967,0.0
N,2287,8.874,30.741,0.0
N,2288,7.509,30.347,0.0
N,2289,9.215,32.12,0.0
N,2290,8.192,33.106,0.0
N,2291,9.898,34.879,0.0
N,2292,8.533,34.485,0.0
N,2293,10.239,36.259,0.0
N,2294,9.215,37.244,0.0
N,2295,10.922,39.017,0.0
N,2296,9.557,38.623,0.0
N,2297,11.263,40.397,0.0
N,2298,10.239,41.382,0.0
N,2299,11.946,43.156,0.0
N,2300,10.581,42.761,0.0
N,2301,12.287,44.535,0.0
N,2302,11.263,45.52,0.0
N,2303,12.97,47.294,0.0
N,2304,11.605,46.9,0.0
N,2306,12.287,49.658,0.0
N,2307,13.994,51.432,0.0
N,2308,12.629,51.038,0.0
N,2309,14.335,52.811,0.0
N,2310,13.311,53.797,0.0
N,2311,15.018,55.57,0.0
N,2312,13.653,55.176,0.0
N,2313,15.359,56.95,0.0
N,2314,14.335,57.935,0.0
N,2315,16.042,59.708,0.0
N,2316,14.676,59.314,0.0
N,2317,16.383,61.088,0.0
N,2318,15.359,62.073,0.0
N,2319,17.066,63.847,0.0
N,2320,15.7,63.452,0.0
N,2321,17.407,65.226,0.0
N,2322,16.383,66.211,0.0
N,2323,18.09,67.985,0.0
N,2324,16.724,67.591,0.0
N,2325,18.431,69.364,0.0
N,2326,17.407,70.349,0.0
N,2327,19.114,72.123,0.0
N,2328,17.748,71.729,0.0
N,2329,19.455,73.502,0.0
N,2330,18.431,74.488,0.0
N,2331,20.137,76.261,0.0
N,2332,18.772,75.867,0.0
N,2333,20.479,77.641,0.0
N,2334,19.455,78.626,0.0
N,2335,21.161,80.399,0.0
N,2336,19.796,80.005,0.0
N,2337,21.503,81.779,0.0
N,2338,20.479,82.764,0.0
N,2339,22.185,84.538,0.0
N,2340,20.82,84.143,0.0
N,2341,22.527,85.917,0.0
N,2342,21.503,86.902,0.0
N,2343,23.209,88.676,0.0
N,2344,21.844,88.282,0.0
N,2345,23.551,90.055,0.0
N,2346,22.527,91.04,0.0
N,2347,24.233,92.814,0.0
N,2348,22.868,92.42,0.0
N,2349,24.575,94.193,0.0
N,2350,23.551,95.179,0.0
N,2351,25.257,96.952,0.0
N,2352,23.892,96.558,0.0
N,2353,25.598,98.332,0.0
N,2354,24.575,99.317,0.0
N,2355,26.281,101.09,0.0
N,2356,24.916,100.696,0.0
N,2357,26.622,102.47,0.0
N,2358,25.598,103.455,0.0
N,2359,27.305,105.229,0.0
N,2360,25.94,104.834,0.0
N,2361,27.646,106.608,0.0
N,2362,26.622,107.593,0.0
N,2363,28.329,109.367,0.0
N,2364,26.964,108.973,0.0
N,2365,28.67,110.746,0.0
N,2366,27.646,111.732,0.0
N,2367,29.353,113.505,0.0
N,2368,27.988,113.111,0.0
N,2369,29.694,114.884,0.0
N,2370,28.67,115.87,0.0
N,2371,30.377,117.643,0.0
N,2372,29.012,117.249,0.0
N,2373,30.718,119.023,0.0
N,2374,29.694,120.008,0.0
N,2375,31.401,121.781,0.0
N,2376,30.036,121.387,0.0
N,2377,31.742,123.161,0.0
N,2378,30.718,124.146,0.0
N,2379,32.425,125.92,0.0
N,2380,31.06,125.526,0.0
N,2381,32.766,127.299,0.0
N,2382,31.742,128.284,0.0
N,2383,33.449,130.058,0.0
N,2384,32.083,129.664,0.0
N,2385,33.79,131.437,0.0
N,2386,32.766,132.423,0.0
N,2387,34.473,134.196,0.0
N,2388,33.107,133.802,0.0
N,2389,34.814,135.575,0.0
N,2390,33.79,136.561,0.0
N,2391,34.131,137.94,0.0
N,2392,34.814,140.699,0.0
N,2393,35.155,142.078,0.0
N,2394,4.096,1.182,0.0
N,2395,2.731,0.788,0.0
N,2396,4.437,2.562,0.0
N,2397,3.413,3.547,0.0
N,2398,5.12,5.321,0.0
N,2399,3.754,4.926,0.0
N,2400,5.461,6.7,0.0
N,2401,4.437,7.685,0.0
N,2402,6.144,9.459,0.0
N,2403,4.778,9.065,0.0
N,2404,6.485,10.838,0.0
N,2405,5.461,11.823,0.0
N,2406,7.168,13.597,0.0
N,2407,5.802,13.203,0.0
N,2408,7.509,14.976,0.0
N,2409,6.485,15.962,0.0
N,2410,8.192,17.735,0.0
N,2411,6.826,17.341,0.0
N,2412,8.533,19.115,0.0
N,2413,7.509,20.1,0.0
N,2414,9.215,21.873,0.0
N,2415,7.85,21.479,0.0
N,2416,9.557,23.253,0.0
N,2417,8.533,24.238,0.0
N,2418,10.239,26.012,0.0
N,2419,8.874,25.617,0.0
N,2420,10.581,27.391,0.0
N,2421,9.557,28.376,0.0
N,2422,11.263,30.15,0.0
N,2423,9.898,29.756,0.0
N,2424,11.605,31.529,0.0
N,2425,10.581,32.514,0.0
N,2426,12.287,34.288,0.0
N,2427,10.922,33.894,0.0
N,2428,12.629,35.667,0.0
N,2429,11.605,36.653,0.0
N,2430,13.311,38.426,0.0
N,2431,11.946,38.032,0.0
N,2432,13.653,39.806,0.0
N,2433,12.629,40.791,0.0
N,2434,14.335,42.564,0.0
N,2435,12.97,42.17,0.0
N,2436,14.676,43.944,0.0
N,2437,13.653,44.929,0.0
N,2438,15.359,46.703,0.0
N,2439,13.994,46.308,0.0
N,2440,15.7,48.082,0.0
N,2441,14.676,49.067,0.0
N,2442,16.383,50.841,0.0
N,2444,16.724,52.22,0.0
N,2445,15.7,53.205,0.0
N,2446,17.407,54.979,0.0
N,2447,16.042,54.585,0.0
N,2448,17.748,56.358,0.0
N,2449,16.724,57.344,0.0
N,2450,18.431,59.117,0.0
N,2451,17.066,58.723,0.0
N,2452,18.772,60.497,0.0
N,2453,17.748,61.482,0.0
N,2454,19.455,63.255,0.0
N,2455,18.09,62.861,0.0
N,2456,19.796,64.635,0.0
N,2457,18.772,65.62,0.0
N,2458,20.479,67.394,0.0
N,2459,19.114,66.999,0.0
N,2460,20.82,68.773,0.0
N,2461,19.796,69.758,0.0
N,2462,21.503,71.532,0.0
N,2463,20.137,71.138,0.0
N,2464,21.844,72.911,0.0
N,2465,20.82,73.896,0.0
N,2466,22.527,75.67,0.0
N,2467,21.161,75.276,0.0
N,2468,22.868,77.049,0.0
N,2469,21.844,78.035,0.0
N,2470,23.551,79.808,0.0
N,2471,22.185,79.414,0.0
N,2472,23.892,81.188,0.0
N,2473,22.868,82.173,0.0
N,2474,24.575,83.946,0.0
N,2475,23.209,83.552,0.0
N,2476,24.916,85.326,0.0
N,2477,23.892,86.311,0.0
N,2478,25.598,88.085,0.0
N,2479,24.233,87.69,0.0
N,2480,25.94,89.464,0.0
N,2481,24.916,90.449,0.0
N,2482,26.622,92.223,0.0
N,2483,25.257,91.829,0.0
N,2484,26.964,93.602,0.0
N,2485,25.94,94.587,0.0
N,2486,27.646,96.361,0.0
N,2487,26.281,95.967,0.0
N,2488,27.988,97.74,0.0
N,2489,26.964,98.726,0.0
N,2490,28.67,100.499,0.0
N,2491,27.305,100.105,0.0
N,2492,29.012,101.879,0.0
N,2493,27.988,102.864,0.0
N,2494,29.694,104.637,0.0
N,2495,28.329,104.243,0.0
N,2496,30.036,106.017,0.0
N,2497,29.012,107.002,0.0
N,2498,30.718,108.776,0.0
N,2499,29.353,108.382,0.0
N,2500,31.06,110.155,0.0
N,2501,30.036,111.14,0.0
N,2502,31.742,112.914,0.0
N,2503,30.377,112.52,0.0
N,2504,32.083,114.293,0.0
N,2505,31.06,115.279,0.0
N,2506,32.766,117.052,0.0
N,2507,31.401,116.658,0.0
N,2508,33.107,118.431,0.0
N,2509,32.083,119.417,0.0
N,2510,33.79,121.19,0.0
N,2511,32.425,120.796,0.0
N,2512,34.131,122.57,0.0
N,2513,33.107,123.555,0.0
N,2514,34.814,125.328,0.0
N,2515,33.449,124.934,0.0
N,2516,35.155,126.708,0.0
N,2517,34.131,127.693,0.0
N,2518,34.473,129.073,0.0
N,2520,6.485,0.591,0.0
N,2521,5.12,0.197,0.0
N,2522,6.826,1.971,0.0
N,2523,5.802,2.956,0.0
N,2524,7.509,4.729,0.0
N,2525,6.144,4.335,0.0
N,2526,7.85,6.109,0.0
N,2527,6.826,7.094,0.0
N,2528,8.533,8.868,0.0
N,2529,7.168,8.473,0.0
N,2530,8.874,10.247,0.0
N,2531,7.85,11.232,0.0
N,2532,9.557,13.006,0.0
N,2533,8.192,12.612,0.0
N,2534,9.898,14.385,0.0
N,2535,8.874,15.37,0.0
N,2536,10.581,17.144,0.0
N,2537,9.215,16.75,0.0
N,2538,10.922,18.523,0.0
N,2539,9.898,19.509,0.0
N,2540,11.605,21.282,0.0
N,2541,10.239,20.888,0.0
N,2542,11.946,22.662,0.0
N,2543,10.922,23.647,0.0
N,2544,12.629,25.42,0.0
N,2545,11.263,25.026,0.0
N,2546,12.97,26.8,0.0
N,2547,11.946,27.785,0.0
N,2548,13.653,29.559,0.0
N,2549,12.287,29.164,0.0
N,2550,13.994,30.938,0.0
N,2551,12.97,31.923,0.0
N,2552,14.676,33.697,0.0
N,2553,13.311,33.303,0.0
N,2554,15.018,35.076,0.0
N,2555,13.994,36.061,0.0
N,2556,15.7,37.835,0.0
N,2557,14.335,37.441,0.0
N,2558,16.042,39.214,0.0
N,2559,15.018,40.2,0.0
N,2560,16.724,41.973,0.0
N,2561,15.359,41.579,0.0
N,2562,17.066,43.353,0.0
N,2563,16.042,44.338,0.0
N,2564,17.748,46.111,0.0
N,2565,16.383,45.717,0.0
N,2566,18.09,47.491,0.0
N,2567,17.066,48.476,0.0
N,2568,18.772,50.25,0.0
N,2569,17.407,49.855,0.0
N,2570,19.114,51.629,0.0
N,2571,18.09,52.614,0.0
N,2572,19.796,54.388,0.0
N,2573,18.431,53.994,0.0
N,2574,20.137,55.767,0.0
N,2575,19.114,56.752,0.0
N,2576,20.82,58.526,0.0
N,2577,19.455,58.132,0.0
N,2578,21.161,59.905,0.0
N,2579,20.137,60.891,0.0
N,2580,21.844,62.664,0.0
N,2581,20.479,62.27,0.0
N,2582,22.185,64.044,0.0
N,2583,21.161,65.029,0.0
N,2584,22.868,66.802,0.0
N,2585,21.503,66.408,0.0
N,2586,23.209,68.182,0.0
N,2587,22.185,69.167,0.0
N,2588,23.892,70.941,0.0
N,2589,22.527,70.546,0.0
N,2590,24.233,72.32,0.0
N,2591,23.209,73.305,0.0
N,2592,24.916,75.079,0.0
N,2593,23.551,74.685,0.0
N,2594,25.257,76.458,0.0
N,2595,24.233,77.444,0.0
N,2596,25.94,79.217,0.0
N,2597,24.575,78.823,0.0
N,2598,26.281,80.596,0.0
N,2599,25.257,81.582,0.0
N,2600,26.964,83.355,0.0
N,2601,25.598,82.961,0.0
N,2602,27.305,84.735,0.0
N,2603,26.281,85.72,0.0
N,2604,27.988,87.493,0.0
N,2605,26.622,87.099,0.0
N,2606,28.329,88.873,0.0
N,2607,27.305,89.858,0.0
N,2608,29.012,91.632,0.0
N,2609,27.646,91.238,0.0
N,2610,29.353,93.011,0.0
N,2611,28.329,93.996,0.0
N,2612,30.036,95.77,0.0
N,2613,28.67,95.376,0.0
N,2614,30.377,97.149,0.0
N,2615,29.353,98.135,0.0
N,2616,31.06,99.908,0.0
N,2617,29.694,99.514,0.0
N,2618,31.401,101.287,0.0
N,2619,30.377,102.273,0.0
N,2620,32.083,104.046,0.0
N,2621,30.718,103.652,0.0
N,2622,32.425,105.426,0.0
N,2624,33.107,108.184,0.0
N,2625,31.742,107.79,0.0
N,2626,33.449,109.564,0.0
N,2627,32.425,110.549,0.0
N,2628,34.131,112.323,0.0
N,2629,32.766,111.929,0.0
N,2630,34.473,113.702,0.0
N,2631,33.449,114.687,0.0
N,2632,35.155,116.461,0.0
N,2633,33.79,116.067,0.0
N,2634,34.473,118.826,0.0
N,2635,34.814,120.205,0.0
N,2636,8.874,0.0,0.0
N,2637,9.215,1.379,0.0
N,2638,8.192,2.365,0.0
N,2639,9.898,4.138,0.0
N,2640,8.533,3.744,0.0
N,2641,10.239,5.518,0.0
N,2642,9.215,6.503,0.0
N,2643,10.922,8.276,0.0
N,2644,9.557,7.882,0.0
N,2645,11.263,9.656,0.0
N,2646,10.239,10.641,0.0
N,2647,11.946,12.415,0.0
N,2648,10.581,12.02,0.0
N,2649,12.287,13.794,0.0
N,2650,11.263,14.779,0.0
N,2651,12.97,16.553,0.0
N,2652,11.605,16.159,0.0
N,2653,13.311,17.932,0.0
N,2654,12.287,18.918,0.0
N,2655,13.994,20.691,0.0
N,2656,12.629,20.297,0.0
N,2657,14.335,22.07,0.0
N,2658,13.311,23.056,0.0
N,2659,15.018,24.829,0.0
N,2660,13.653,24.435,0.0
N,2661,15.359,26.209,0.0
N,2662,14.335,27.194,0.0
N,2663,16.042,28.967,0.0
N,2664,14.676,28.573,0.0
N,2665,16.383,30.347,0.0
N,2666,15.359,31.332,0.0
N,2667,17.066,33.106,0.0
N,2668,15.7,32.712,0.0
N,2669,17.407,34.485,0.0
N,2670,16.383,35.47,0.0
N,2671,18.09,37.244,0.0
N,2672,16.724,36.85,0.0
N,2673,18.431,38.623,0.0
N,2674,17.407,39.609,0.0
N,2675,19.114,41.382,0.0
N,2676,17.748,40.988,0.0
N,2677,19.455,42.761,0.0
N,2678,18.431,43.747,0.0
N,2679,20.137,45.52,0.0
N,2680,18.772,45.126,0.0
N,2681,20.479,46.9,0.0
N,2682,19.455,47.885,0.0
N,2683,21.161,49.658,0.0
N,2684,19.796,49.264,0.0
N,2685,21.503,51.038,0.0
N,2686,20.479,52.023,0.0
N,2687,22.185,53.797,0.0
N,2688,20.82,53.403,0.0
N,2689,22.527,55.176,0.0
N,2690,21.503,56.161,0.0
N,2691,23.209,57.935,0.0
N,2692,21.844,57.541,0.0
N,2693,23.551,59.314,0.0
N,2694,22.527,60.3,0.0
N,2695,24.233,62.073,0.0
N,2696,22.868,61.679,0.0
N,2697,24.575,63.452,0.0
N,2698,23.551,64.438,0.0
N,2699,25.257,66.211,0.0
N,2700,23.892,65.817,0.0
N,2701,25.598,67.591,0.0
N,2702,24.575,68.576,0.0
N,2703,26.281,70.349,0.0
N,2704,24.916,69.955,0.0
N,2705,26.622,71.729,0.0
N,2706,25.598,72.714,0.0
N,2707,27.305,74.488,0.0
N,2708,25.94,74.094,0.0
N,2709,27.646,75.867,0.0
N,2710,26.622,76.852,0.0
N,2711,28.329,78.626,0.0
N,2712,26.964,78.232,0.0
N,2713,28.67,80.005,0.0
N,2714,27.646,80.991,0.0
N,2715,29.353,82.764,0.0
N,2716,27.988,82.37,0.0
N,2717,29.694,84.143,0.0
N,2718,28.67,85.129,0.0
N,2719,30.377,86.902,0.0
N,2720,29.012,86.508,0.0
N,2721,30.718,88.282,0.0
N,2722,29.694,89.267,0.0
N,2723,31.401,91.04,0.0
N,2724,30.036,90.646,0.0
N,2725,31.742,92.42,0.0
N,2726,30.718,93.405,0.0
N,2727,32.425,95.179,0.0
N,2728,31.06,94.785,0.0
N,2729,32.766,96.558,0.0
N,2730,31.742,97.543,0.0
N,2731,33.449,99.317,0.0
N,2732,32.083,98.923,0.0
N,2733,33.79,100.696,0.0
N,2734,32.766,101.682,0.0
N,2735,34.473,103.455,0.0
N,2736,33.107,103.061,0.0
N,2737,34.814,104.834,0.0
N,2738,33.79,105.82,0.0
N,2739,34.131,107.199,0.0
N,2740,34.814,109.958,0.0
N,2741,35.155,111.337,0.0
N,2742,11.605,0.788,0.0
N,2743,10.581,1.774,0.0
N,2744,12.287,3.547,0.0
N,2745,10.922,3.153,0.0
N,2746,12.629,4.926,0.0
N,2747,11.605,5.912,0.0
N,2748,13.311,7.685,0.0
N,2749,11.946,7.291,0.0
N,2750,13.653,9.065,0.0
N,2751,12.629,10.05,0.0
N,2752,14.335,11.823,0.0
N,2753,12.97,11.429,0.0
N,2754,14.676,13.203,0.0
N,2755,13.653,14.188,0.0
N,2756,15.359,15.962,0.0
N,2757,13.994,15.568,0.0
N,2758,15.7,17.341,0.0
N,2759,14.676,18.326,0.0
N,2760,16.383,20.1,0.0
N,2761,15.018,19.706,0.0
N,2762,16.724,21.479,0.0
N,2763,15.7,22.465,0.0
N,2764,17.407,24.238,0.0
N,2765,16.042,23.844,0.0
N,2766,17.748,25.617,0.0
N,2767,16.724,26.603,0.0
N,2768,18.431,28.376,0.0
N,2769,17.066,27.982,0.0
N,2770,18.772,29.756,0.0
N,2771,17.748,30.741,0.0
N,2772,19.455,32.514,0.0
N,2773,18.09,32.12,0.0
N,2774,19.796,33.894,0.0
N,2775,18.772,34.879,0.0
N,2776,20.479,36.653,0.0
N,2777,19.114,36.259,0.0
N,2778,20.82,38.032,0.0
N,2779,19.796,39.017,0.0
N,2780,21.503,40.791,0.0
N,2781,20.137,40.397,0.0
N,2782,21.844,42.17,0.0
N,2783,20.82,43.156,0.0
N,2784,22.527,44.929,0.0
N,2785,21.161,44.535,0.0
N,2786,22.868,46.308,0.0
N,2787,21.844,47.294,0.0
N,2788,23.551,49.067,0.0
N,2789,22.185,48.673,0.0
N,2790,23.892,50.447,0.0
N,2791,22.868,51.432,0.0
N,2792,24.575,53.205,0.0
N,2793,23.209,52.811,0.0
N,2794,24.916,54.585,0.0
N,2795,23.892,55.57,0.0
N,2796,25.598,57.344,0.0
N,2797,24.233,56.95,0.0
N,2798,25.94,58.723,0.0
N,2799,24.916,59.708,0.0
N,2800,26.622,61.482,0.0
N,2801,25.257,61.088,0.0
N,2802,26.964,62.861,0.0
N,2803,25.94,63.847,0.0
N,2804,27.646,65.62,0.0
N,2805,26.281,65.226,0.0
N,2806,27.988,66.999,0.0
N,2807,26.964,67.985,0.0
N,2808,28.67,69.758,0.0
N,2809,27.305,69.364,0.0
N,2810,29.012,71.138,0.0
N,2811,27.988,72.123,0.0
N,2812,29.694,73.896,0.0
N,2813,28.329,73.502,0.0
N,2814,30.036,75.276,0.0
N,2815,29.012,76.261,0.0
N,2816,30.718,78.035,0.0
N,2817,29.353,77.641,0.0
N,2818,31.06,79.414,0.0
N,2819,30.036,80.399,0.0
N,2820,31.742,82.173,0.0
N,2821,30.377,81.779,0.0
N,2822,32.083,83.552,0.0
N,2823,31.06,84.538,0.0
N,2824,32.766,86.311,0.0
N,2825,31.401,85.917,0.0
N,2826,33.107,87.69,0.0
N,2827,32.083,88.676,0.0
N,2828,33.79,90.449,0.0
N,2829,32.425,90.055,0.0
N,2830,34.131,91.829,0.0
N,2831,33.107,92.814,0.0
N,2832,34.814,94.587,0.0
N,2833,33.449,94.193,0.0
N,2834,35.155,95.967,0.0
N,2835,34.131,96.952,0.0
N,2836,34.473,98.332,0.0
N,2837,35.155,101.09,0.0
N,2838,13.994,0.197,0.0
N,2839,12.97,1.182,0.0
N,2840,14.676,2.956,0.0
N,2841,13.311,2.562,0.0
N,2842,15.018,4.335,0.0
N,2843,13.994,5.321,0.0
N,2844,15.7,7.094,0.0
N,2845,14.335,6.7,0.0
N,2846,16.042,8.473,0.0
N,2847,15.018,9.459,0.0
N,2848,16.724,11.232,0.0
N,2849,15.359,10.838,0.0
N,2850,17.066,12.612,0.0
N,2851,16.042,13.597,0.0
N,2852,17.748,15.37,0.0
N,2853,16.383,14.976,0.0
N,2854,18.09,16.75,0.0
N,2855,17.066,17.735,0.0
N,2856,18.772,19.509,0.0
N,2857,17.407,19.115,0.0
N,2858,19.114,20.888,0.0
N,2859,18.09,21.873,0.0
N,2860,19.796,23.647,0.0
N,2861,18.431,23.253,0.0
N,2862,20.137,25.026,0.0
N,2863,19.114,26.012,0.0
N,2864,20.82,27.785,0.0
N,2865,19.455,27.391,0.0
N,2866,21.161,29.164,0.0
N,2867,20.137,30.15,0.0
N,2868,21.844,31.923,0.0
N,2869,20.479,31.529,0.0
N,2870,22.185,33.303,0.0
N,2871,21.161,34.288,0.0
N,2872,22.868,36.061,0.0
N,2873,21.503,35.667,0.0
N,2874,23.209,37.441,0.0
N,2875,22.185,38.426,0.0
N,2876,23.892,40.2,0.0
N,2877,22.527,39.806,0.0
N,2878,24.233,41.579,0.0
N,2879,23.209,42.564,0.0
N,2880,24.916,44.338,0.0
N,2881,23.551,43.944,0.0
N,2882,25.257,45.717,0.0
N,2883,24.233,46.703,0.0
N,2884,25.94,48.476,0.0
N,2885,24.575,48.082,0.0
N,2886,26.281,49.855,0.0
N,2887,25.257,50.841,0.0
N,2888,26.964,52.614,0.0
N,2889,25.598,52.22,0.0
N,2890,27.305,53.994,0.0
N,2891,26.281,54.979,0.0
N,2892,27.988,56.752,0.0
N,2893,26.622,56.358,0.0
N,2894,28.329,58.132,0.0
N,2895,27.305,59.117,0.0
N,2896,29.012,60.891,0.0
N,2897,27.646,60.497,0.0
N,2898,29.353,62.27,0.0
N,2899,28.329,63.255,0.0
N,2900,30.036,65.029,0.0
N,2901,28.67,64.635,0.0
N,2902,30.377,66.408,0.0
N,2903,29.353,67.394,0.0
N,2904,31.06,69.167,0.0
N,2905,29.694,68.773,0.0
N,2906,31.401,70.546,0.0
N,2907,30.377,71.532,0.0
N,2908,32.083,73.305,0.0
N,2909,30.718,72.911,0.0
N,2910,32.425,74.685,0.0
N,2911,31.401,75.67,0.0
N,2912,33.107,77.444,0.0
N,2913,31.742,77.049,0.0
N,2914,33.449,78.823,0.0
N,2915,32.425,79.808,0.0
N,2916,34.131,81.582,0.0
N,2917,32.766,81.188,0.0
N,2918,34.473,82.961,0.0
N,2919,33.449,83.946,0.0
N,2920,35.155,85.72,0.0
N,2921,33.79,85.326,0.0
N,2922,34.473,88.085,0.0
N,2923,34.814,89.464,0.0
N,2924,15.359,0.591,0.0
N,2925,17.066,2.365,0.0
N,2926,15.7,1.971,0.0
N,2927,17.407,3.744,0.0
N,2928,16.383,4.729,0.0
N,2929,18.09,6.503,0.0
N,2930,16.724,6.109,0.0
N,2931,18.431,7.882,0.0
N,2932,17.407,8.868,0.0
N,2933,19.114,10.641,0.0
N,2934,17.748,10.247,0.0
N,2935,19.455,12.02,0.0
N,2936,18.431,13.006,0.0
N,2937,20.137,14.779,0.0
N,2938,18.772,14.385,0.0
N,2939,20.479,16.159,0.0
N,2940,19.455,17.144,0.0
N,2942,19.796,18.523,0.0
N,2943,21.503,20.297,0.0
N,2944,20.479,21.282,0.0
N,2945,22.185,23.056,0.0
N,2946,20.82,22.662,0.0
N,2947,22.527,24.435,0.0
N,2948,21.503,25.42,0.0
N,2949,23.209,27.194,0.0
N,2950,21.844,26.8,0.0
N,2951,23.551,28.573,0.0
N,2952,22.527,29.559,0.0
N,2953,24.233,31.332,0.0
N,2954,22.868,30.938,0.0
N,2955,24.575,32.712,0.0
N,2956,23.551,33.697,0.0
N,2957,25.257,35.47,0.0
N,2958,23.892,35.076,0.0
N,2959,25.598,36.85,0.0
N,2960,24.575,37.835,0.0
N,2961,26.281,39.609,0.0
N,2962,24.916,39.214,0.0
N,2963,26.622,40.988,0.0
N,2964,25.598,41.973,0.0
N,2965,27.305,43.747,0.0
N,2966,25.94,43.353,0.0
N,2967,27.646,45.126,0.0
N,2968,26.622,46.111,0.0
N,2969,28.329,47.885,0.0
N,2970,26.964,47.491,0.0
N,2971,28.67,49.264,0.0
N,2972,27.646,50.25,0.0
N,2973,29.353,52.023,0.0
N,2974,27.988,51.629,0.0
N,2975,29.694,53.403,0.0
N,2976,28.67,54.388,0.0
N,2977,30.377,56.161,0.0
N,2978,29.012,55.767,0.0
N,2979,30.718,57.541,0.0
N,2980,29.694,58.526,0.0
N,2981,31.401,60.3,0.0
N,2982,30.036,59.905,0.0
N,2983,31.742,61.679,0.0
N,2984,30.718,62.664,0.0
N,2985,32.425,64.438,0.0
N,2986,31.06,64.044,0.0
N,2987,32.766,65.817,0.0
N,2988,31.742,66.802,0.0
N,2989,33.449,68.576,0.0
N,2990,32.083,68.182,0.0
N,2991,33.79,69.955,0.0
N,2992,32.766,70.941,0.0
N,2993,34.473,72.714,0.0
N,2994,33.107,72.32,0.0
N,2995,34.814,74.094,0.0
N,2996,33.79,75.079,0.0
N,2998,34.814,79.217,0.0
N,2999,35.155,80.596,0.0
N,3000,17.748,0.0,0.0
N,3001,19.455,1.774,0.0
N,3002,18.09,1.379,0.0
N,3003,19.796,3.153,0.0
N,3004,18.772,4.138,0.0
N,3005,20.479,5.912,0.0
N,3006,19.114,5.518,0.0
N,3007,20.82,7.291,0.0
N,3008,19.796,8.276,0.0
N,3009,21.503,10.05,0.0
N,3010,20.137,9.656,0.0
N,3011,21.844,11.429,0.0
N,3012,20.82,12.415,0.0
N,3013,22.527,14.188,0.0
N,3014,21.161,13.794,0.0
N,3015,22.868,15.568,0.0
N,3016,21.844,16.553,0.0
N,3017,23.551,18.326,0.0
N,3018,22.185,17.932,0.0
N,3019,23.892,19.706,0.0
N,3020,22.868,20.691,0.0
N,3021,24.575,22.465,0.0
N,3022,23.209,22.07,0.0
N,3023,24.916,23.844,0.0
N,3024,23.892,24.829,0.0
N,3025,25.598,26.603,0.0
N,3026,24.233,26.209,0.0
N,3027,25.94,27.982,0.0
N,3028,24.916,28.967,0.0
N,3029,26.622,30.741,0.0
N,3030,25.257,30.347,0.0
N,3032,25.94,33.106,0.0
N,3033,27.646,34.879,0.0
N,3034,26.281,34.485,0.0
N,3035,27.988,36.259,0.0
N,3036,26.964,37.244,0.0
N,3037,28.67,39.017,0.0
N,3038,27.305,38.623,0.0
N,3039,29.012,40.397,0.0
N,3040,27.988,41.382,0.0
N,3041,29.694,43.156,0.0
N,3042,28.329,42.761,0.0
N,3043,30.036,44.535,0.0
N,3044,29.012,45.52,0.0
N,3045,30.718,47.294,0.0
N,3046,29.353,46.9,0.0
N,3047,31.06,48.673,0.0
N,3048,30.036,49.658,0.0
N,3049,31.742,51.432,0.0
N,3050,30.377,51.038,0.0
N,3051,32.083,52.811,0.0
N,3052,31.06,53.797,0.0
N,3053,32.766,55.57,0.0
N,3054,31.401,55.176,0.0
N,3055,33.107,56.95,0.0
N,3056,32.083,57.935,0.0
N,3057,33.79,59.708,0.0
N,3058,32.425,59.314,0.0
N,3059,34.131,61.088,0.0
N,3060,33.107,62.073,0.0
N,3061,34.814,63.847,0.0
N,3062,33.449,63.452,0.0
N,3063,35.155,65.226,0.0
N,3064,34.131,66.211,0.0
N,3065,34.473,67.591,0.0
N,3066,35.155,70.349,0.0
N,3067,21.844,1.182,0.0
N,3068,20.479,0.788,0.0
N,3069,22.185,2.562,0.0
N,3070,21.161,3.547,0.0
N,3071,22.868,5.321,0.0
N,3072,21.503,4.926,0.0
N,3073,23.209,6.7,0.0
N,3074,22.185,7.685,0.0
N,3075,23.892,9.459,0.0
N,3076,22.527,9.065,0.0
N,3077,24.233,10.838,0.0
N,3078,23.209,11.823,0.0
N,3079,24.916,13.597,0.0
N,3080,23.551,13.203,0.0
N,3081,25.257,14.976,0.0
N,3082,24.233,15.962,0.0
N,3083,25.94,17.735,0.0
N,3084,24.575,17.341,0.0
N,3085,26.281,19.115,0.0
N,3086,25.257,20.1,0.0
N,3087,26.964,21.873,0.0
N,3088,25.598,21.479,0.0
N,3089,27.305,23.253,0.0
N,3090,26.281,24.238,0.0
N,3091,27.988,26.012,0.0
N,3092,26.622,25.617,0.0
N,3093,28.329,27.391,0.0
N,3094,27.305,28.376,0.0
N,3095,29.012,30.15,0.0
N,3096,27.646,29.756,0.0
N,3097,29.353,31.529,0.0
N,3098,28.329,32.514,0.0
N,3099,30.036,34.288,0.0
N,3100,28.67,33.894,0.0
N,3101,30.377,35.667,0.0
N,3102,29.353,36.653,0.0
N,3103,31.06,38.426,0.0
N,3104,29.694,38.032,0.0
N,3105,31.401,39.806,0.0
N,3106,30.377,40.791,0.0
N,3107,32.083,42.564,0.0
N,3108,30.718,42.17,0.0
N,3109,32.425,43.944,0.0
N,3110,31.401,44.929,0.0
N,3111,33.107,46.703,0.0
N,3112,31.742,46.308,0.0
N,3113,33.449,48.082,0.0
N,3114,32.425,49.067,0.0
N,3115,34.131,50.841,0.0
N,3116,32.766,50.447,0.0
N,3117,34.473,52.22,0.0
N,3118,33.449,53.205,0.0
N,3119,35.155,54.979,0.0
N,3120,33.79,54.585,0.0
N,3121,34.473,57.344,0.0
N,3122,34.814,58.723,0.0
N,3123,24.233,0.591,0.0
N,3124,22.868,0.197,0.0
N,3125,24.575,1.971,0.0
N,3126,23.551,2.956,0.0
N,3127,25.257,4.729,0.0
N,3128,23.892,4.335,0.0
N,3129,25.598,6.109,0.0
N,3130,24.575,7.094,0.0
N,3131,26.281,8.868,0.0
N,3132,24.916,8.473,0.0
N,3133,26.622,10.247,0.0
N,3134,25.598,11.232,0.0
N,3135,27.305,13.006,0.0
N,3136,25.94,12.612,0.0
N,3137,27.646,14.385,0.0
N,3138,26.622,15.37,0.0
N,3139,28.329,17.144,0.0
N,3140,26.964,16.75,0.0
N,3141,28.67,18.523,0.0
N,3142,27.646,19.509,0.0
N,3143,29.353,21.282,0.0
N,3144,27.988,20.888,0.0
N,3145,29.694,22.662,0.0
N,3146,28.67,23.647,0.0
N,3147,30.377,25.42,0.0
N,3148,29.012,25.026,0.0
N,3149,30.718,26.8,0.0
N,3150,29.694,27.785,0.0
N,3151,31.401,29.559,0.0
N,3152,30.036,29.164,0.0
N,3153,31.742,30.938,0.0
N,3154,30.718,31.923,0.0
N,3155,32.425,33.697,0.0
N,3156,31.06,33.303,0.0
N,3157,32.766,35.076,0.0
N,3158,31.742,36.061,0.0
N,3159,33.449,37.835,0.0
N,3160,32.083,37.441,0.0
N,3161,33.79,39.214,0.0
N,3162,32.766,40.2,0.0
N,3163,34.473,41.973,0.0
N,3164,33.107,41.579,0.0
N,3165,34.814,43.353,0.0
N,3166,33.79,44.338,0.0
N,3167,34.131,45.717,0.0
N,3168,34.814,48.476,0.0
N,3169,35.155,49.855,0.0
N,3170,26.622,0.0,0.0
N,3171,26.964,1.379,0.0
N,3173,27.646,4.138,0.0
N,3174,26.281,3.744,0.0
N,3175,27.988,5.518,0.0
N,3176,26.964,6.503,0.0
N,3177,28.67,8.276,0.0
N,3178,27.305,7.882,0.0
N,3179,29.012,9.656,0.0
N,3180,27.988,10.641,0.0
N,3181,29.694,12.415,0.0
N,3182,28.329,12.02,0.0
N,3183,30.036,13.794,0.0
N,3184,29.012,14.779,0.0
N,3185,30.718,16.553,0.0
N,3186,29.353,16.159,0.0
N,3188,30.036,18.918,0.0
N,3189,31.742,20.691,0.0
N,3190,30.377,20.297,0.0
N,3191,32.083,22.07,0.0
N,3192,31.06,23.056,0.0
N,3193,32.766,24.829,0.0
N,3194,31.401,24.435,0.0
N,3195,33.107,26.209,0.0
N,3196,32.083,27.194,0.0
N,3197,33.79,28.967,0.0
N,3198,32.425,28.573,0.0
N,3199,34.131,30.347,0.0
N,3200,33.107,31.332,0.0
N,3201,34.814,33.106,0.0
N,3202,33.449,32.712,0.0
N,3203,35.155,34.485,0.0
N,3204,34.131,35.47,0.0
N,3205,34.473,36.85,0.0
N,3206,35.155,39.609,0.0
N,3207,29.353,0.788,0.0
N,3208,28.329,1.774,0.0
N,3209,30.036,3.547,0.0
N,3210,28.67,3.153,0.0
N,3211,30.377,4.926,0.0
N,3212,29.353,5.912,0.0
N,3213,31.06,7.685,0.0
N,3214,29.694,7.291,0.0
N,3215,31.401,9.065,0.0
N,3216,30.377,10.05,0.0
N,3217,32.083,11.823,0.0
N,3218,30.718,11.429,0.0
N,3219,32.425,13.203,0.0
N,3220,31.401,14.188,0.0
N,3221,33.107,15.962,0.0
N,3222,31.742,15.568,0.0
N,3223,33.449,17.341,0.0
N,3225,34.131,20.1,0.0
N,3226,32.766,19.706,0.0
N,3227,34.473,21.479,0.0
N,3228,33.449,22.465,0.0
N,3229,35.155,24.238,0.0
N,3230,33.79,23.844,0.0
N,3231,34.473,26.603,0.0
N,3232,34.814,27.982,0.0
N,3233,31.742,0.197,0.0
N,3234,30.718,1.182,0.0
N,3235,32.425,2.956,0.0
N,3236,31.06,2.562,0.0
N,3237,32.766,4.335,0.0
N,3238,31.742,5.321,0.0
N,3239,33.449,7.094,0.0
N,3240,32.083,6.7,0.0
N,3241,33.79,8.473,0.0
N,3242,32.766,9.459,0.0
N,3243,34.473,11.232,0.0
N,3244,33.107,10.838,0.0
N,3245,34.814,12.612,0.0
N,3246,33.79,13.597,0.0
N,3247,34.131,14.976,0.0
N,3248,34.814,17.735,0.0
N,3249,35.155,19.115,0.0
N,3250,33.107,0.591,0.0
N,3251,34.814,2.365,0.0
N,3252,33.449,1.971,0.0
N,3253,35.155,3.744,0.0
N,3254,34.131,4.729,0.0
N,3255,34.473,6.109,0.0
N,3256,35.155,8.868,0.0
