/PREP7
N,1,0.0,238.741,0.0
N,2,0.71,239.971,0.0
N,3,0.0,233.818,0.0
N,4,0.711,235.049,0.0
N,5,0.0,236.279,0.0
N,6,2.132,237.51,0.0
N,7,0.711,237.51,0.0
N,8,2.842,238.741,0.0
N,9,2.132,239.971,0.0
N,10,0.0,228.896,0.0
N,11,0.711,230.126,0.0
N,12,0.0,231.357,0.0
N,13,2.132,232.588,0.0
N,15,2.842,233.818,0.0
N,16,2.132,235.049,0.0
N,17,4.263,236.279,0.0
N,18,2.842,236.279,0.0
N,19,4.974,237.51,0.0
N,20,4.263,238.741,0.0
N,21,6.395,239.971,0.0
N,22,4.974,239.971,0.0
N,23,0.0,223.973,0.0
N,24,0.711,225.204,0.0
N,25,0.0,226.435,0.0
N,26,2.131,227.665,0.0
N,27,0.711,227.665,0.0
N,28,2.842,228.896,0.0
N,29,2.132,230.126,0.0
N,30,4.263,231.357,0.0
N,31,2.842,231.357,0.0
N,32,4.974,232.588,0.0
N,33,4.263,233.818,0.0
N,34,6.394,235.049,0.0
N,35,4.973,235.049,0.0
N,36,7.105,236.279,0.0
N,37,6.394,237.51,0.0
N,38,8.526,238.741,0.0
N,39,7.105,238.741,0.0
N,40,9.236,239.971,0.0
N,41,0.0,219.051,0.0
N,42,0.711,220.281,0.0
N,43,0.0,221.512,0.0
N,44,2.132,222.743,0.0
N,45,0.711,222.743,0.0
N,46,2.842,223.973,0.0
N,47,2.132,225.204,0.0
N,48,4.263,226.435,0.0
N,49,2.842,226.435,0.0
N,50,4.974,227.665,0.0
N,52,6.395,230.126,0.0
N,53,4.974,230.126,0.0
N,54,7.105,231.357,0.0
N,55,6.394,232.588,0.0
N,56,8.526,233.818,0.0
N,57,7.105,233.818,0.0
N,58,9.237,235.049,0.0
N,59,8.526,236.279,0.0
N,60,10.658,237.51,0.0
N,61,9.237,237.51,0.0
N,62,11.368,238.741,0.0
N,63,10.658,239.971,0.0
N,64,0.0,214.128,0.0
N,65,0.711,215.359,0.0
N,66,0.0,216.59,0.0
N,67,2.132,217.82,0.0
N,68,0.711,217.82,0.0
N,69,2.842,219.051,0.0
N,70,2.132,220.281,0.0
N,71,4.263,221.512,0.0
N,72,2.842,221.512,0.0
N,73,4.974,222.743,0.0
N,74,4.263,223.973,0.0
N,75,6.395,225.204,0.0
N,76,4.974,225.204,0.0
N,77,7.105,226.435,0.0
N,78,6.395,227.665,0.0
N,79,8.526,228.896,0.0
N,80,7.105,228.896,0.0
N,81,9.237,230.126,0.0
N,82,8.526,231.357,0.0
N,83,10.658,232.588,0.0
N,84,9.236,232.588,0.0
N,85,11.368,233.818,0.0
N,86,10.658,235.049,0.0
N,87,12.789,236.279,0.0
N,88,11.368,236.279,0.0
N,89,13.5,237.51,0.0
N,90,12.789,238.741,0.0
N,91,14.921,239.971,0.0
N,92,13.5,239.971,0.0
N,93,0.0,209.206,0.0
N,94,0.711,210.436,0.0
N,95,0.0,211.667,0.0
N,96,2.132,212.898,0.0
N,97,0.711,212.898,0.0
N,98,2.842,214.128,0.0
N,99,2.132,215.359,0.0
N,100,4.263,216.59,0.0
N,101,2.842,216.59,0.0
N,102,4.974,217.82,0.0
N,103,4.263,219.051,0.0
N,104,6.395,220.281,0.0
N,105,4.974,220.281,0.0
N,106,7.105,221.512,0.0
N,107,6.395,222.743,0.0
N,108,8.526,223.973,0.0
N,109,7.105,223.973,0.0
N,110,9.237,225.204,0.0
N,111,8.526,226.435,0.0
N,112,10.658,227.665,0.0
N,113,9.237,227.665,0.0
N,114,11.368,228.896,0.0
N,115,10.658,230.126,0.0
N,116,12.789,231.357,0.0
N,117,11.368,231.357,0.0
N,118,13.5,232.588,0.0
N,119,12.789,233.818,0.0
N,120,14.921,235.049,0.0
N,121,13.5,235.049,0.0
N,122,15.631,236.279,0.0
N,123,14.921,237.51,0.0
N,124,17.052,238.741,0.0
N,125,15.631,238.741,0.0
N,126,17.763,239.971,0.0
N,127,0.0,204.283,0.0
N,128,0.711,205.514,0.0
N,129,0.0,206.745,0.0
N,130,2.132,207.975,0.0
N,131,0.711,207.975,0.0
N,132,2.842,209.206,0.0
N,133,2.132,210.436,0.0
N,134,4.263,211.667,0.0
N,135,2.842,211.667,0.0
N,136,4.974,212.898,0.0
N,137,4.263,214.128,0.0
N,138,6.395,215.359,0.0
N,139,4.974,215.359,0.0
N,140,7.105,216.59,0.0
N,141,6.395,217.82,0.0
N,142,8.526,219.051,0.0
N,144,9.237,220.281,0.0
N,145,8.526,221.512,0.0
N,147,9.237,222.743,0.0
N,148,11.368,223.973,0.0
N,149,10.658,225.204,0.0
N,150,12.789,226.435,0.0
N,151,11.368,226.435,0.0
N,152,13.5,227.665,0.0
N,153,12.789,228.896,0.0
N,154,14.921,230.126,0.0
N,155,13.5,230.126,0.0
N,156,15.631,231.357,0.0
N,157,14.921,232.588,0.0
N,158,17.052,233.818,0.0
N,159,15.631,233.818,0.0
N,160,17.763,235.049,0.0
N,161,17.052,236.279,0.0
N,162,19.184,237.51,0.0
N,163,17.763,237.51,0.0
N,164,19.894,238.741,0.0
N,165,19.184,239.971,0.0
N,166,0.0,199.361,0.0
N,167,0.711,200.591,0.0
N,168,0.0,201.822,0.0
N,169,2.132,203.053,0.0
N,170,0.711,203.053,0.0
N,171,2.842,204.283,0.0
N,173,4.263,206.745,0.0
N,174,2.842,206.745,0.0
N,175,4.974,207.975,0.0
N,176,4.263,209.206,0.0
N,177,6.395,210.436,0.0
N,178,4.974,210.436,0.0
N,179,7.105,211.667,0.0
N,180,6.395,212.898,0.0
N,181,8.526,214.128,0.0
N,182,7.105,214.128,0.0
N,183,9.237,215.359,0.0
N,184,8.526,216.59,0.0
N,185,10.658,217.82,0.0
N,186,9.237,217.82,0.0
N,187,11.368,219.051,0.0
N,188,10.658,220.281,0.0
N,189,12.789,221.512,0.0
N,190,11.368,221.512,0.0
N,191,13.5,222.743,0.0
N,192,12.789,223.973,0.0
N,193,14.921,225.204,0.0
N,194,13.5,225.204,0.0
N,195,15.631,226.435,0.0
N,196,14.921,227.665,0.0
N,197,17.052,228.896,0.0
N,198,15.631,228.896,0.0
N,199,17.763,230.126,0.0
N,200,17.052,231.357,0.0
N,201,19.184,232.588,0.0
N,202,17.763,232.588,0.0
N,203,19.894,233.818,0.0
N,205,21.315,236.279,0.0
N,206,19.894,236.279,0.0
N,207,22.026,237.51,0.0
N,208,21.315,238.741,0.0
N,209,23.447,239.971,0.0
N,210,22.026,239.971,0.0
N,211,0.0,194.438,0.0
N,212,0.711,195.669,0.0
N,213,0.0,196.9,0.0
N,214,2.132,198.13,0.0
N,215,0.711,198.13,0.0
N,216,2.842,199.361,0.0
N,217,2.132,200.591,0.0
N,218,4.263,201.822,0.0
N,219,2.842,201.822,0.0
N,220,4.974,203.053,0.0
N,221,4.263,204.283,0.0
N,222,6.395,205.514,0.0
N,223,4.974,205.514,0.0
N,224,7.105,206.745,0.0
N,225,6.395,207.975,0.0
N,226,8.526,209.206,0.0
N,227,7.105,209.206,0.0
N,228,9.237,210.436,0.0
N,229,8.526,211.667,0.0
N,230,10.658,212.898,0.0
N,231,9.237,212.898,0.0
N,232,11.368,214.128,0.0
N,233,10.658,215.359,0.0
N,234,12.789,216.59,0.0
N,235,11.368,216.59,0.0
N,236,13.5,217.82,0.0
N,237,12.789,219.051,0.0
N,238,14.921,220.281,0.0
N,239,13.5,220.281,0.0
N,240,15.631,221.512,0.0
N,241,14.921,222.743,0.0
N,242,17.052,223.973,0.0
N,243,15.631,223.973,0.0
N,244,17.763,225.204,0.0
N,245,17.052,226.434,0.0
N,246,19.184,227.665,0.0
N,247,17.763,227.665,0.0
N,248,19.894,228.896,0.0
N,249,19.184,230.126,0.0
N,250,21.315,231.357,0.0
N,251,19.894,231.357,0.0
N,252,22.026,232.588,0.0
N,253,21.315,233.818,0.0
N,254,23.447,235.049,0.0
N,255,22.026,235.049,0.0
N,256,24.157,236.279,0.0
N,257,23.447,237.51,0.0
N,258,25.578,238.741,0.0
N,259,24.157,238.741,0.0
N,260,26.289,239.971,0.0
N,262,0.711,190.746,0.0
N,263,0.0,191.977,0.0
N,264,2.132,193.208,0.0
N,265,0.711,193.208,0.0
N,266,2.842,194.438,0.0
N,267,2.132,195.669,0.0
N,268,4.263,196.9,0.0
N,269,2.842,196.9,0.0
N,270,4.974,198.13,0.0
N,271,4.263,199.361,0.0
N,272,6.395,200.591,0.0
N,273,4.974,200.591,0.0
N,274,7.105,201.822,0.0
N,275,6.395,203.053,0.0
N,276,8.526,204.283,0.0
N,277,7.105,204.283,0.0
N,278,9.237,205.514,0.0
N,279,8.526,206.745,0.0
N,280,10.658,207.975,0.0
N,281,9.237,207.975,0.0
N,282,11.368,209.206,0.0
N,283,10.658,210.436,0.0
N,284,12.789,211.667,0.0
N,285,11.368,211.667,0.0
N,286,13.5,212.898,0.0
N,287,12.789,214.128,0.0
N,288,14.921,215.359,0.0
N,289,13.5,215.359,0.0
N,290,15.631,216.59,0.0
N,291,14.921,217.82,0.0
N,293,15.631,219.051,0.0
N,294,17.763,220.281,0.0
N,295,17.052,221.512,0.0
N,296,19.184,222.743,0.0
N,297,17.763,222.743,0.0
N,299,19.184,225.204,0.0
N,300,21.315,226.435,0.0
N,301,19.894,226.435,0.0
N,303,21.315,228.896,0.0
N,305,22.026,230.126,0.0
N,306,24.157,231.357,0.0
N,307,23.447,232.588,0.0
N,308,25.578,233.818,0.0
N,309,24.157,233.818,0.0
N,310,26.289,235.049,0.0
N,311,25.578,236.279,0.0
N,312,27.71,237.51,0.0
N,313,26.289,237.51,0.0
N,314,28.42,238.741,0.0
N,315,27.71,239.971,0.0
N,316,0.0,184.593,0.0
N,317,0.711,185.824,0.0
N,318,0.0,187.055,0.0
N,319,2.132,188.285,0.0
N,320,0.711,188.285,0.0
N,321,2.842,189.516,0.0
N,322,2.132,190.746,0.0
N,323,4.263,191.977,0.0
N,324,2.842,191.977,0.0
N,325,4.974,193.208,0.0
N,326,4.263,194.438,0.0
N,327,6.395,195.669,0.0
N,328,4.974,195.669,0.0
N,329,7.105,196.9,0.0
N,330,6.395,198.13,0.0
N,331,8.526,199.361,0.0
N,332,7.105,199.361,0.0
N,333,9.237,200.591,0.0
N,334,8.526,201.822,0.0
N,335,10.658,203.053,0.0
N,336,9.237,203.053,0.0
N,337,11.368,204.283,0.0
N,338,10.658,205.514,0.0
N,339,12.789,206.745,0.0
N,340,11.368,206.745,0.0
N,341,13.5,207.975,0.0
N,342,12.789,209.206,0.0
N,343,14.921,210.436,0.0
N,344,13.5,210.436,0.0
N,345,15.631,211.667,0.0
N,346,14.921,212.898,0.0
N,347,17.052,214.128,0.0
N,348,15.631,214.128,0.0
N,349,17.763,215.359,0.0
N,350,17.052,216.59,0.0
N,351,19.184,217.82,0.0
N,352,17.763,217.82,0.0
N,353,19.894,219.051,0.0
N,354,19.184,220.281,0.0
N,355,21.315,221.512,0.0
N,357,22.026,222.743,0.0
N,358,21.315,223.973,0.0
N,359,23.447,225.204,0.0
N,360,22.026,225.204,0.0
N,361,24.157,226.435,0.0
N,362,23.447,227.665,0.0
N,363,25.578,228.896,0.0
N,364,24.157,228.896,0.0
N,365,26.289,230.126,0.0
N,366,25.578,231.357,0.0
N,367,27.71,232.588,0.0
N,368,26.289,232.588,0.0
N,369,28.42,233.818,0.0
N,370,27.71,235.049,0.0
N,371,29.841,236.279,0.0
N,372,28.42,236.279,0.0
N,373,30.552,237.51,0.0
N,374,29.841,238.741,0.0
N,375,31.973,239.971,0.0
N,376,30.552,239.971,0.0
N,377,0.0,179.671,0.0
N,378,0.711,180.902,0.0
N,379,0.0,182.132,0.0
N,380,2.132,183.363,0.0
N,381,0.711,183.363,0.0
N,382,2.842,184.593,0.0
N,383,2.132,185.824,0.0
N,384,4.263,187.055,0.0
N,385,2.842,187.055,0.0
N,386,4.974,188.285,0.0
N,387,4.263,189.516,0.0
N,388,6.395,190.746,0.0
N,389,4.974,190.746,0.0
N,390,7.105,191.977,0.0
N,391,6.395,193.208,0.0
N,392,8.526,194.438,0.0
N,393,7.105,194.438,0.0
N,394,9.237,195.669,0.0
N,395,8.526,196.9,0.0
N,396,10.658,198.13,0.0
N,397,9.237,198.13,0.0
N,398,11.368,199.361,0.0
N,399,10.658,200.591,0.0
N,400,12.789,201.822,0.0
N,401,11.368,201.822,0.0
N,402,13.5,203.053,0.0
N,403,12.789,204.283,0.0
N,404,14.921,205.514,0.0
N,405,13.5,205.514,0.0
N,406,15.631,206.745,0.0
N,407,14.921,207.975,0.0
N,408,17.052,209.206,0.0
N,409,15.631,209.206,0.0
N,410,17.763,210.436,0.0
N,411,17.052,211.667,0.0
N,412,19.184,212.898,0.0
N,413,17.763,212.898,0.0
N,414,19.894,214.128,0.0
N,415,19.184,215.359,0.0
N,416,21.315,216.59,0.0
N,417,19.894,216.59,0.0
N,418,22.026,217.82,0.0
N,419,21.315,219.051,0.0
N,420,23.447,220.281,0.0
N,421,22.026,220.281,0.0
N,422,24.157,221.512,0.0
N,423,23.447,222.743,0.0
N,424,25.578,223.973,0.0
N,425,24.157,223.973,0.0
N,426,26.289,225.204,0.0
N,427,25.578,226.434,0.0
N,428,27.71,227.665,0.0
N,429,26.289,227.665,0.0
N,431,27.71,230.126,0.0
N,432,29.841,231.357,0.0
N,433,28.42,231.357,0.0
N,434,30.552,232.588,0.0
N,435,29.841,233.818,0.0
N,436,31.973,235.049,0.0
N,437,30.552,235.049,0.0
N,438,32.683,236.279,0.0
N,439,31.973,237.51,0.0
N,440,34.104,238.741,0.0
N,441,32.683,238.741,0.0
N,442,34.815,239.971,0.0
N,443,0.0,174.748,0.0
N,444,0.711,175.979,0.0
N,446,2.132,178.44,0.0
N,447,0.711,178.44,0.0
N,448,2.842,179.671,0.0
N,449,2.132,180.901,0.0
N,450,4.263,182.132,0.0
N,451,2.842,182.132,0.0
N,452,4.974,183.363,0.0
N,453,4.263,184.593,0.0
N,454,6.395,185.824,0.0
N,455,4.974,185.824,0.0
N,456,7.105,187.055,0.0
N,457,6.395,188.285,0.0
N,458,8.526,189.516,0.0
N,459,7.105,189.516,0.0
N,460,9.237,190.746,0.0
N,461,8.526,191.977,0.0
N,462,10.658,193.208,0.0
N,463,9.237,193.208,0.0
N,464,11.368,194.438,0.0
N,465,10.658,195.669,0.0
N,466,12.789,196.9,0.0
N,467,11.368,196.9,0.0
N,468,13.5,198.13,0.0
N,469,12.789,199.361,0.0
N,470,14.921,200.591,0.0
N,471,13.5,200.591,0.0
N,472,15.631,201.822,0.0
N,473,14.921,203.053,0.0
N,474,17.052,204.283,0.0
N,475,15.631,204.283,0.0
N,476,17.763,205.514,0.0
N,477,17.052,206.745,0.0
N,478,19.184,207.975,0.0
N,479,17.763,207.975,0.0
N,480,19.894,209.206,0.0
N,481,19.184,210.436,0.0
N,482,21.315,211.667,0.0
N,483,19.894,211.667,0.0
N,484,22.026,212.898,0.0
N,485,21.315,214.128,0.0
N,486,23.447,215.359,0.0
N,487,22.026,215.359,0.0
N,488,24.157,216.59,0.0
N,489,23.447,217.82,0.0
N,490,25.578,219.051,0.0
N,491,24.157,219.051,0.0
N,492,26.289,220.281,0.0
N,493,25.578,221.512,0.0
N,494,27.71,222.743,0.0
N,495,26.289,222.743,0.0
N,497,27.71,225.204,0.0
N,498,29.841,226.435,0.0
N,499,28.42,226.435,0.0
N,500,30.552,227.665,0.0
N,501,29.841,228.896,0.0
N,502,31.973,230.126,0.0
N,503,30.552,230.126,0.0
N,504,32.683,231.357,0.0
N,505,31.973,232.588,0.0
N,506,34.104,233.818,0.0
N,507,32.683,233.818,0.0
N,508,34.815,235.049,0.0
N,509,34.104,236.279,0.0
N,510,36.236,237.51,0.0
N,511,34.815,237.51,0.0
N,512,36.946,238.741,0.0
N,513,36.236,239.971,0.0
N,514,0.0,169.826,0.0
N,515,0.711,171.057,0.0
N,516,0.0,172.287,0.0
N,517,2.132,173.518,0.0
N,518,0.711,173.518,0.0
N,519,2.842,174.748,0.0
N,520,2.132,175.979,0.0
N,521,4.263,177.21,0.0
N,522,2.842,177.21,0.0
N,523,4.974,178.44,0.0
N,524,4.263,179.671,0.0
N,525,6.395,180.901,0.0
N,526,4.974,180.902,0.0
N,527,7.105,182.132,0.0
N,528,6.395,183.363,0.0
N,529,8.526,184.593,0.0
N,530,7.105,184.593,0.0
N,531,9.237,185.824,0.0
N,532,8.526,187.055,0.0
N,533,10.658,188.285,0.0
N,534,9.237,188.285,0.0
N,535,11.368,189.516,0.0
N,536,10.658,190.746,0.0
N,537,12.789,191.977,0.0
N,538,11.368,191.977,0.0
N,539,13.5,193.208,0.0
N,540,12.789,194.438,0.0
N,541,14.921,195.669,0.0
N,542,13.5,195.669,0.0
N,543,15.631,196.9,0.0
N,544,14.921,198.13,0.0
N,545,17.052,199.361,0.0
N,546,15.631,199.361,0.0
N,547,17.763,200.591,0.0
N,548,17.052,201.822,0.0
N,549,19.184,203.053,0.0
N,550,17.763,203.053,0.0
N,551,19.894,204.283,0.0
N,552,19.184,205.514,0.0
N,553,21.315,206.745,0.0
N,554,19.894,206.745,0.0
N,555,22.026,207.975,0.0
N,557,23.447,210.436,0.0
N,558,22.026,210.436,0.0
N,559,24.157,211.667,0.0
N,560,23.447,212.898,0.0
N,561,25.578,214.128,0.0
N,562,24.157,214.128,0.0
N,563,26.289,215.359,0.0
N,564,25.578,216.59,0.0
N,565,27.71,217.82,0.0
N,566,26.289,217.82,0.0
N,567,28.42,219.051,0.0
N,569,29.841,221.512,0.0
N,570,28.42,221.512,0.0
N,571,30.552,222.743,0.0
N,572,29.841,223.973,0.0
N,573,31.973,225.204,0.0
N,574,30.552,225.204,0.0
N,575,32.683,226.435,0.0
N,576,31.973,227.665,0.0
N,577,34.104,228.896,0.0
N,578,32.683,228.896,0.0
N,579,34.815,230.126,0.0
N,580,34.104,231.357,0.0
N,581,36.236,232.588,0.0
N,582,34.815,232.588,0.0
N,583,36.946,233.818,0.0
N,584,36.236,235.049,0.0
N,585,38.367,236.279,0.0
N,586,36.946,236.279,0.0
N,587,0.0,164.903,0.0
N,588,0.711,166.134,0.0
N,589,0.0,167.365,0.0
N,590,2.132,168.595,0.0
N,591,0.711,168.595,0.0
N,593,2.132,171.057,0.0
N,594,4.263,172.287,0.0
N,595,2.842,172.287,0.0
N,597,4.263,174.748,0.0
N,598,6.395,175.979,0.0
N,599,4.974,175.979,0.0
N,600,7.105,177.21,0.0
N,601,6.395,178.44,0.0
N,602,8.526,179.671,0.0
N,603,7.105,179.671,0.0
N,604,9.237,180.901,0.0
N,605,8.526,182.132,0.0
N,606,10.658,183.363,0.0
N,607,9.237,183.363,0.0
N,608,11.368,184.593,0.0
N,609,10.658,185.824,0.0
N,610,12.789,187.055,0.0
N,611,11.368,187.055,0.0
N,612,13.5,188.285,0.0
N,613,12.789,189.516,0.0
N,614,14.921,190.746,0.0
N,615,13.5,190.746,0.0
N,616,15.631,191.977,0.0
N,617,14.921,193.208,0.0
N,618,17.052,194.438,0.0
N,619,15.631,194.438,0.0
N,620,17.763,195.669,0.0
N,621,17.052,196.9,0.0
N,622,19.184,198.13,0.0
N,623,17.763,198.13,0.0
N,624,19.894,199.361,0.0
N,625,19.184,200.591,0.0
N,626,21.315,201.822,0.0
N,627,19.894,201.822,0.0
N,628,22.026,203.053,0.0
N,629,21.315,204.283,0.0
N,630,23.447,205.514,0.0
N,631,22.026,205.514,0.0
N,632,24.157,206.745,0.0
N,633,23.447,207.975,0.0
N,634,25.578,209.206,0.0
N,635,24.157,209.206,0.0
N,636,26.289,210.436,0.0
N,637,25.578,211.667,0.0
N,638,27.71,212.898,0.0
N,639,26.289,212.898,0.0
N,640,28.42,214.128,0.0
N,641,27.71,215.359,0.0
N,642,29.841,216.59,0.0
N,643,28.42,216.59,0.0
N,644,30.552,217.82,0.0
N,645,29.841,219.051,0.0
N,646,31.973,220.281,0.0
N,647,30.552,220.281,0.0
N,648,32.683,221.512,0.0
N,649,31.973,222.743,0.0
N,650,34.104,223.973,0.0
N,651,32.683,223.973,0.0
N,652,34.815,225.204,0.0
N,653,34.104,226.434,0.0
N,654,36.236,227.665,0.0
N,655,34.815,227.665,0.0
N,656,36.946,228.896,0.0
N,657,36.236,230.126,0.0
N,658,36.946,231.357,0.0
N,659,0.0,159.981,0.0
N,660,0.711,161.212,0.0
N,661,0.0,162.442,0.0
N,662,2.131,163.673,0.0
N,663,0.711,163.673,0.0
N,664,2.842,164.903,0.0
N,665,2.131,166.134,0.0
N,666,4.263,167.365,0.0
N,667,2.842,167.365,0.0
N,668,4.974,168.595,0.0
N,669,4.263,169.826,0.0
N,670,6.394,171.057,0.0
N,671,4.974,171.057,0.0
N,672,7.105,172.287,0.0
N,673,6.395,173.518,0.0
N,674,8.526,174.748,0.0
N,675,7.105,174.748,0.0
N,676,9.237,175.979,0.0
N,677,8.526,177.21,0.0
N,678,10.658,178.44,0.0
N,679,9.237,178.44,0.0
N,680,11.368,179.671,0.0
N,681,10.658,180.901,0.0
N,682,12.789,182.132,0.0
N,683,11.368,182.132,0.0
N,684,13.5,183.363,0.0
N,685,12.789,184.593,0.0
N,686,14.921,185.824,0.0
N,687,13.5,185.824,0.0
N,688,15.631,187.055,0.0
N,689,14.921,188.285,0.0
N,690,17.052,189.516,0.0
N,691,15.631,189.516,0.0
N,692,17.763,190.746,0.0
N,693,17.052,191.977,0.0
N,694,19.184,193.208,0.0
N,695,17.763,193.208,0.0
N,696,19.894,194.438,0.0
N,697,19.184,195.669,0.0
N,698,21.315,196.9,0.0
N,699,19.894,196.9,0.0
N,700,22.026,198.13,0.0
N,701,21.315,199.361,0.0
N,702,23.447,200.591,0.0
N,703,22.026,200.591,0.0
N,705,23.447,203.053,0.0
N,706,25.578,204.283,0.0
N,707,24.157,204.283,0.0
N,708,26.289,205.514,0.0
N,709,25.578,206.745,0.0
N,710,27.71,207.975,0.0
N,711,26.289,207.975,0.0
N,712,28.42,209.206,0.0
N,713,27.71,210.436,0.0
N,714,29.841,211.667,0.0
N,715,28.42,211.667,0.0
N,716,30.552,212.898,0.0
N,717,29.841,214.128,0.0
N,718,31.973,215.359,0.0
N,719,30.552,215.359,0.0
N,720,32.683,216.59,0.0
N,721,31.972,217.82,0.0
N,722,34.104,219.051,0.0
N,723,32.683,219.051,0.0
N,724,34.815,220.281,0.0
N,725,34.104,221.512,0.0
N,726,36.236,222.743,0.0
N,727,34.815,222.743,0.0
N,728,36.946,223.973,0.0
N,729,36.236,225.204,0.0
N,730,38.367,226.435,0.0
N,731,36.946,226.435,0.0
N,732,38.367,228.896,0.0
N,733,0.0,155.058,0.0
N,734,0.711,156.289,0.0
N,735,0.0,157.52,0.0
N,736,2.132,158.75,0.0
N,737,0.711,158.75,0.0
N,738,2.842,159.981,0.0
N,739,2.132,161.212,0.0
N,740,4.263,162.442,0.0
N,742,4.974,163.673,0.0
N,743,4.263,164.903,0.0
N,744,6.395,166.134,0.0
N,745,4.974,166.134,0.0
N,746,7.105,167.365,0.0
N,748,8.526,169.826,0.0
N,749,7.105,169.826,0.0
N,750,9.237,171.057,0.0
N,751,8.526,172.287,0.0
N,752,10.658,173.518,0.0
N,753,9.237,173.518,0.0
N,755,10.658,175.979,0.0
N,756,12.789,177.21,0.0
N,757,11.368,177.21,0.0
N,758,13.5,178.44,0.0
N,759,12.789,179.671,0.0
N,760,14.921,180.901,0.0
N,761,13.5,180.902,0.0
N,762,15.631,182.132,0.0
N,763,14.921,183.363,0.0
N,764,17.052,184.593,0.0
N,765,15.631,184.593,0.0
N,766,17.763,185.824,0.0
N,767,17.052,187.055,0.0
N,768,19.184,188.285,0.0
N,769,17.763,188.285,0.0
N,770,19.894,189.516,0.0
N,771,19.184,190.746,0.0
N,772,21.315,191.977,0.0
N,773,19.894,191.977,0.0
N,774,22.026,193.208,0.0
N,775,21.315,194.438,0.0
N,776,23.447,195.669,0.0
N,777,22.026,195.669,0.0
N,778,24.157,196.9,0.0
N,779,23.447,198.13,0.0
N,780,25.578,199.361,0.0
N,781,24.157,199.361,0.0
N,782,26.289,200.591,0.0
N,783,25.578,201.822,0.0
N,784,27.71,203.053,0.0
N,785,26.289,203.053,0.0
N,786,28.42,204.283,0.0
N,787,27.71,205.514,0.0
N,788,29.841,206.745,0.0
N,789,28.42,206.745,0.0
N,790,30.552,207.975,0.0
N,791,29.841,209.206,0.0
N,792,31.973,210.436,0.0
N,793,30.552,210.436,0.0
N,794,32.683,211.667,0.0
N,795,31.973,212.898,0.0
N,796,34.104,214.128,0.0
N,797,32.683,214.128,0.0
N,798,34.815,215.359,0.0
N,799,34.104,216.59,0.0
N,800,36.236,217.82,0.0
N,801,34.815,217.82,0.0
N,802,36.946,219.051,0.0
N,803,36.236,220.281,0.0
N,804,36.946,221.512,0.0
N,805,0.0,150.136,0.0
N,806,0.711,151.367,0.0
N,808,2.132,153.828,0.0
N,809,0.711,153.828,0.0
N,810,2.842,155.058,0.0
N,812,4.263,157.52,0.0
N,813,2.842,157.52,0.0
N,814,4.974,158.75,0.0
N,815,4.263,159.981,0.0
N,816,6.395,161.212,0.0
N,817,4.974,161.212,0.0
N,818,7.105,162.442,0.0
N,819,6.395,163.673,0.0
N,820,8.526,164.903,0.0
N,821,7.105,164.903,0.0
N,822,9.237,166.134,0.0
N,823,8.526,167.365,0.0
N,824,10.658,168.595,0.0
N,825,9.237,168.595,0.0
N,826,11.368,169.826,0.0
N,827,10.658,171.057,0.0
N,828,12.789,172.287,0.0
N,829,11.368,172.287,0.0
N,830,13.5,173.518,0.0
N,831,12.789,174.748,0.0
N,832,14.921,175.979,0.0
N,833,13.5,175.979,0.0
N,834,15.631,177.21,0.0
N,835,14.921,178.44,0.0
N,836,17.052,179.671,0.0
N,837,15.631,179.671,0.0
N,838,17.763,180.902,0.0
N,839,17.052,182.132,0.0
N,840,19.184,183.363,0.0
N,841,17.763,183.363,0.0
N,842,19.894,184.593,0.0
N,843,19.184,185.824,0.0
N,844,21.315,187.055,0.0
N,845,19.894,187.055,0.0
N,846,22.026,188.285,0.0
N,847,21.315,189.516,0.0
N,848,23.447,190.746,0.0
N,849,22.026,190.746,0.0
N,850,24.157,191.977,0.0
N,851,23.447,193.208,0.0
N,852,25.578,194.438,0.0
N,853,24.157,194.438,0.0
N,854,26.289,195.669,0.0
N,855,25.578,196.9,0.0
N,856,27.71,198.13,0.0
N,857,26.289,198.13,0.0
N,858,28.42,199.361,0.0
N,859,27.71,200.591,0.0
N,860,29.841,201.822,0.0
N,861,28.42,201.822,0.0
N,862,30.552,203.053,0.0
N,863,29.841,204.283,0.0
N,864,31.973,205.514,0.0
N,865,30.552,205.514,0.0
N,866,32.683,206.745,0.0
N,867,31.973,207.975,0.0
N,868,34.104,209.206,0.0
N,869,32.683,209.206,0.0
N,870,34.815,210.436,0.0
N,871,34.104,211.667,0.0
N,872,36.236,212.898,0.0
N,873,34.815,212.898,0.0
N,874,36.946,214.128,0.0
N,875,36.236,215.359,0.0
N,876,38.367,216.59,0.0
N,877,36.946,216.59,0.0
N,878,0.0,145.213,0.0
N,879,0.71,146.444,0.0
N,880,0.0,147.675,0.0
N,881,2.132,148.905,0.0
N,882,0.711,148.905,0.0
N,883,2.842,150.136,0.0
N,884,2.132,151.367,0.0
N,885,4.263,152.597,0.0
N,886,2.842,152.597,0.0
N,887,4.974,153.828,0.0
N,888,4.263,155.058,0.0
N,890,4.974,156.289,0.0
N,892,6.395,158.75,0.0
N,893,8.526,159.981,0.0
N,894,7.105,159.981,0.0
N,895,9.237,161.212,0.0
N,896,8.526,162.442,0.0
N,897,10.658,163.673,0.0
N,898,9.237,163.673,0.0
N,899,11.368,164.903,0.0
N,900,10.658,166.134,0.0
N,901,12.789,167.365,0.0
N,902,11.368,167.365,0.0
N,903,13.5,168.595,0.0
N,904,12.789,169.826,0.0
N,905,14.921,171.057,0.0
N,906,13.5,171.057,0.0
N,907,15.631,172.287,0.0
N,909,17.052,174.748,0.0
N,910,15.631,174.748,0.0
N,911,17.763,175.979,0.0
N,912,17.052,177.21,0.0
N,913,19.184,178.44,0.0
N,914,17.763,178.44,0.0
N,915,19.894,179.671,0.0
N,916,19.184,180.901,0.0
N,917,21.315,182.132,0.0
N,918,19.894,182.132,0.0
N,919,22.026,183.363,0.0
N,920,21.315,184.593,0.0
N,921,23.447,185.824,0.0
N,922,22.026,185.824,0.0
N,923,24.157,187.055,0.0
N,924,23.447,188.285,0.0
N,925,25.578,189.516,0.0
N,927,26.289,190.746,0.0
N,928,25.578,191.977,0.0
N,929,27.71,193.208,0.0
N,930,26.289,193.208,0.0
N,931,28.42,194.438,0.0
N,932,27.71,195.669,0.0
N,933,29.841,196.9,0.0
N,934,28.42,196.9,0.0
N,935,30.552,198.13,0.0
N,936,29.841,199.361,0.0
N,937,31.973,200.591,0.0
N,938,30.552,200.591,0.0
N,939,32.683,201.822,0.0
N,940,31.973,203.053,0.0
N,941,34.104,204.283,0.0
N,942,32.683,204.283,0.0
N,943,34.815,205.514,0.0
N,944,34.104,206.745,0.0
N,945,36.236,207.975,0.0
N,946,34.815,207.975,0.0
N,947,36.946,209.206,0.0
N,948,36.236,210.436,0.0
N,949,36.946,211.667,0.0
N,950,38.367,214.128,0.0
N,951,0.0,140.291,0.0
N,952,0.71,141.522,0.0
N,953,0.0,142.752,0.0
N,954,2.131,143.983,0.0
N,955,0.71,143.983,0.0
N,956,2.842,145.213,0.0
N,957,2.131,146.444,0.0
N,958,4.263,147.675,0.0
N,959,2.842,147.675,0.0
N,960,4.974,148.905,0.0
N,961,4.263,150.136,0.0
N,962,6.394,151.367,0.0
N,963,4.974,151.367,0.0
N,964,7.105,152.597,0.0
N,965,6.395,153.828,0.0
N,966,8.526,155.058,0.0
N,967,7.105,155.058,0.0
N,968,9.237,156.289,0.0
N,969,8.526,157.52,0.0
N,970,10.658,158.75,0.0
N,971,9.237,158.75,0.0
N,972,11.368,159.981,0.0
N,973,10.658,161.212,0.0
N,974,12.789,162.442,0.0
N,975,11.368,162.442,0.0
N,976,13.5,163.673,0.0
N,977,12.789,164.903,0.0
N,978,14.921,166.134,0.0
N,979,13.5,166.134,0.0
N,980,15.631,167.365,0.0
N,981,14.921,168.595,0.0
N,982,17.052,169.826,0.0
N,983,15.631,169.826,0.0
N,984,17.763,171.057,0.0
N,985,17.052,172.287,0.0
N,986,19.184,173.518,0.0
N,987,17.763,173.518,0.0
N,988,19.894,174.748,0.0
N,989,19.184,175.979,0.0
N,990,21.315,177.21,0.0
N,991,19.894,177.21,0.0
N,992,22.026,178.44,0.0
N,993,21.315,179.671,0.0
N,994,23.447,180.901,0.0
N,995,22.026,180.902,0.0
N,996,24.157,182.132,0.0
N,997,23.447,183.363,0.0
N,998,25.578,184.593,0.0
N,999,24.157,184.593,0.0
N,1000,26.289,185.824,0.0
N,1001,25.578,187.055,0.0
N,1002,27.71,188.285,0.0
N,1003,26.289,188.285,0.0
N,1004,28.42,189.516,0.0
N,1005,27.71,190.746,0.0
N,1006,29.841,191.977,0.0
N,1007,28.42,191.977,0.0
N,1008,30.552,193.208,0.0
N,1009,29.841,194.438,0.0
N,1010,31.973,195.669,0.0
N,1011,30.552,195.669,0.0
N,1012,32.683,196.9,0.0
N,1013,31.973,198.13,0.0
N,1015,32.683,199.361,0.0
N,1016,34.815,200.591,0.0
N,1017,34.104,201.822,0.0
N,1018,36.236,203.053,0.0
N,1019,34.815,203.053,0.0
N,1020,36.946,204.283,0.0
N,1021,36.236,205.514,0.0
N,1022,36.946,206.745,0.0
N,1023,0.0,135.368,0.0
N,1025,0.0,137.83,0.0
N,1026,2.132,139.06,0.0
N,1027,0.711,139.06,0.0
N,1028,2.842,140.291,0.0
N,1029,2.132,141.522,0.0
N,1030,4.263,142.752,0.0
N,1031,2.842,142.752,0.0
N,1033,4.263,145.213,0.0
N,1034,6.395,146.444,0.0
N,1035,4.974,146.444,0.0
N,1037,6.395,148.905,0.0
N,1038,8.526,150.136,0.0
N,1039,7.105,150.136,0.0
N,1040,9.237,151.367,0.0
N,1041,8.526,152.597,0.0
N,1042,10.658,153.828,0.0
N,1043,9.237,153.828,0.0
N,1044,11.368,155.058,0.0
N,1045,10.658,156.289,0.0
N,1046,12.789,157.52,0.0
N,1048,13.5,158.75,0.0
N,1049,12.789,159.981,0.0
N,1050,14.921,161.212,0.0
N,1051,13.5,161.212,0.0
N,1052,15.631,162.442,0.0
N,1053,14.921,163.673,0.0
N,1054,17.052,164.903,0.0
N,1055,15.631,164.903,0.0
N,1056,17.763,166.134,0.0
N,1057,17.052,167.365,0.0
N,1059,17.763,168.595,0.0
N,1060,19.894,169.826,0.0
N,1061,19.184,171.057,0.0
N,1062,21.315,172.287,0.0
N,1063,19.894,172.287,0.0
N,1064,22.026,173.518,0.0
N,1065,21.315,174.748,0.0
N,1066,23.447,175.979,0.0
N,1067,22.026,175.979,0.0
N,1068,24.157,177.21,0.0
N,1069,23.447,178.44,0.0
N,1070,25.578,179.671,0.0
N,1071,24.157,179.671,0.0
N,1072,26.289,180.902,0.0
N,1073,25.578,182.132,0.0
N,1074,27.71,183.363,0.0
N,1075,26.289,183.363,0.0
N,1076,28.42,184.593,0.0
N,1077,27.71,185.824,0.0
N,1078,29.841,187.055,0.0
N,1079,28.42,187.055,0.0
N,1080,30.552,188.285,0.0
N,1081,29.841,189.516,0.0
N,1082,31.973,190.746,0.0
N,1083,30.552,190.746,0.0
N,1084,32.683,191.977,0.0
N,1085,31.973,193.208,0.0
N,1086,34.104,194.438,0.0
N,1087,32.683,194.438,0.0
N,1088,34.815,195.669,0.0
N,1089,34.104,196.9,0.0
N,1090,36.236,198.13,0.0
N,1091,34.815,198.13,0.0
N,1092,36.946,199.361,0.0
N,1093,36.236,200.591,0.0
N,1094,36.946,201.822,0.0
N,1095,0.0,130.446,0.0
N,1096,0.711,131.677,0.0
N,1097,0.0,132.907,0.0
N,1098,2.132,134.138,0.0
N,1099,0.711,134.138,0.0
N,1100,2.842,135.368,0.0
N,1101,2.132,136.599,0.0
N,1102,4.263,137.83,0.0
N,1103,2.842,137.83,0.0
N,1104,4.974,139.06,0.0
N,1105,4.263,140.291,0.0
N,1106,6.395,141.522,0.0
N,1107,4.974,141.522,0.0
N,1108,7.105,142.752,0.0
N,1109,6.395,143.983,0.0
N,1110,8.526,145.213,0.0
N,1111,7.105,145.213,0.0
N,1112,9.237,146.444,0.0
N,1113,8.526,147.675,0.0
N,1114,10.658,148.905,0.0
N,1115,9.237,148.905,0.0
N,1116,11.368,150.136,0.0
N,1117,10.658,151.367,0.0
N,1118,12.789,152.597,0.0
N,1119,11.368,152.597,0.0
N,1120,13.5,153.828,0.0
N,1121,12.789,155.058,0.0
N,1122,14.921,156.289,0.0
N,1123,13.5,156.289,0.0
N,1124,15.631,157.52,0.0
N,1126,17.052,159.981,0.0
N,1127,15.631,159.981,0.0
N,1128,17.763,161.212,0.0
N,1129,17.052,162.442,0.0
N,1130,19.184,163.673,0.0
N,1131,17.763,163.673,0.0
N,1132,19.894,164.903,0.0
N,1133,19.184,166.134,0.0
N,1134,21.315,167.365,0.0
N,1135,19.894,167.365,0.0
N,1136,22.026,168.595,0.0
N,1137,21.315,169.826,0.0
N,1139,22.026,171.057,0.0
N,1140,24.157,172.287,0.0
N,1141,23.447,173.518,0.0
N,1142,25.578,174.748,0.0
N,1143,24.157,174.748,0.0
N,1145,25.578,177.21,0.0
N,1146,27.71,178.44,0.0
N,1147,26.289,178.44,0.0
N,1148,28.42,179.671,0.0
N,1149,27.71,180.901,0.0
N,1150,29.841,182.132,0.0
N,1151,28.42,182.132,0.0
N,1152,30.552,183.363,0.0
N,1153,29.841,184.593,0.0
N,1154,31.973,185.824,0.0
N,1155,30.552,185.824,0.0
N,1156,32.683,187.055,0.0
N,1157,31.973,188.285,0.0
N,1158,34.104,189.516,0.0
N,1159,32.683,189.516,0.0
N,1160,34.815,190.746,0.0
N,1161,34.104,191.977,0.0
N,1162,36.236,193.208,0.0
N,1163,34.815,193.208,0.0
N,1164,36.946,194.438,0.0
N,1165,36.236,195.669,0.0
N,1166,36.946,196.9,0.0
N,1167,0.0,125.524,0.0
N,1168,0.71,126.754,0.0
N,1169,0.0,127.985,0.0
N,1170,2.131,129.215,0.0
N,1171,0.71,129.215,0.0
N,1172,2.842,130.446,0.0
N,1173,2.131,131.677,0.0
N,1174,4.263,132.907,0.0
N,1175,2.842,132.907,0.0
N,1176,4.973,134.138,0.0
N,1177,4.263,135.368,0.0
N,1178,6.394,136.599,0.0
N,1179,4.973,136.599,0.0
N,1180,7.105,137.83,0.0
N,1181,6.394,139.06,0.0
N,1182,8.526,140.291,0.0
N,1183,7.105,140.291,0.0
N,1184,9.236,141.522,0.0
N,1185,8.526,142.752,0.0
N,1186,10.658,143.983,0.0
N,1187,9.237,143.983,0.0
N,1188,11.368,145.213,0.0
N,1189,10.658,146.444,0.0
N,1190,12.789,147.675,0.0
N,1191,11.368,147.675,0.0
N,1192,13.5,148.905,0.0
N,1193,12.789,150.136,0.0
N,1194,14.921,151.367,0.0
N,1195,13.5,151.367,0.0
N,1196,15.631,152.597,0.0
N,1197,14.921,153.828,0.0
N,1198,17.052,155.058,0.0
N,1199,15.631,155.058,0.0
N,1200,17.763,156.289,0.0
N,1201,17.052,157.52,0.0
N,1202,19.184,158.75,0.0
N,1203,17.763,158.75,0.0
N,1204,19.894,159.981,0.0
N,1205,19.184,161.212,0.0
N,1206,21.315,162.442,0.0
N,1207,19.894,162.442,0.0
N,1208,22.026,163.673,0.0
N,1209,21.315,164.903,0.0
N,1210,23.447,166.134,0.0
N,1211,22.026,166.134,0.0
N,1212,24.157,167.365,0.0
N,1213,23.447,168.595,0.0
N,1214,25.578,169.826,0.0
N,1215,24.157,169.826,0.0
N,1216,26.289,171.057,0.0
N,1217,25.578,172.287,0.0
N,1218,27.71,173.518,0.0
N,1219,26.289,173.518,0.0
N,1220,28.42,174.748,0.0
N,1221,27.71,175.979,0.0
N,1222,29.841,177.21,0.0
N,1223,28.42,177.21,0.0
N,1224,30.552,178.44,0.0
N,1225,29.841,179.671,0.0
N,1226,31.973,180.902,0.0
N,1227,30.552,180.902,0.0
N,1228,32.683,182.132,0.0
N,1229,31.973,183.363,0.0
N,1230,34.104,184.593,0.0
N,1231,32.683,184.593,0.0
N,1232,34.815,185.824,0.0
N,1233,34.104,187.055,0.0
N,1234,36.236,188.285,0.0
N,1235,34.815,188.285,0.0
N,1236,36.946,189.516,0.0
N,1237,36.236,190.746,0.0
N,1238,36.946,191.977,0.0
N,1239,0.0,120.601,0.0
N,1240,0.71,121.832,0.0
N,1241,0.0,123.062,0.0
N,1242,2.131,124.293,0.0
N,1243,0.71,124.293,0.0
N,1245,2.132,126.754,0.0
N,1246,4.263,127.985,0.0
N,1247,2.842,127.985,0.0
N,1248,4.973,129.215,0.0
N,1249,4.263,130.446,0.0
N,1250,6.394,131.677,0.0
N,1251,4.973,131.677,0.0
N,1252,7.105,132.907,0.0
N,1254,8.526,135.368,0.0
N,1255,7.105,135.368,0.0
N,1256,9.236,136.599,0.0
N,1257,8.526,137.83,0.0
N,1258,10.658,139.06,0.0
N,1259,9.236,139.06,0.0
N,1260,11.368,140.291,0.0
N,1261,10.658,141.522,0.0
N,1262,12.789,142.752,0.0
N,1263,11.368,142.752,0.0
N,1264,13.5,143.983,0.0
N,1265,12.789,145.213,0.0
N,1266,14.921,146.444,0.0
N,1267,13.5,146.444,0.0
N,1268,15.631,147.675,0.0
N,1269,14.921,148.905,0.0
N,1270,17.052,150.136,0.0
N,1271,15.631,150.136,0.0
N,1272,17.763,151.367,0.0
N,1273,17.052,152.597,0.0
N,1274,19.184,153.828,0.0
N,1275,17.763,153.828,0.0
N,1276,19.894,155.058,0.0
N,1277,19.184,156.289,0.0
N,1278,21.315,157.52,0.0
N,1279,19.894,157.52,0.0
N,1280,22.026,158.75,0.0
N,1281,21.315,159.981,0.0
N,1282,23.447,161.212,0.0
N,1283,22.026,161.212,0.0
N,1284,24.157,162.442,0.0
N,1285,23.447,163.673,0.0
N,1286,25.578,164.903,0.0
N,1287,24.157,164.903,0.0
N,1288,26.289,166.134,0.0
N,1289,25.578,167.365,0.0
N,1290,27.71,168.595,0.0
N,1291,26.289,168.595,0.0
N,1292,28.42,169.826,0.0
N,1293,27.71,171.057,0.0
N,1294,29.841,172.287,0.0
N,1296,30.552,173.518,0.0
N,1297,29.841,174.748,0.0
N,1298,31.973,175.979,0.0
N,1299,30.552,175.979,0.0
N,1300,32.683,177.21,0.0
N,1301,31.973,178.44,0.0
N,1302,34.104,179.671,0.0
N,1303,32.683,179.671,0.0
N,1304,34.815,180.902,0.0
N,1305,34.104,182.132,0.0
N,1306,36.236,183.363,0.0
N,1307,34.815,183.363,0.0
N,1308,36.946,184.593,0.0
N,1309,36.236,185.824,0.0
N,1310,36.946,187.055,0.0
N,1311,0.0,115.679,0.0
N,1312,0.711,116.909,0.0
N,1313,0.0,118.14,0.0
N,1314,2.132,119.37,0.0
N,1315,0.71,119.37,0.0
N,1316,2.842,120.601,0.0
N,1317,2.132,121.832,0.0
N,1318,4.263,123.062,0.0
N,1319,2.842,123.062,0.0
N,1320,4.974,124.293,0.0
N,1321,4.263,125.524,0.0
N,1322,6.395,126.754,0.0
N,1323,4.974,126.754,0.0
N,1324,7.105,127.985,0.0
N,1325,6.395,129.215,0.0
N,1326,8.526,130.446,0.0
N,1327,7.105,130.446,0.0
N,1328,9.237,131.677,0.0
N,1329,8.526,132.907,0.0
N,1330,10.658,134.138,0.0
N,1331,9.237,134.138,0.0
N,1332,11.368,135.368,0.0
N,1333,10.658,136.599,0.0
N,1334,12.789,137.83,0.0
N,1335,11.368,137.83,0.0
N,1336,13.5,139.06,0.0
N,1337,12.789,140.291,0.0
N,1338,14.921,141.522,0.0
N,1339,13.5,141.522,0.0
N,1341,14.921,143.983,0.0
N,1342,17.052,145.213,0.0
N,1343,15.631,145.213,0.0
N,1344,17.763,146.444,0.0
N,1345,17.052,147.675,0.0
N,1346,19.184,148.905,0.0
N,1347,17.763,148.905,0.0
N,1348,19.894,150.136,0.0
N,1349,19.184,151.367,0.0
N,1350,21.315,152.597,0.0
N,1351,19.894,152.597,0.0
N,1352,22.026,153.828,0.0
N,1353,21.315,155.058,0.0
N,1354,23.447,156.289,0.0
N,1355,22.026,156.289,0.0
N,1356,24.157,157.52,0.0
N,1357,23.447,158.75,0.0
N,1358,25.578,159.981,0.0
N,1359,24.157,159.981,0.0
N,1360,26.289,161.212,0.0
N,1361,25.578,162.442,0.0
N,1362,27.71,163.673,0.0
N,1363,26.289,163.673,0.0
N,1364,28.42,164.903,0.0
N,1365,27.71,166.134,0.0
N,1366,29.841,167.365,0.0
N,1367,28.42,167.365,0.0
N,1368,30.552,168.595,0.0
N,1369,29.841,169.826,0.0
N,1370,31.973,171.057,0.0
N,1371,30.552,171.057,0.0
N,1372,32.683,172.287,0.0
N,1373,31.973,173.518,0.0
N,1374,34.104,174.748,0.0
N,1375,32.683,174.748,0.0
N,1377,34.104,177.21,0.0
N,1378,36.236,178.44,0.0
N,1379,34.815,178.44,0.0
N,1380,36.946,179.671,0.0
N,1381,36.236,180.901,0.0
N,1382,36.946,182.132,0.0
N,1383,0.0,110.756,0.0
N,1384,0.71,111.987,0.0
N,1385,0.0,113.217,0.0
N,1386,2.131,114.448,0.0
N,1387,0.71,114.448,0.0
N,1388,2.842,115.679,0.0
N,1389,2.131,116.909,0.0
N,1390,4.263,118.14,0.0
N,1391,2.842,118.14,0.0
N,1392,4.973,119.37,0.0
N,1393,4.263,120.601,0.0
N,1394,6.394,121.832,0.0
N,1395,4.973,121.832,0.0
N,1396,7.105,123.062,0.0
N,1397,6.394,124.293,0.0
N,1398,8.526,125.524,0.0
N,1399,7.105,125.524,0.0
N,1400,9.236,126.754,0.0
N,1401,8.526,127.985,0.0
N,1402,10.658,129.215,0.0
N,1403,9.236,129.215,0.0
N,1406,12.789,132.907,0.0
N,1407,11.368,132.907,0.0
N,1408,13.5,134.138,0.0
N,1409,12.789,135.368,0.0
N,1410,14.921,136.599,0.0
N,1411,13.5,136.599,0.0
N,1412,15.631,137.83,0.0
N,1413,14.921,139.06,0.0
N,1414,17.052,140.291,0.0
N,1415,15.631,140.291,0.0
N,1416,17.763,141.522,0.0
N,1417,17.052,142.752,0.0
N,1418,19.184,143.983,0.0
N,1419,17.763,143.983,0.0
N,1420,19.894,145.213,0.0
N,1421,19.184,146.444,0.0
N,1422,21.315,147.675,0.0
N,1423,19.894,147.675,0.0
N,1425,21.315,150.136,0.0
N,1426,23.447,151.367,0.0
N,1427,22.026,151.367,0.0
N,1428,24.157,152.597,0.0
N,1429,23.447,153.828,0.0
N,1430,25.578,155.058,0.0
N,1431,24.157,155.058,0.0
N,1432,26.289,156.289,0.0
N,1433,25.578,157.52,0.0
N,1434,27.71,158.75,0.0
N,1435,26.289,158.75,0.0
N,1436,28.42,159.981,0.0
N,1438,29.841,162.442,0.0
N,1439,28.42,162.442,0.0
N,1440,30.552,163.673,0.0
N,1441,29.841,164.903,0.0
N,1442,31.973,166.134,0.0
N,1443,30.552,166.134,0.0
N,1444,32.683,167.365,0.0
N,1445,31.973,168.595,0.0
N,1446,34.104,169.826,0.0
N,1447,32.683,169.826,0.0
N,1448,34.815,171.057,0.0
N,1449,34.104,172.287,0.0
N,1450,36.236,173.518,0.0
N,1451,34.815,173.518,0.0
N,1452,36.946,174.748,0.0
N,1453,36.236,175.979,0.0
N,1454,36.946,177.21,0.0
N,1455,0.0,105.834,0.0
N,1456,0.71,107.064,0.0
N,1457,0.0,108.295,0.0
N,1458,2.132,109.525,0.0
N,1459,0.711,109.525,0.0
N,1460,2.842,110.756,0.0
N,1461,2.132,111.987,0.0
N,1462,4.263,113.217,0.0
N,1463,2.842,113.217,0.0
N,1464,4.974,114.448,0.0
N,1465,4.263,115.679,0.0
N,1466,6.394,116.909,0.0
N,1467,4.973,116.909,0.0
N,1468,7.105,118.14,0.0
N,1469,6.394,119.37,0.0
N,1470,8.526,120.601,0.0
N,1471,7.105,120.601,0.0
N,1472,9.236,121.832,0.0
N,1473,8.526,123.062,0.0
N,1474,10.658,124.293,0.0
N,1475,9.236,124.293,0.0
N,1476,11.368,125.524,0.0
N,1477,10.658,126.754,0.0
N,1478,12.789,127.985,0.0
N,1479,11.368,127.985,0.0
N,1480,13.5,129.215,0.0
N,1481,12.789,130.446,0.0
N,1482,14.921,131.677,0.0
N,1483,13.5,131.677,0.0
N,1484,15.631,132.907,0.0
N,1485,14.921,134.138,0.0
N,1486,17.052,135.368,0.0
N,1488,17.763,136.599,0.0
N,1489,17.052,137.83,0.0
N,1490,19.184,139.06,0.0
N,1491,17.763,139.06,0.0
N,1492,19.894,140.291,0.0
N,1493,19.184,141.522,0.0
N,1494,21.315,142.752,0.0
N,1495,19.894,142.752,0.0
N,1496,22.026,143.983,0.0
N,1497,21.315,145.213,0.0
N,1498,23.447,146.444,0.0
N,1499,22.026,146.444,0.0
N,1500,24.157,147.675,0.0
N,1501,23.447,148.905,0.0
N,1502,25.578,150.136,0.0
N,1503,24.157,150.136,0.0
N,1504,26.289,151.367,0.0
N,1505,25.578,152.597,0.0
N,1506,27.71,153.828,0.0
N,1507,26.289,153.828,0.0
N,1508,28.42,155.058,0.0
N,1510,29.841,157.52,0.0
N,1511,28.42,157.52,0.0
N,1512,30.552,158.75,0.0
N,1513,29.841,159.981,0.0
N,1514,31.973,161.212,0.0
N,1515,30.552,161.212,0.0
N,1516,32.683,162.442,0.0
N,1517,31.973,163.673,0.0
N,1518,34.104,164.903,0.0
N,1519,32.683,164.903,0.0
N,1521,34.104,167.365,0.0
N,1522,36.236,168.595,0.0
N,1523,34.815,168.595,0.0
N,1524,36.946,169.826,0.0
N,1525,36.236,171.057,0.0
N,1527,0.0,100.911,0.0
N,1528,0.711,102.142,0.0
N,1530,2.132,104.603,0.0
N,1531,0.711,104.603,0.0
N,1532,2.842,105.834,0.0
N,1533,2.132,107.064,0.0
N,1534,4.263,108.295,0.0
N,1535,2.842,108.295,0.0
N,1536,4.974,109.525,0.0
N,1537,4.263,110.756,0.0
N,1538,6.395,111.987,0.0
N,1539,4.974,111.987,0.0
N,1540,7.105,113.217,0.0
N,1541,6.395,114.448,0.0
N,1542,8.526,115.679,0.0
N,1543,7.105,115.679,0.0
N,1544,9.236,116.909,0.0
N,1545,8.526,118.14,0.0
N,1546,10.658,119.37,0.0
N,1547,9.237,119.37,0.0
N,1548,11.368,120.601,0.0
N,1549,10.658,121.832,0.0
N,1550,12.789,123.062,0.0
N,1551,11.368,123.062,0.0
N,1552,13.5,124.293,0.0
N,1553,12.789,125.524,0.0
N,1554,14.921,126.754,0.0
N,1555,13.5,126.754,0.0
N,1556,15.631,127.985,0.0
N,1557,14.921,129.215,0.0
N,1558,17.052,130.446,0.0
N,1559,15.631,130.446,0.0
N,1560,17.763,131.677,0.0
N,1561,17.052,132.907,0.0
N,1562,19.184,134.138,0.0
N,1563,17.763,134.138,0.0
N,1564,19.894,135.368,0.0
N,1565,19.184,136.599,0.0
N,1566,21.315,137.83,0.0
N,1567,19.894,137.83,0.0
N,1568,22.026,139.06,0.0
N,1569,21.315,140.291,0.0
N,1570,23.447,141.522,0.0
N,1571,22.026,141.522,0.0
N,1572,24.157,142.752,0.0
N,1573,23.447,143.983,0.0
N,1574,25.578,145.213,0.0
N,1575,24.157,145.213,0.0
N,1576,26.289,146.444,0.0
N,1577,25.578,147.675,0.0
N,1578,27.71,148.905,0.0
N,1580,28.42,150.136,0.0
N,1581,27.71,151.367,0.0
N,1582,29.841,152.597,0.0
N,1583,28.42,152.597,0.0
N,1584,30.552,153.828,0.0
N,1585,29.841,155.058,0.0
N,1586,31.973,156.289,0.0
N,1587,30.552,156.289,0.0
N,1588,32.683,157.52,0.0
N,1589,31.973,158.75,0.0
N,1590,34.104,159.981,0.0
N,1591,32.683,159.981,0.0
N,1592,34.815,161.212,0.0
N,1593,34.104,162.442,0.0
N,1594,36.236,163.673,0.0
N,1595,34.815,163.673,0.0
N,1596,36.946,164.903,0.0
N,1597,36.236,166.134,0.0
N,1598,36.946,167.365,0.0
N,1599,0.0,95.989,0.0
N,1600,0.711,97.219,0.0
N,1601,0.0,98.45,0.0
N,1602,2.132,99.68,0.0
N,1603,0.711,99.68,0.0
N,1604,2.842,100.911,0.0
N,1605,2.132,102.142,0.0
N,1606,4.263,103.372,0.0
N,1607,2.842,103.372,0.0
N,1608,4.974,104.603,0.0
N,1609,4.263,105.834,0.0
N,1610,6.395,107.064,0.0
N,1611,4.974,107.064,0.0
N,1612,7.105,108.295,0.0
N,1613,6.395,109.525,0.0
N,1614,8.526,110.756,0.0
N,1615,7.105,110.756,0.0
N,1616,9.237,111.987,0.0
N,1617,8.526,113.217,0.0
N,1618,10.658,114.448,0.0
N,1619,9.237,114.448,0.0
N,1620,11.368,115.679,0.0
N,1621,10.658,116.909,0.0
N,1622,12.789,118.14,0.0
N,1623,11.368,118.14,0.0
N,1624,13.5,119.37,0.0
N,1625,12.789,120.601,0.0
N,1626,14.921,121.832,0.0
N,1627,13.5,121.832,0.0
N,1628,15.631,123.062,0.0
N,1629,14.921,124.293,0.0
N,1630,17.052,125.524,0.0
N,1631,15.631,125.523,0.0
N,1632,17.763,126.754,0.0
N,1633,17.052,127.985,0.0
N,1634,19.184,129.215,0.0
N,1635,17.763,129.215,0.0
N,1636,19.894,130.446,0.0
N,1637,19.184,131.677,0.0
N,1638,21.315,132.907,0.0
N,1639,19.894,132.907,0.0
N,1640,22.026,134.138,0.0
N,1641,21.315,135.368,0.0
N,1642,23.447,136.599,0.0
N,1643,22.026,136.599,0.0
N,1644,24.157,137.83,0.0
N,1645,23.447,139.06,0.0
N,1646,25.578,140.291,0.0
N,1647,24.157,140.291,0.0
N,1648,26.289,141.522,0.0
N,1649,25.578,142.752,0.0
N,1650,27.71,143.983,0.0
N,1651,26.289,143.983,0.0
N,1652,28.42,145.213,0.0
N,1653,27.71,146.444,0.0
N,1654,29.841,147.675,0.0
N,1655,28.42,147.675,0.0
N,1656,30.552,148.905,0.0
N,1657,29.841,150.136,0.0
N,1658,31.973,151.367,0.0
N,1659,30.552,151.367,0.0
N,1660,32.683,152.597,0.0
N,1661,31.973,153.828,0.0
N,1662,34.104,155.058,0.0
N,1663,32.683,155.058,0.0
N,1664,34.815,156.289,0.0
N,1665,34.104,157.52,0.0
N,1666,36.236,158.75,0.0
N,1667,34.815,158.75,0.0
N,1668,36.946,159.981,0.0
N,1669,36.236,161.212,0.0
N,1670,36.946,162.442,0.0
N,1671,0.0,91.066,0.0
N,1673,0.0,93.527,0.0
N,1674,2.132,94.758,0.0
N,1675,0.71,94.758,0.0
N,1676,2.842,95.989,0.0
N,1677,2.132,97.219,0.0
N,1678,4.263,98.45,0.0
N,1679,2.842,98.45,0.0
N,1680,4.973,99.68,0.0
N,1681,4.263,100.911,0.0
N,1682,6.395,102.142,0.0
N,1683,4.973,102.142,0.0
N,1685,6.395,104.603,0.0
N,1686,8.526,105.834,0.0
N,1687,7.105,105.834,0.0
N,1688,9.236,107.064,0.0
N,1690,10.658,109.525,0.0
N,1691,9.237,109.525,0.0
N,1692,11.368,110.756,0.0
N,1693,10.658,111.987,0.0
N,1694,12.789,113.217,0.0
N,1695,11.368,113.217,0.0
N,1696,13.5,114.448,0.0
N,1697,12.789,115.679,0.0
N,1698,14.921,116.909,0.0
N,1699,13.5,116.909,0.0
N,1700,15.631,118.14,0.0
N,1701,14.921,119.37,0.0
N,1702,17.052,120.601,0.0
N,1703,15.631,120.601,0.0
N,1704,17.763,121.832,0.0
N,1705,17.052,123.062,0.0
N,1706,19.184,124.293,0.0
N,1707,17.763,124.293,0.0
N,1708,19.894,125.524,0.0
N,1709,19.184,126.754,0.0
N,1710,21.315,127.985,0.0
N,1711,19.894,127.985,0.0
N,1712,22.026,129.215,0.0
N,1713,21.315,130.446,0.0
N,1714,23.447,131.677,0.0
N,1715,22.026,131.677,0.0
N,1716,24.157,132.907,0.0
N,1717,23.447,134.138,0.0
N,1718,25.578,135.368,0.0
N,1719,24.157,135.368,0.0
N,1720,26.289,136.599,0.0
N,1721,25.578,137.83,0.0
N,1722,27.71,139.06,0.0
N,1723,26.289,139.06,0.0
N,1724,28.42,140.291,0.0
N,1725,27.71,141.522,0.0
N,1726,29.841,142.752,0.0
N,1727,28.42,142.752,0.0
N,1728,30.552,143.983,0.0
N,1729,29.841,145.213,0.0
N,1730,31.973,146.444,0.0
N,1731,30.552,146.444,0.0
N,1732,32.683,147.675,0.0
N,1733,31.973,148.905,0.0
N,1734,34.104,150.136,0.0
N,1735,32.683,150.136,0.0
N,1736,34.815,151.367,0.0
N,1737,34.104,152.597,0.0
N,1738,36.236,153.828,0.0
N,1739,34.815,153.828,0.0
N,1740,36.946,155.058,0.0
N,1741,36.236,156.289,0.0
N,1742,36.946,157.52,0.0
N,1743,0.0,86.144,0.0
N,1744,0.71,87.374,0.0
N,1745,0.0,88.605,0.0
N,1746,2.132,89.835,0.0
N,1747,0.711,89.835,0.0
N,1748,2.842,91.066,0.0
N,1749,2.132,92.297,0.0
N,1750,4.263,93.527,0.0
N,1751,2.842,93.527,0.0
N,1752,4.974,94.758,0.0
N,1753,4.263,95.989,0.0
N,1754,6.395,97.219,0.0
N,1755,4.974,97.219,0.0
N,1757,6.395,99.68,0.0
N,1758,8.526,100.911,0.0
N,1759,7.105,100.911,0.0
N,1760,9.237,102.142,0.0
N,1761,8.526,103.372,0.0
N,1762,10.658,104.603,0.0
N,1763,9.237,104.603,0.0
N,1764,11.368,105.834,0.0
N,1765,10.658,107.064,0.0
N,1766,12.789,108.295,0.0
N,1767,11.368,108.295,0.0
N,1768,13.5,109.525,0.0
N,1769,12.789,110.756,0.0
N,1770,14.921,111.987,0.0
N,1771,13.5,111.987,0.0
N,1772,15.631,113.217,0.0
N,1773,14.921,114.448,0.0
N,1774,17.052,115.679,0.0
N,1775,15.631,115.679,0.0
N,1776,17.763,116.909,0.0
N,1777,17.052,118.14,0.0
N,1778,19.184,119.37,0.0
N,1779,17.763,119.37,0.0
N,1780,19.894,120.601,0.0
N,1781,19.184,121.832,0.0
N,1782,21.315,123.062,0.0
N,1783,19.894,123.062,0.0
N,1784,22.026,124.293,0.0
N,1785,21.315,125.524,0.0
N,1786,23.447,126.754,0.0
N,1787,22.026,126.754,0.0
N,1788,24.157,127.985,0.0
N,1789,23.447,129.215,0.0
N,1790,25.578,130.446,0.0
N,1791,24.157,130.446,0.0
N,1792,26.289,131.677,0.0
N,1793,25.578,132.907,0.0
N,1794,27.71,134.138,0.0
N,1795,26.289,134.138,0.0
N,1796,28.42,135.368,0.0
N,1797,27.71,136.599,0.0
N,1798,29.841,137.83,0.0
N,1799,28.42,137.83,0.0
N,1800,30.552,139.06,0.0
N,1801,29.841,140.291,0.0
N,1802,31.973,141.522,0.0
N,1803,30.552,141.522,0.0
N,1804,32.683,142.752,0.0
N,1805,31.973,143.983,0.0
N,1806,34.104,145.213,0.0
N,1807,32.683,145.213,0.0
N,1808,34.815,146.444,0.0
N,1809,34.104,147.675,0.0
N,1810,36.236,148.905,0.0
N,1811,34.815,148.905,0.0
N,1812,36.946,150.136,0.0
N,1813,36.236,151.367,0.0
N,1814,36.946,152.597,0.0
N,1815,0.0,81.221,0.0
N,1816,0.711,82.452,0.0
N,1817,0.0,83.682,0.0
N,1818,2.132,84.913,0.0
N,1819,0.711,84.913,0.0
N,1820,2.842,86.144,0.0
N,1821,2.132,87.374,0.0
N,1822,4.263,88.605,0.0
N,1823,2.842,88.605,0.0
N,1825,4.263,91.066,0.0
N,1826,6.395,92.297,0.0
N,1827,4.974,92.297,0.0
N,1828,7.105,93.527,0.0
N,1829,6.395,94.758,0.0
N,1830,8.526,95.989,0.0
N,1831,7.105,95.989,0.0
N,1832,9.237,97.219,0.0
N,1833,8.526,98.45,0.0
N,1834,10.658,99.68,0.0
N,1835,9.237,99.68,0.0
N,1836,11.368,100.911,0.0
N,1837,10.658,102.142,0.0
N,1838,12.789,103.372,0.0
N,1839,11.368,103.372,0.0
N,1840,13.5,104.603,0.0
N,1841,12.789,105.834,0.0
N,1842,14.921,107.064,0.0
N,1843,13.5,107.064,0.0
N,1844,15.631,108.295,0.0
N,1846,17.052,110.756,0.0
N,1847,15.631,110.756,0.0
N,1848,17.763,111.987,0.0
N,1851,17.763,114.448,0.0
N,1852,19.894,115.679,0.0
N,1853,19.184,116.909,0.0
N,1854,21.315,118.14,0.0
N,1855,19.894,118.14,0.0
N,1856,22.026,119.37,0.0
N,1857,21.315,120.601,0.0
N,1858,23.447,121.832,0.0
N,1859,22.026,121.832,0.0
N,1860,24.157,123.062,0.0
N,1861,23.447,124.293,0.0
N,1862,25.578,125.524,0.0
N,1863,24.157,125.523,0.0
N,1864,26.289,126.754,0.0
N,1865,25.578,127.985,0.0
N,1866,27.71,129.215,0.0
N,1867,26.289,129.215,0.0
N,1868,28.42,130.446,0.0
N,1869,27.71,131.677,0.0
N,1870,29.841,132.907,0.0
N,1871,28.42,132.907,0.0
N,1872,30.552,134.138,0.0
N,1873,29.841,135.368,0.0
N,1874,31.973,136.599,0.0
N,1875,30.552,136.599,0.0
N,1876,32.683,137.83,0.0
N,1877,31.973,139.06,0.0
N,1878,34.104,140.291,0.0
N,1879,32.683,140.291,0.0
N,1880,34.815,141.522,0.0
N,1881,34.104,142.752,0.0
N,1882,36.236,143.983,0.0
N,1883,34.815,143.983,0.0
N,1884,36.946,145.213,0.0
N,1885,36.236,146.444,0.0
N,1886,36.946,147.675,0.0
N,1887,0.0,76.299,0.0
N,1888,0.711,77.529,0.0
N,1889,0.0,78.76,0.0
N,1890,2.132,79.99,0.0
N,1891,0.711,79.99,0.0
N,1892,2.842,81.221,0.0
N,1893,2.132,82.452,0.0
N,1894,4.263,83.682,0.0
N,1895,2.842,83.682,0.0
N,1896,4.974,84.913,0.0
N,1897,4.263,86.144,0.0
N,1898,6.395,87.374,0.0
N,1899,4.974,87.374,0.0
N,1900,7.105,88.605,0.0
N,1901,6.395,89.835,0.0
N,1902,8.526,91.066,0.0
N,1903,7.105,91.066,0.0
N,1904,9.237,92.297,0.0
N,1905,8.526,93.527,0.0
N,1906,10.658,94.758,0.0
N,1907,9.237,94.758,0.0
N,1908,11.368,95.989,0.0
N,1909,10.658,97.219,0.0
N,1910,12.789,98.45,0.0
N,1911,11.368,98.45,0.0
N,1912,13.5,99.68,0.0
N,1913,12.789,100.911,0.0
N,1914,14.921,102.142,0.0
N,1915,13.5,102.142,0.0
N,1916,15.631,103.372,0.0
N,1917,14.921,104.603,0.0
N,1918,17.052,105.834,0.0
N,1919,15.631,105.834,0.0
N,1920,17.763,107.064,0.0
N,1921,17.052,108.295,0.0
N,1922,19.184,109.525,0.0
N,1923,17.763,109.525,0.0
N,1924,19.894,110.756,0.0
N,1925,19.184,111.987,0.0
N,1926,21.315,113.217,0.0
N,1927,19.894,113.217,0.0
N,1928,22.026,114.448,0.0
N,1929,21.315,115.679,0.0
N,1930,23.447,116.909,0.0
N,1931,22.026,116.909,0.0
N,1932,24.157,118.14,0.0
N,1933,23.447,119.37,0.0
N,1934,25.578,120.601,0.0
N,1935,24.157,120.601,0.0
N,1936,26.289,121.832,0.0
N,1937,25.578,123.062,0.0
N,1938,27.71,124.293,0.0
N,1939,26.289,124.293,0.0
N,1940,28.42,125.523,0.0
N,1941,27.71,126.754,0.0
N,1943,28.42,127.985,0.0
N,1944,30.552,129.215,0.0
N,1945,29.841,130.446,0.0
N,1946,31.973,131.677,0.0
N,1947,30.552,131.677,0.0
N,1948,32.683,132.907,0.0
N,1950,34.104,135.368,0.0
N,1951,32.683,135.368,0.0
N,1952,34.815,136.599,0.0
N,1953,34.104,137.83,0.0
N,1954,36.236,139.06,0.0
N,1955,34.815,139.06,0.0
N,1956,36.946,140.291,0.0
N,1957,36.236,141.522,0.0
N,1958,36.946,142.752,0.0
N,1959,0.0,71.376,0.0
N,1960,0.711,72.607,0.0
N,1961,0.0,73.837,0.0
N,1962,2.132,75.068,0.0
N,1963,0.71,75.068,0.0
N,1964,2.842,76.299,0.0
N,1965,2.132,77.529,0.0
N,1966,4.263,78.76,0.0
N,1967,2.842,78.76,0.0
N,1968,4.973,79.99,0.0
N,1969,4.263,81.221,0.0
N,1970,6.395,82.452,0.0
N,1971,4.974,82.452,0.0
N,1972,7.105,83.682,0.0
N,1973,6.395,84.913,0.0
N,1974,8.526,86.144,0.0
N,1975,7.105,86.144,0.0
N,1976,9.237,87.374,0.0
N,1977,8.526,88.605,0.0
N,1978,10.658,89.835,0.0
N,1979,9.237,89.835,0.0
N,1980,11.368,91.066,0.0
N,1982,12.789,93.527,0.0
N,1983,11.368,93.527,0.0
N,1984,13.5,94.758,0.0
N,1985,12.789,95.989,0.0
N,1986,14.921,97.219,0.0
N,1987,13.5,97.219,0.0
N,1988,15.631,98.45,0.0
N,1989,14.921,99.68,0.0
N,1990,17.052,100.911,0.0
N,1991,15.631,100.911,0.0
N,1992,17.763,102.142,0.0
N,1993,17.052,103.372,0.0
N,1994,19.184,104.603,0.0
N,1995,17.763,104.603,0.0
N,1996,19.894,105.834,0.0
N,1997,19.184,107.064,0.0
N,1998,21.315,108.295,0.0
N,1999,19.894,108.295,0.0
N,2000,22.026,109.525,0.0
N,2001,21.315,110.756,0.0
N,2002,23.447,111.987,0.0
N,2003,22.026,111.987,0.0
N,2004,24.157,113.217,0.0
N,2005,23.447,114.448,0.0
N,2006,25.578,115.679,0.0
N,2007,24.157,115.679,0.0
N,2008,26.289,116.909,0.0
N,2009,25.578,118.14,0.0
N,2010,27.71,119.37,0.0
N,2011,26.289,119.37,0.0
N,2012,28.42,120.601,0.0
N,2013,27.71,121.832,0.0
N,2014,29.841,123.062,0.0
N,2015,28.42,123.062,0.0
N,2016,30.552,124.293,0.0
N,2017,29.841,125.524,0.0
N,2018,31.973,126.754,0.0
N,2019,30.552,126.754,0.0
N,2020,32.683,127.985,0.0
N,2021,31.973,129.215,0.0
N,2022,34.104,130.446,0.0
N,2023,32.683,130.446,0.0
N,2024,34.815,131.677,0.0
N,2025,34.104,132.907,0.0
N,2026,36.236,134.138,0.0
N,2027,34.815,134.138,0.0
N,2028,36.946,135.368,0.0
N,2029,36.236,136.599,0.0
N,2030,36.946,137.83,0.0
N,2031,0.0,66.454,0.0
N,2032,0.711,67.684,0.0
N,2033,0.0,68.915,0.0
N,2034,2.132,70.145,0.0
N,2035,0.711,70.145,0.0
N,2036,2.842,71.376,0.0
N,2037,2.132,72.607,0.0
N,2038,4.263,73.837,0.0
N,2039,2.842,73.837,0.0
N,2040,4.974,75.068,0.0
N,2041,4.263,76.299,0.0
N,2042,6.395,77.529,0.0
N,2043,4.974,77.529,0.0
N,2044,7.105,78.76,0.0
N,2045,6.395,79.99,0.0
N,2046,8.526,81.221,0.0
N,2047,7.105,81.221,0.0
N,2048,9.237,82.452,0.0
N,2049,8.526,83.682,0.0
N,2050,10.658,84.913,0.0
N,2051,9.237,84.913,0.0
N,2052,11.368,86.144,0.0
N,2053,10.658,87.374,0.0
N,2054,12.789,88.605,0.0
N,2055,11.368,88.605,0.0
N,2056,13.5,89.835,0.0
N,2057,12.789,91.066,0.0
N,2058,14.921,92.297,0.0
N,2059,13.5,92.297,0.0
N,2060,15.631,93.527,0.0
N,2061,14.921,94.758,0.0
N,2062,17.052,95.989,0.0
N,2063,15.631,95.989,0.0
N,2064,17.763,97.219,0.0
N,2065,17.052,98.45,0.0
N,2066,19.184,99.68,0.0
N,2067,17.763,99.68,0.0
N,2068,19.894,100.911,0.0
N,2069,19.184,102.142,0.0
N,2070,21.315,103.372,0.0
N,2071,19.894,103.372,0.0
N,2072,22.026,104.603,0.0
N,2073,21.315,105.834,0.0
N,2074,23.447,107.064,0.0
N,2075,22.026,107.064,0.0
N,2076,24.157,108.295,0.0
N,2077,23.447,109.525,0.0
N,2078,25.578,110.756,0.0
N,2079,24.157,110.756,0.0
N,2080,26.289,111.987,0.0
N,2081,25.578,113.217,0.0
N,2082,27.71,114.448,0.0
N,2083,26.289,114.448,0.0
N,2084,28.42,115.679,0.0
N,2085,27.71,116.909,0.0
N,2086,29.841,118.14,0.0
N,2087,28.42,118.14,0.0
N,2088,30.552,119.37,0.0
N,2089,29.841,120.601,0.0
N,2090,31.973,121.832,0.0
N,2091,30.552,121.832,0.0
N,2092,32.683,123.062,0.0
N,2093,31.973,124.293,0.0
N,2094,34.104,125.524,0.0
N,2095,32.683,125.523,0.0
N,2096,34.815,126.754,0.0
N,2097,34.104,127.985,0.0
N,2098,36.236,129.215,0.0
N,2099,34.815,129.215,0.0
N,2100,36.946,130.446,0.0
N,2101,36.236,131.677,0.0
N,2102,36.946,132.907,0.0
N,2104,0.71,62.762,0.0
N,2105,0.0,63.992,0.0
N,2106,2.131,65.223,0.0
N,2107,0.71,65.223,0.0
N,2108,2.842,66.454,0.0
N,2109,2.131,67.684,0.0
N,2110,4.263,68.915,0.0
N,2111,2.842,68.915,0.0
N,2112,4.973,70.145,0.0
N,2114,6.394,72.607,0.0
N,2115,4.973,72.607,0.0
N,2116,7.105,73.837,0.0
N,2117,6.395,75.068,0.0
N,2118,8.526,76.299,0.0
N,2119,7.105,76.299,0.0
N,2120,9.236,77.529,0.0
N,2121,8.526,78.76,0.0
N,2122,10.658,79.99,0.0
N,2123,9.236,79.99,0.0
N,2124,11.368,81.221,0.0
N,2125,10.658,82.452,0.0
N,2126,12.789,83.682,0.0
N,2127,11.368,83.682,0.0
N,2128,13.5,84.913,0.0
N,2129,12.789,86.144,0.0
N,2130,14.921,87.374,0.0
N,2131,13.5,87.374,0.0
N,2132,15.631,88.605,0.0
N,2134,17.052,91.066,0.0
N,2135,15.631,91.066,0.0
N,2136,17.763,92.297,0.0
N,2137,17.052,93.527,0.0
N,2138,19.184,94.758,0.0
N,2139,17.763,94.758,0.0
N,2140,19.894,95.989,0.0
N,2141,19.184,97.219,0.0
N,2142,21.315,98.45,0.0
N,2143,19.894,98.45,0.0
N,2144,22.026,99.68,0.0
N,2145,21.315,100.911,0.0
N,2146,23.447,102.142,0.0
N,2147,22.026,102.142,0.0
N,2148,24.157,103.372,0.0
N,2149,23.447,104.603,0.0
N,2150,25.578,105.834,0.0
N,2151,24.157,105.834,0.0
N,2153,25.578,108.295,0.0
N,2154,27.71,109.525,0.0
N,2155,26.289,109.525,0.0
N,2156,28.42,110.756,0.0
N,2157,27.71,111.987,0.0
N,2158,29.841,113.217,0.0
N,2159,28.42,113.217,0.0
N,2160,30.552,114.448,0.0
N,2161,29.841,115.679,0.0
N,2162,31.973,116.909,0.0
N,2163,30.552,116.909,0.0
N,2164,32.683,118.14,0.0
N,2165,31.973,119.37,0.0
N,2166,34.104,120.601,0.0
N,2167,32.683,120.601,0.0
N,2168,34.815,121.832,0.0
N,2169,34.104,123.062,0.0
N,2170,36.236,124.293,0.0
N,2171,34.815,124.293,0.0
N,2172,36.946,125.524,0.0
N,2173,36.236,126.754,0.0
N,2174,38.367,127.985,0.0
N,2175,36.946,127.985,0.0
N,2176,0.0,56.609,0.0
N,2177,0.711,57.839,0.0
N,2178,0.0,59.07,0.0
N,2179,2.132,60.3,0.0
N,2180,0.711,60.3,0.0
N,2181,2.842,61.531,0.0
N,2182,2.132,62.762,0.0
N,2183,4.263,63.992,0.0
N,2184,2.842,63.992,0.0
N,2185,4.974,65.223,0.0
N,2186,4.263,66.454,0.0
N,2187,6.395,67.684,0.0
N,2188,4.974,67.684,0.0
N,2189,7.105,68.915,0.0
N,2190,6.395,70.145,0.0
N,2191,8.526,71.376,0.0
N,2192,7.105,71.376,0.0
N,2193,9.237,72.607,0.0
N,2194,8.526,73.837,0.0
N,2195,10.658,75.068,0.0
N,2196,9.237,75.068,0.0
N,2197,11.368,76.299,0.0
N,2198,10.658,77.529,0.0
N,2199,12.789,78.76,0.0
N,2200,11.368,78.76,0.0
N,2201,13.5,79.99,0.0
N,2203,14.921,82.452,0.0
N,2204,13.5,82.452,0.0
N,2205,15.631,83.682,0.0
N,2206,14.921,84.913,0.0
N,2207,17.052,86.144,0.0
N,2208,15.631,86.144,0.0
N,2209,17.763,87.374,0.0
N,2210,17.052,88.605,0.0
N,2211,19.184,89.835,0.0
N,2212,17.763,89.835,0.0
N,2213,19.894,91.066,0.0
N,2214,19.184,92.297,0.0
N,2215,21.315,93.527,0.0
N,2216,19.894,93.527,0.0
N,2217,22.026,94.758,0.0
N,2218,21.315,95.989,0.0
N,2219,23.447,97.219,0.0
N,2220,22.026,97.219,0.0
N,2221,24.157,98.45,0.0
N,2222,23.447,99.68,0.0
N,2223,25.578,100.911,0.0
N,2224,24.157,100.911,0.0
N,2225,26.289,102.142,0.0
N,2226,25.578,103.372,0.0
N,2227,27.71,104.603,0.0
N,2228,26.289,104.603,0.0
N,2229,28.42,105.834,0.0
N,2230,27.71,107.064,0.0
N,2231,29.841,108.295,0.0
N,2232,28.42,108.295,0.0
N,2233,30.552,109.525,0.0
N,2234,29.841,110.756,0.0
N,2235,31.973,111.987,0.0
N,2236,30.552,111.987,0.0
N,2237,32.683,113.217,0.0
N,2238,31.973,114.448,0.0
N,2239,34.104,115.679,0.0
N,2240,32.683,115.679,0.0
N,2241,34.815,116.909,0.0
N,2242,34.104,118.14,0.0
N,2243,36.236,119.37,0.0
N,2244,34.815,119.37,0.0
N,2245,36.946,120.601,0.0
N,2246,36.236,121.832,0.0
N,2247,36.946,123.062,0.0
N,2248,0.0,51.686,0.0
N,2249,0.711,52.917,0.0
N,2250,0.0,54.147,0.0
N,2251,2.132,55.378,0.0
N,2252,0.711,55.378,0.0
N,2253,2.842,56.609,0.0
N,2254,2.131,57.839,0.0
N,2255,4.263,59.07,0.0
N,2256,2.842,59.07,0.0
N,2257,4.973,60.3,0.0
N,2258,4.263,61.531,0.0
N,2259,6.394,62.762,0.0
N,2260,4.974,62.762,0.0
N,2261,7.105,63.992,0.0
N,2262,6.395,65.223,0.0
N,2263,8.526,66.454,0.0
N,2264,7.105,66.454,0.0
N,2265,9.237,67.684,0.0
N,2266,8.526,68.915,0.0
N,2267,10.658,70.145,0.0
N,2268,9.236,70.145,0.0
N,2269,11.368,71.376,0.0
N,2270,10.658,72.607,0.0
N,2271,12.789,73.837,0.0
N,2272,11.368,73.837,0.0
N,2273,13.5,75.068,0.0
N,2274,12.789,76.299,0.0
N,2275,14.921,77.529,0.0
N,2276,13.5,77.529,0.0
N,2277,15.631,78.76,0.0
N,2278,14.921,79.99,0.0
N,2279,17.052,81.221,0.0
N,2280,15.631,81.221,0.0
N,2281,17.763,82.452,0.0
N,2282,17.052,83.682,0.0
N,2283,19.184,84.913,0.0
N,2284,17.763,84.913,0.0
N,2285,19.894,86.144,0.0
N,2286,19.184,87.374,0.0
N,2287,21.315,88.605,0.0
N,2288,19.894,88.605,0.0
N,2289,22.026,89.835,0.0
N,2290,21.315,91.066,0.0
N,2291,23.447,92.297,0.0
N,2292,22.026,92.297,0.0
N,2293,24.157,93.527,0.0
N,2294,23.447,94.758,0.0
N,2295,25.578,95.989,0.0
N,2296,24.157,95.989,0.0
N,2297,26.289,97.219,0.0
N,2298,25.578,98.45,0.0
N,2299,27.71,99.68,0.0
N,2300,26.289,99.68,0.0
N,2301,28.42,100.911,0.0
N,2302,27.71,102.142,0.0
N,2303,29.841,103.372,0.0
N,2304,28.42,103.372,0.0
N,2305,30.552,104.603,0.0
N,2306,29.841,105.834,0.0
N,2307,31.973,107.064,0.0
N,2308,30.552,107.064,0.0
N,2309,32.683,108.295,0.0
N,2310,31.973,109.525,0.0
N,2311,34.104,110.756,0.0
N,2312,32.683,110.756,0.0
N,2313,34.815,111.987,0.0
N,2314,34.104,113.217,0.0
N,2315,36.236,114.448,0.0
N,2316,34.815,114.448,0.0
N,2318,36.236,116.909,0.0
N,2319,36.946,118.14,0.0
N,2320,0.0,46.764,0.0
N,2321,0.711,47.994,0.0
N,2322,0.0,49.225,0.0
N,2323,2.132,50.456,0.0
N,2324,0.711,50.456,0.0
N,2325,2.842,51.686,0.0
N,2326,2.132,52.917,0.0
N,2327,4.263,54.147,0.0
N,2328,2.842,54.147,0.0
N,2329,4.974,55.378,0.0
N,2330,4.263,56.609,0.0
N,2331,6.395,57.839,0.0
N,2332,4.974,57.839,0.0
N,2333,7.105,59.07,0.0
N,2334,6.395,60.3,0.0
N,2335,8.526,61.531,0.0
N,2336,7.105,61.531,0.0
N,2337,9.237,62.762,0.0
N,2338,8.526,63.992,0.0
N,2339,10.658,65.223,0.0
N,2340,9.237,65.223,0.0
N,2341,11.368,66.454,0.0
N,2342,10.658,67.684,0.0
N,2343,12.789,68.915,0.0
N,2344,11.368,68.915,0.0
N,2345,13.5,70.145,0.0
N,2346,12.789,71.376,0.0
N,2347,14.921,72.607,0.0
N,2348,13.5,72.607,0.0
N,2349,15.631,73.837,0.0
N,2350,14.921,75.068,0.0
N,2351,17.052,76.299,0.0
N,2352,15.631,76.299,0.0
N,2353,17.763,77.529,0.0
N,2354,17.052,78.76,0.0
N,2355,19.184,79.99,0.0
N,2356,17.763,79.99,0.0
N,2357,19.894,81.221,0.0
N,2358,19.184,82.452,0.0
N,2359,21.315,83.682,0.0
N,2360,19.894,83.682,0.0
N,2361,22.026,84.913,0.0
N,2362,21.315,86.144,0.0
N,2363,23.447,87.374,0.0
N,2364,22.026,87.374,0.0
N,2365,24.157,88.605,0.0
N,2366,23.447,89.835,0.0
N,2367,25.578,91.066,0.0
N,2368,24.157,91.066,0.0
N,2369,26.289,92.297,0.0
N,2370,25.578,93.527,0.0
N,2371,27.71,94.758,0.0
N,2372,26.289,94.758,0.0
N,2373,28.42,95.989,0.0
N,2374,27.71,97.219,0.0
N,2375,29.841,98.45,0.0
N,2376,28.42,98.45,0.0
N,2377,30.552,99.68,0.0
N,2378,29.841,100.911,0.0
N,2379,31.973,102.142,0.0
N,2380,30.552,102.142,0.0
N,2381,32.683,103.372,0.0
N,2382,31.973,104.603,0.0
N,2383,34.104,105.834,0.0
N,2384,32.683,105.834,0.0
N,2385,34.815,107.064,0.0
N,2386,34.104,108.295,0.0
N,2387,36.236,109.525,0.0
N,2388,34.815,109.525,0.0
N,2389,36.946,110.756,0.0
N,2390,36.236,111.987,0.0
N,2391,36.946,113.217,0.0
N,2392,0.0,41.841,0.0
N,2393,0.711,43.072,0.0
N,2394,0.0,44.302,0.0
N,2395,2.132,45.533,0.0
N,2396,0.711,45.533,0.0
N,2397,2.842,46.764,0.0
N,2398,2.132,47.994,0.0
N,2399,4.263,49.225,0.0
N,2400,2.842,49.225,0.0
N,2401,4.974,50.456,0.0
N,2402,4.263,51.686,0.0
N,2403,6.395,52.917,0.0
N,2404,4.974,52.917,0.0
N,2405,7.105,54.147,0.0
N,2406,6.395,55.378,0.0
N,2407,8.526,56.609,0.0
N,2408,7.105,56.609,0.0
N,2409,9.237,57.839,0.0
N,2410,8.526,59.07,0.0
N,2412,9.237,60.3,0.0
N,2413,11.368,61.531,0.0
N,2414,10.658,62.762,0.0
N,2415,12.789,63.992,0.0
N,2416,11.368,63.992,0.0
N,2417,13.5,65.223,0.0
N,2418,12.789,66.454,0.0
N,2419,14.921,67.684,0.0
N,2420,13.5,67.684,0.0
N,2421,15.631,68.915,0.0
N,2422,14.921,70.145,0.0
N,2423,17.052,71.376,0.0
N,2424,15.631,71.376,0.0
N,2425,17.763,72.607,0.0
N,2426,17.052,73.837,0.0
N,2427,19.184,75.068,0.0
N,2428,17.763,75.068,0.0
N,2429,19.894,76.299,0.0
N,2430,19.184,77.529,0.0
N,2431,21.315,78.76,0.0
N,2432,19.894,78.76,0.0
N,2433,22.026,79.99,0.0
N,2434,21.315,81.221,0.0
N,2435,23.447,82.452,0.0
N,2436,22.026,82.452,0.0
N,2437,24.157,83.682,0.0
N,2438,23.447,84.913,0.0
N,2439,25.578,86.144,0.0
N,2440,24.157,86.144,0.0
N,2441,26.289,87.374,0.0
N,2442,25.578,88.605,0.0
N,2443,27.71,89.835,0.0
N,2444,26.289,89.835,0.0
N,2445,28.42,91.066,0.0
N,2446,27.71,92.297,0.0
N,2447,29.841,93.527,0.0
N,2448,28.42,93.527,0.0
N,2449,30.552,94.758,0.0
N,2450,29.841,95.989,0.0
N,2451,31.973,97.219,0.0
N,2452,30.552,97.219,0.0
N,2453,32.683,98.45,0.0
N,2454,31.973,99.68,0.0
N,2455,34.104,100.911,0.0
N,2456,32.683,100.911,0.0
N,2458,34.104,103.372,0.0
N,2459,36.236,104.603,0.0
N,2460,34.815,104.603,0.0
N,2461,36.946,105.834,0.0
N,2462,36.236,107.064,0.0
N,2463,36.946,108.295,0.0
N,2464,0.0,36.919,0.0
N,2465,0.711,38.149,0.0
N,2466,0.0,39.38,0.0
N,2467,2.132,40.611,0.0
N,2468,0.711,40.611,0.0
N,2469,2.842,41.841,0.0
N,2470,2.132,43.072,0.0
N,2471,4.263,44.302,0.0
N,2472,2.842,44.302,0.0
N,2473,4.974,45.533,0.0
N,2474,4.263,46.764,0.0
N,2475,6.395,47.994,0.0
N,2476,4.974,47.994,0.0
N,2477,7.105,49.225,0.0
N,2478,6.395,50.456,0.0
N,2479,8.526,51.686,0.0
N,2480,7.105,51.686,0.0
N,2482,8.526,54.147,0.0
N,2483,10.658,55.378,0.0
N,2484,9.237,55.378,0.0
N,2485,11.368,56.609,0.0
N,2486,10.658,57.839,0.0
N,2487,12.789,59.07,0.0
N,2488,11.368,59.07,0.0
N,2489,13.5,60.3,0.0
N,2491,14.921,62.762,0.0
N,2492,13.5,62.762,0.0
N,2493,15.631,63.992,0.0
N,2494,14.921,65.223,0.0
N,2495,17.052,66.454,0.0
N,2496,15.631,66.454,0.0
N,2497,17.763,67.684,0.0
N,2498,17.052,68.915,0.0
N,2499,19.184,70.145,0.0
N,2500,17.763,70.145,0.0
N,2501,19.894,71.376,0.0
N,2502,19.184,72.607,0.0
N,2503,21.315,73.837,0.0
N,2505,22.026,75.068,0.0
N,2506,21.315,76.299,0.0
N,2507,23.447,77.529,0.0
N,2508,22.026,77.529,0.0
N,2509,24.157,78.76,0.0
N,2510,23.447,79.99,0.0
N,2511,25.578,81.221,0.0
N,2512,24.157,81.221,0.0
N,2513,26.289,82.452,0.0
N,2514,25.578,83.682,0.0
N,2515,27.71,84.913,0.0
N,2516,26.289,84.913,0.0
N,2517,28.42,86.144,0.0
N,2518,27.71,87.374,0.0
N,2519,29.841,88.605,0.0
N,2520,28.42,88.605,0.0
N,2521,30.552,89.835,0.0
N,2522,29.841,91.066,0.0
N,2523,31.973,92.297,0.0
N,2524,30.552,92.297,0.0
N,2525,32.683,93.527,0.0
N,2526,31.973,94.758,0.0
N,2527,34.104,95.989,0.0
N,2528,32.683,95.989,0.0
N,2529,34.815,97.219,0.0
N,2530,34.104,98.45,0.0
N,2531,36.236,99.68,0.0
N,2532,34.815,99.68,0.0
N,2533,36.946,100.911,0.0
N,2534,36.236,102.142,0.0
N,2535,36.946,103.372,0.0
N,2536,0.0,31.996,0.0
N,2537,0.711,33.227,0.0
N,2538,0.0,34.457,0.0
N,2539,2.132,35.688,0.0
N,2540,0.711,35.688,0.0
N,2541,2.842,36.919,0.0
N,2542,2.132,38.149,0.0
N,2543,4.263,39.38,0.0
N,2544,2.842,39.38,0.0
N,2545,4.974,40.611,0.0
N,2546,4.263,41.841,0.0
N,2547,6.395,43.072,0.0
N,2548,4.974,43.072,0.0
N,2549,7.105,44.302,0.0
N,2550,6.395,45.533,0.0
N,2551,8.526,46.764,0.0
N,2552,7.105,46.764,0.0
N,2553,9.237,47.994,0.0
N,2554,8.526,49.225,0.0
N,2555,10.658,50.456,0.0
N,2556,9.237,50.456,0.0
N,2557,11.368,51.686,0.0
N,2558,10.658,52.917,0.0
N,2559,12.789,54.147,0.0
N,2560,11.368,54.147,0.0
N,2561,13.5,55.378,0.0
N,2562,12.789,56.609,0.0
N,2563,14.921,57.839,0.0
N,2564,13.5,57.839,0.0
N,2565,15.631,59.07,0.0
N,2566,14.921,60.3,0.0
N,2567,17.052,61.531,0.0
N,2568,15.631,61.531,0.0
N,2569,17.763,62.762,0.0
N,2570,17.052,63.992,0.0
N,2571,19.184,65.223,0.0
N,2572,17.763,65.223,0.0
N,2573,19.894,66.454,0.0
N,2574,19.184,67.684,0.0
N,2575,21.315,68.915,0.0
N,2576,19.894,68.915,0.0
N,2577,22.026,70.145,0.0
N,2578,21.315,71.376,0.0
N,2579,23.447,72.607,0.0
N,2580,22.026,72.607,0.0
N,2581,24.157,73.837,0.0
N,2582,23.447,75.068,0.0
N,2583,25.578,76.299,0.0
N,2584,24.157,76.299,0.0
N,2585,26.289,77.529,0.0
N,2586,25.578,78.76,0.0
N,2587,27.71,79.99,0.0
N,2588,26.289,79.99,0.0
N,2589,28.42,81.221,0.0
N,2590,27.71,82.452,0.0
N,2591,29.841,83.682,0.0
N,2592,28.42,83.682,0.0
N,2593,30.552,84.913,0.0
N,2594,29.841,86.144,0.0
N,2595,31.973,87.374,0.0
N,2596,30.552,87.374,0.0
N,2597,32.683,88.605,0.0
N,2598,31.973,89.835,0.0
N,2599,34.104,91.066,0.0
N,2600,32.683,91.066,0.0
N,2602,34.104,93.527,0.0
N,2603,36.236,94.758,0.0
N,2604,34.815,94.758,0.0
N,2605,36.946,95.989,0.0
N,2606,36.236,97.219,0.0
N,2607,36.946,98.45,0.0
N,2608,0.0,27.074,0.0
N,2609,0.711,28.304,0.0
N,2610,0.0,29.535,0.0
N,2611,2.132,30.766,0.0
N,2612,0.711,30.766,0.0
N,2613,2.842,31.996,0.0
N,2614,2.132,33.227,0.0
N,2615,4.263,34.457,0.0
N,2616,2.842,34.457,0.0
N,2617,4.974,35.688,0.0
N,2618,4.263,36.919,0.0
N,2619,6.395,38.149,0.0
N,2620,4.974,38.149,0.0
N,2621,7.105,39.38,0.0
N,2622,6.395,40.611,0.0
N,2623,8.526,41.841,0.0
N,2624,7.105,41.841,0.0
N,2625,9.237,43.072,0.0
N,2626,8.526,44.302,0.0
N,2628,9.237,45.533,0.0
N,2629,11.368,46.764,0.0
N,2630,10.658,47.994,0.0
N,2631,12.789,49.225,0.0
N,2632,11.368,49.225,0.0
N,2633,13.5,50.456,0.0
N,2634,12.789,51.686,0.0
N,2635,14.921,52.917,0.0
N,2636,13.5,52.917,0.0
N,2637,15.631,54.147,0.0
N,2638,14.921,55.378,0.0
N,2639,17.052,56.609,0.0
N,2640,15.631,56.609,0.0
N,2641,17.763,57.839,0.0
N,2642,17.052,59.07,0.0
N,2643,19.184,60.3,0.0
N,2644,17.763,60.3,0.0
N,2645,19.894,61.531,0.0
N,2647,21.315,63.992,0.0
N,2648,19.894,63.992,0.0
N,2649,22.026,65.223,0.0
N,2650,21.315,66.454,0.0
N,2651,23.447,67.684,0.0
N,2652,22.026,67.684,0.0
N,2653,24.157,68.915,0.0
N,2654,23.447,70.145,0.0
N,2655,25.578,71.376,0.0
N,2656,24.157,71.376,0.0
N,2657,26.289,72.607,0.0
N,2658,25.578,73.837,0.0
N,2659,27.71,75.068,0.0
N,2660,26.289,75.068,0.0
N,2661,28.42,76.299,0.0
N,2662,27.71,77.529,0.0
N,2663,29.841,78.76,0.0
N,2664,28.42,78.76,0.0
N,2665,30.552,79.99,0.0
N,2666,29.841,81.221,0.0
N,2667,31.973,82.452,0.0
N,2668,30.552,82.452,0.0
N,2669,32.683,83.682,0.0
N,2670,31.973,84.913,0.0
N,2671,34.104,86.144,0.0
N,2672,32.683,86.144,0.0
N,2673,34.815,87.374,0.0
N,2674,34.104,88.605,0.0
N,2675,36.236,89.835,0.0
N,2676,34.815,89.835,0.0
N,2677,36.946,91.066,0.0
N,2678,36.236,92.297,0.0
N,2679,36.946,93.527,0.0
N,2680,0.0,22.151,0.0
N,2681,0.711,23.382,0.0
N,2682,0.0,24.612,0.0
N,2683,2.132,25.843,0.0
N,2684,0.711,25.843,0.0
N,2685,2.842,27.074,0.0
N,2686,2.132,28.304,0.0
N,2687,4.263,29.535,0.0
N,2688,2.842,29.535,0.0
N,2689,4.974,30.766,0.0
N,2690,4.263,31.996,0.0
N,2691,6.395,33.227,0.0
N,2692,4.974,33.227,0.0
N,2693,7.105,34.457,0.0
N,2694,6.395,35.688,0.0
N,2695,8.526,36.919,0.0
N,2696,7.105,36.919,0.0
N,2697,9.237,38.149,0.0
N,2698,8.526,39.38,0.0
N,2699,10.658,40.611,0.0
N,2700,9.237,40.611,0.0
N,2701,11.368,41.841,0.0
N,2702,10.658,43.072,0.0
N,2703,12.789,44.302,0.0
N,2704,11.368,44.302,0.0
N,2705,13.5,45.533,0.0
N,2706,12.789,46.764,0.0
N,2707,14.921,47.994,0.0
N,2708,13.5,47.994,0.0
N,2709,15.631,49.225,0.0
N,2710,14.921,50.456,0.0
N,2711,17.052,51.686,0.0
N,2712,15.631,51.686,0.0
N,2713,17.763,52.917,0.0
N,2714,17.052,54.147,0.0
N,2715,19.184,55.378,0.0
N,2716,17.763,55.378,0.0
N,2717,19.894,56.609,0.0
N,2718,19.184,57.839,0.0
N,2719,21.315,59.07,0.0
N,2720,19.894,59.07,0.0
N,2721,22.026,60.3,0.0
N,2722,21.315,61.531,0.0
N,2723,23.447,62.762,0.0
N,2724,22.026,62.762,0.0
N,2725,24.157,63.992,0.0
N,2726,23.447,65.223,0.0
N,2727,25.578,66.454,0.0
N,2728,24.157,66.454,0.0
N,2729,26.289,67.684,0.0
N,2730,25.578,68.915,0.0
N,2731,27.71,70.145,0.0
N,2732,26.289,70.145,0.0
N,2733,28.42,71.376,0.0
N,2734,27.71,72.607,0.0
N,2735,29.841,73.837,0.0
N,2736,28.42,73.837,0.0
N,2737,30.552,75.068,0.0
N,2738,29.841,76.299,0.0
N,2739,31.973,77.529,0.0
N,2740,30.552,77.529,0.0
N,2741,32.683,78.76,0.0
N,2742,31.973,79.99,0.0
N,2743,34.104,81.221,0.0
N,2744,32.683,81.221,0.0
N,2745,34.815,82.452,0.0
N,2746,34.104,83.682,0.0
N,2747,36.236,84.913,0.0
N,2748,34.815,84.913,0.0
N,2749,36.946,86.144,0.0
N,2750,36.236,87.374,0.0
N,2751,36.946,88.605,0.0
N,2752,0.0,17.229,0.0
N,2753,0.711,18.459,0.0
N,2754,0.0,19.69,0.0
N,2755,2.132,20.921,0.0
N,2756,0.711,20.921,0.0
N,2757,2.842,22.151,0.0
N,2758,2.132,23.382,0.0
N,2759,4.263,24.612,0.0
N,2760,2.842,24.612,0.0
N,2761,4.974,25.843,0.0
N,2762,4.263,27.074,0.0
N,2763,6.395,28.304,0.0
N,2764,4.974,28.304,0.0
N,2765,7.105,29.535,0.0
N,2766,6.395,30.766,0.0
N,2767,8.526,31.996,0.0
N,2768,7.105,31.996,0.0
N,2769,9.237,33.227,0.0
N,2770,8.526,34.457,0.0
N,2771,10.658,35.688,0.0
N,2772,9.237,35.688,0.0
N,2773,11.368,36.919,0.0
N,2774,10.658,38.149,0.0
N,2775,12.789,39.38,0.0
N,2776,11.368,39.38,0.0
N,2777,13.5,40.611,0.0
N,2778,12.789,41.841,0.0
N,2779,14.921,43.072,0.0
N,2780,13.5,43.072,0.0
N,2781,15.631,44.302,0.0
N,2782,14.921,45.533,0.0
N,2783,17.052,46.764,0.0
N,2784,15.631,46.764,0.0
N,2785,17.763,47.994,0.0
N,2786,17.052,49.225,0.0
N,2787,19.184,50.456,0.0
N,2788,17.763,50.456,0.0
N,2789,19.894,51.686,0.0
N,2790,19.184,52.917,0.0
N,2791,21.315,54.147,0.0
N,2792,19.894,54.147,0.0
N,2793,22.026,55.378,0.0
N,2794,21.315,56.609,0.0
N,2795,23.447,57.839,0.0
N,2796,22.026,57.839,0.0
N,2797,24.157,59.07,0.0
N,2798,23.447,60.3,0.0
N,2799,25.578,61.531,0.0
N,2800,24.157,61.531,0.0
N,2801,26.289,62.762,0.0
N,2802,25.578,63.992,0.0
N,2803,27.71,65.223,0.0
N,2804,26.289,65.223,0.0
N,2805,28.42,66.454,0.0
N,2806,27.71,67.684,0.0
N,2807,29.841,68.915,0.0
N,2808,28.42,68.915,0.0
N,2809,30.552,70.145,0.0
N,2810,29.841,71.376,0.0
N,2811,31.973,72.607,0.0
N,2812,30.552,72.607,0.0
N,2813,32.683,73.837,0.0
N,2814,31.973,75.068,0.0
N,2815,34.104,76.299,0.0
N,2816,32.683,76.299,0.0
N,2817,34.815,77.529,0.0
N,2818,34.104,78.76,0.0
N,2819,36.236,79.99,0.0
N,2820,34.815,79.99,0.0
N,2821,36.946,81.221,0.0
N,2822,36.236,82.452,0.0
N,2823,36.946,83.682,0.0
N,2824,0.0,12.306,0.0
N,2825,0.711,13.537,0.0
N,2826,0.0,14.767,0.0
N,2827,2.132,15.998,0.0
N,2828,0.71,15.998,0.0
N,2829,2.842,17.229,0.0
N,2830,2.132,18.459,0.0
N,2831,4.263,19.69,0.0
N,2832,2.842,19.69,0.0
N,2834,4.263,22.151,0.0
N,2835,6.395,23.382,0.0
N,2836,4.974,23.382,0.0
N,2837,7.105,24.612,0.0
N,2838,6.395,25.843,0.0
N,2839,8.526,27.074,0.0
N,2840,7.105,27.074,0.0
N,2841,9.237,28.304,0.0
N,2842,8.526,29.535,0.0
N,2843,10.658,30.766,0.0
N,2845,11.368,31.996,0.0
N,2846,10.658,33.227,0.0
N,2847,12.789,34.457,0.0
N,2848,11.368,34.457,0.0
N,2849,13.5,35.688,0.0
N,2850,12.789,36.919,0.0
N,2851,14.921,38.149,0.0
N,2852,13.5,38.149,0.0
N,2853,15.631,39.38,0.0
N,2854,14.921,40.611,0.0
N,2855,17.052,41.841,0.0
N,2856,15.631,41.841,0.0
N,2857,17.763,43.072,0.0
N,2858,17.052,44.302,0.0
N,2860,17.763,45.533,0.0
N,2861,19.894,46.764,0.0
N,2862,19.184,47.994,0.0
N,2863,21.315,49.225,0.0
N,2864,19.894,49.225,0.0
N,2865,22.026,50.456,0.0
N,2866,21.315,51.686,0.0
N,2867,23.447,52.917,0.0
N,2868,22.026,52.917,0.0
N,2869,24.157,54.147,0.0
N,2870,23.447,55.378,0.0
N,2871,25.578,56.609,0.0
N,2872,24.157,56.609,0.0
N,2873,26.289,57.839,0.0
N,2874,25.578,59.07,0.0
N,2875,27.71,60.3,0.0
N,2876,26.289,60.3,0.0
N,2877,28.42,61.531,0.0
N,2878,27.71,62.762,0.0
N,2879,29.841,63.992,0.0
N,2880,28.42,63.992,0.0
N,2881,30.552,65.223,0.0
N,2882,29.841,66.454,0.0
N,2883,31.973,67.684,0.0
N,2884,30.552,67.684,0.0
N,2885,32.683,68.915,0.0
N,2886,31.973,70.145,0.0
N,2887,34.104,71.376,0.0
N,2888,32.683,71.376,0.0
N,2889,34.815,72.607,0.0
N,2890,34.104,73.837,0.0
N,2891,36.236,75.068,0.0
N,2892,34.815,75.068,0.0
N,2893,36.946,76.299,0.0
N,2894,36.236,77.529,0.0
N,2895,36.946,78.76,0.0
N,2896,0.0,7.384,0.0
N,2897,0.711,8.614,0.0
N,2898,0.0,9.845,0.0
N,2899,2.132,11.076,0.0
N,2900,0.711,11.076,0.0
N,2901,2.842,12.306,0.0
N,2902,2.132,13.537,0.0
N,2903,4.263,14.767,0.0
N,2905,4.974,15.998,0.0
N,2906,4.263,17.229,0.0
N,2907,6.395,18.459,0.0
N,2908,4.974,18.459,0.0
N,2909,7.105,19.69,0.0
N,2910,6.395,20.921,0.0
N,2911,8.526,22.151,0.0
N,2912,7.105,22.151,0.0
N,2913,9.237,23.382,0.0
N,2914,8.526,24.612,0.0
N,2915,10.658,25.843,0.0
N,2916,9.237,25.843,0.0
N,2917,11.368,27.074,0.0
N,2918,10.658,28.304,0.0
N,2919,12.789,29.535,0.0
N,2920,11.368,29.535,0.0
N,2921,13.5,30.766,0.0
N,2922,12.789,31.996,0.0
N,2923,14.921,33.227,0.0
N,2924,13.5,33.227,0.0
N,2927,17.052,36.919,0.0
N,2928,15.631,36.919,0.0
N,2929,17.763,38.149,0.0
N,2930,17.052,39.38,0.0
N,2931,19.184,40.611,0.0
N,2932,17.763,40.611,0.0
N,2933,19.894,41.841,0.0
N,2934,19.184,43.072,0.0
N,2935,21.315,44.302,0.0
N,2936,19.894,44.302,0.0
N,2937,22.026,45.533,0.0
N,2938,21.315,46.764,0.0
N,2939,23.447,47.994,0.0
N,2940,22.026,47.994,0.0
N,2941,24.157,49.225,0.0
N,2942,23.447,50.456,0.0
N,2943,25.578,51.686,0.0
N,2944,24.157,51.686,0.0
N,2945,26.289,52.917,0.0
N,2946,25.578,54.147,0.0
N,2947,27.71,55.378,0.0
N,2948,26.289,55.378,0.0
N,2949,28.42,56.609,0.0
N,2950,27.71,57.839,0.0
N,2951,29.841,59.07,0.0
N,2952,28.42,59.07,0.0
N,2953,30.552,60.3,0.0
N,2954,29.841,61.531,0.0
N,2955,31.973,62.762,0.0
N,2956,30.552,62.762,0.0
N,2957,32.683,63.992,0.0
N,2958,31.973,65.223,0.0
N,2959,34.104,66.454,0.0
N,2960,32.683,66.454,0.0
N,2961,34.815,67.684,0.0
N,2962,34.104,68.915,0.0
N,2963,36.236,70.145,0.0
N,2964,34.815,70.145,0.0
N,2965,36.946,71.376,0.0
N,2967,36.946,73.837,0.0
N,2968,0.0,2.461,0.0
N,2969,0.711,3.692,0.0
N,2970,0.0,4.922,0.0
N,2971,2.132,6.153,0.0
N,2972,0.711,6.153,0.0
N,2973,2.842,7.384,0.0
N,2974,2.132,8.614,0.0
N,2975,4.263,9.845,0.0
N,2976,2.842,9.845,0.0
N,2977,4.974,11.076,0.0
N,2978,4.263,12.306,0.0
N,2979,6.395,13.537,0.0
N,2980,4.974,13.537,0.0
N,2981,7.105,14.767,0.0
N,2982,6.395,15.998,0.0
N,2984,7.105,17.229,0.0
N,2985,9.237,18.459,0.0
N,2986,8.526,19.69,0.0
N,2987,10.658,20.921,0.0
N,2988,9.237,20.921,0.0
N,2989,11.368,22.151,0.0
N,2990,10.658,23.382,0.0
N,2991,12.789,24.612,0.0
N,2992,11.368,24.612,0.0
N,2993,13.5,25.843,0.0
N,2994,12.789,27.074,0.0
N,2995,14.921,28.304,0.0
N,2996,13.5,28.304,0.0
N,2997,15.631,29.535,0.0
N,2998,14.921,30.766,0.0
N,2999,17.052,31.996,0.0
N,3000,15.631,31.996,0.0
N,3001,17.763,33.227,0.0
N,3002,17.052,34.457,0.0
N,3003,19.184,35.688,0.0
N,3004,17.763,35.688,0.0
N,3005,19.894,36.919,0.0
N,3006,19.184,38.149,0.0
N,3008,19.894,39.38,0.0
N,3009,22.026,40.611,0.0
N,3011,23.447,43.072,0.0
N,3012,22.026,43.072,0.0
N,3014,23.447,45.533,0.0
N,3015,25.578,46.764,0.0
N,3016,24.157,46.764,0.0
N,3017,26.289,47.994,0.0
N,3018,25.578,49.225,0.0
N,3019,27.71,50.456,0.0
N,3020,26.289,50.456,0.0
N,3021,28.42,51.686,0.0
N,3022,27.71,52.917,0.0
N,3023,29.841,54.147,0.0
N,3024,28.42,54.147,0.0
N,3025,30.552,55.378,0.0
N,3026,29.841,56.609,0.0
N,3027,31.973,57.839,0.0
N,3028,30.552,57.839,0.0
N,3029,32.683,59.07,0.0
N,3030,31.973,60.3,0.0
N,3031,34.104,61.531,0.0
N,3032,32.683,61.531,0.0
N,3033,34.815,62.762,0.0
N,3034,34.104,63.992,0.0
N,3035,36.236,65.223,0.0
N,3036,34.815,65.223,0.0
N,3037,36.946,66.454,0.0
N,3038,36.236,67.684,0.0
N,3039,36.946,68.915,0.0
N,3040,0.0,0.0,0.0
N,3041,2.132,1.231,0.0
N,3042,0.711,1.231,0.0
N,3043,2.842,2.461,0.0
N,3045,4.263,4.922,0.0
N,3046,2.842,4.922,0.0
N,3047,4.974,6.153,0.0
N,3048,4.263,7.384,0.0
N,3049,6.395,8.614,0.0
N,3050,4.974,8.614,0.0
N,3051,7.105,9.845,0.0
N,3052,6.395,11.076,0.0
N,3053,8.526,12.306,0.0
N,3054,7.105,12.306,0.0
N,3055,9.237,13.537,0.0
N,3056,8.526,14.767,0.0
N,3057,10.658,15.998,0.0
N,3058,9.237,15.998,0.0
N,3059,11.368,17.229,0.0
N,3060,10.658,18.459,0.0
N,3061,12.789,19.69,0.0
N,3062,11.368,19.69,0.0
N,3063,13.5,20.921,0.0
N,3064,12.789,22.151,0.0
N,3065,14.921,23.382,0.0
N,3066,13.5,23.382,0.0
N,3067,15.631,24.612,0.0
N,3068,14.921,25.843,0.0
N,3069,17.052,27.074,0.0
N,3071,17.763,28.304,0.0
N,3073,19.184,30.766,0.0
N,3074,17.763,30.766,0.0
N,3075,19.894,31.996,0.0
N,3076,19.184,33.227,0.0
N,3077,21.315,34.457,0.0
N,3079,22.026,35.688,0.0
N,3080,21.315,36.919,0.0
N,3081,23.447,38.149,0.0
N,3082,22.026,38.149,0.0
N,3083,24.157,39.38,0.0
N,3084,23.447,40.611,0.0
N,3085,25.578,41.841,0.0
N,3086,24.157,41.841,0.0
N,3087,26.289,43.072,0.0
N,3088,25.578,44.302,0.0
N,3089,27.71,45.533,0.0
N,3090,26.289,45.533,0.0
N,3091,28.42,46.764,0.0
N,3092,27.71,47.994,0.0
N,3093,29.841,49.225,0.0
N,3094,28.42,49.225,0.0
N,3095,30.552,50.456,0.0
N,3096,29.841,51.686,0.0
N,3097,31.973,52.917,0.0
N,3098,30.552,52.917,0.0
N,3099,32.683,54.147,0.0
N,3100,31.973,55.378,0.0
N,3101,34.104,56.609,0.0
N,3102,32.683,56.609,0.0
N,3103,34.815,57.839,0.0
N,3104,34.104,59.07,0.0
N,3105,36.236,60.3,0.0
N,3106,34.815,60.3,0.0
N,3107,36.946,61.531,0.0
N,3108,36.236,62.762,0.0
N,3109,36.946,63.992,0.0
N,3111,2.842,0.0,0.0
N,3112,4.974,1.231,0.0
N,3113,4.263,2.461,0.0
N,3114,6.395,3.692,0.0
N,3115,4.974,3.692,0.0
N,3116,7.105,4.922,0.0
N,3117,6.395,6.153,0.0
N,3118,8.526,7.384,0.0
N,3119,7.105,7.384,0.0
N,3120,9.237,8.614,0.0
N,3121,8.526,9.845,0.0
N,3122,10.658,11.076,0.0
N,3123,9.237,11.076,0.0
N,3124,11.368,12.306,0.0
N,3125,10.658,13.537,0.0
N,3126,12.789,14.767,0.0
N,3127,11.368,14.767,0.0
N,3128,13.5,15.998,0.0
N,3129,12.789,17.229,0.0
N,3130,14.921,18.459,0.0
N,3131,13.5,18.459,0.0
N,3132,15.631,19.69,0.0
N,3133,14.921,20.921,0.0
N,3134,17.052,22.151,0.0
N,3135,15.631,22.151,0.0
N,3136,17.763,23.382,0.0
N,3137,17.052,24.612,0.0
N,3138,19.184,25.843,0.0
N,3139,17.763,25.843,0.0
N,3140,19.894,27.074,0.0
N,3141,19.184,28.304,0.0
N,3142,21.315,29.535,0.0
N,3143,19.894,29.535,0.0
N,3144,22.026,30.766,0.0
N,3145,21.315,31.996,0.0
N,3146,23.447,33.227,0.0
N,3147,22.026,33.227,0.0
N,3148,24.157,34.457,0.0
N,3149,23.447,35.688,0.0
N,3151,24.157,36.919,0.0
N,3153,25.578,39.38,0.0
N,3154,27.71,40.611,0.0
N,3155,26.289,40.611,0.0
N,3156,28.42,41.841,0.0
N,3157,27.71,43.072,0.0
N,3158,29.841,44.302,0.0
N,3159,28.42,44.302,0.0
N,3160,30.552,45.533,0.0
N,3161,29.841,46.764,0.0
N,3162,31.973,47.994,0.0
N,3163,30.552,47.994,0.0
N,3164,32.683,49.225,0.0
N,3165,31.973,50.456,0.0
N,3166,34.104,51.686,0.0
N,3167,32.683,51.686,0.0
N,3168,34.815,52.917,0.0
N,3169,34.104,54.147,0.0
N,3170,36.236,55.378,0.0
N,3171,34.815,55.378,0.0
N,3172,36.946,56.609,0.0
N,3173,36.236,57.839,0.0
N,3174,36.946,59.07,0.0
N,3175,7.105,0.0,0.0
N,3176,6.395,1.231,0.0
N,3177,8.526,2.461,0.0
N,3178,7.105,2.461,0.0
N,3179,9.237,3.692,0.0
N,3180,8.526,4.922,0.0
N,3181,10.658,6.153,0.0
N,3182,9.237,6.153,0.0
N,3183,11.368,7.384,0.0
N,3184,10.658,8.614,0.0
N,3185,12.789,9.845,0.0
N,3186,11.368,9.845,0.0
N,3187,13.5,11.076,0.0
N,3188,12.789,12.306,0.0
N,3189,14.921,13.537,0.0
N,3190,13.5,13.537,0.0
N,3191,15.631,14.767,0.0
N,3192,14.921,15.998,0.0
N,3193,17.052,17.229,0.0
N,3194,15.631,17.229,0.0
N,3195,17.763,18.459,0.0
N,3196,17.052,19.69,0.0
N,3197,19.184,20.921,0.0
N,3198,17.763,20.921,0.0
N,3199,19.894,22.151,0.0
N,3200,19.184,23.382,0.0
N,3201,21.315,24.612,0.0
N,3202,19.894,24.612,0.0
N,3203,22.026,25.843,0.0
N,3204,21.315,27.074,0.0
N,3205,23.447,28.304,0.0
N,3206,22.026,28.304,0.0
N,3207,24.157,29.535,0.0
N,3208,23.447,30.766,0.0
N,3209,25.578,31.996,0.0
N,3210,24.157,31.996,0.0
N,3211,26.289,33.227,0.0
N,3212,25.578,34.457,0.0
N,3214,26.289,35.688,0.0
N,3215,28.42,36.919,0.0
N,3216,27.71,38.149,0.0
N,3217,29.841,39.38,0.0
N,3218,28.42,39.38,0.0
N,3219,30.552,40.611,0.0
N,3220,29.841,41.841,0.0
N,3221,31.973,43.072,0.0
N,3222,30.552,43.072,0.0
N,3223,32.683,44.302,0.0
N,3224,31.973,45.533,0.0
N,3225,34.104,46.764,0.0
N,3226,32.683,46.764,0.0
N,3227,34.815,47.994,0.0
N,3228,34.104,49.225,0.0
N,3229,36.236,50.456,0.0
N,3230,34.815,50.456,0.0
N,3231,36.946,51.686,0.0
N,3232,36.236,52.917,0.0
N,3233,36.946,54.147,0.0
N,3234,8.526,0.0,0.0
N,3235,10.658,1.231,0.0
N,3236,9.237,1.231,0.0
N,3237,11.368,2.461,0.0
N,3238,10.658,3.692,0.0
N,3239,12.789,4.922,0.0
N,3240,11.368,4.922,0.0
N,3241,13.5,6.153,0.0
N,3242,12.789,7.384,0.0
N,3243,14.921,8.614,0.0
N,3244,13.5,8.614,0.0
N,3245,15.631,9.845,0.0
N,3246,14.921,11.076,0.0
N,3247,17.052,12.306,0.0
N,3248,15.631,12.306,0.0
N,3249,17.763,13.537,0.0
N,3250,17.052,14.767,0.0
N,3251,19.184,15.998,0.0
N,3252,17.763,15.998,0.0
N,3253,19.894,17.229,0.0
N,3254,19.184,18.459,0.0
N,3255,21.315,19.69,0.0
N,3256,19.894,19.69,0.0
N,3257,22.026,20.921,0.0
N,3258,21.315,22.151,0.0
N,3259,23.447,23.382,0.0
N,3260,22.026,23.382,0.0
N,3261,24.157,24.612,0.0
N,3262,23.447,25.843,0.0
N,3263,25.578,27.074,0.0
N,3264,24.157,27.074,0.0
N,3265,26.289,28.304,0.0
N,3266,25.578,29.535,0.0
N,3267,27.71,30.766,0.0
N,3268,26.289,30.766,0.0
N,3269,28.42,31.996,0.0
N,3270,27.71,33.227,0.0
N,3271,29.841,34.457,0.0
N,3273,30.552,35.688,0.0
N,3274,29.841,36.919,0.0
N,3275,31.973,38.149,0.0
N,3277,32.683,39.38,0.0
N,3278,31.973,40.611,0.0
N,3279,34.104,41.841,0.0
N,3280,32.683,41.841,0.0
N,3281,34.815,43.072,0.0
N,3282,34.104,44.302,0.0
N,3283,36.236,45.533,0.0
N,3284,34.815,45.533,0.0
N,3285,36.946,46.764,0.0
N,3286,36.236,47.994,0.0
N,3287,36.946,49.225,0.0
N,3288,12.789,0.0,0.0
N,3289,11.368,0.0,0.0
N,3290,13.5,1.231,0.0
N,3291,12.789,2.461,0.0
N,3292,14.921,3.692,0.0
N,3293,13.5,3.692,0.0
N,3294,15.631,4.922,0.0
N,3295,14.921,6.153,0.0
N,3296,17.052,7.384,0.0
N,3297,15.631,7.384,0.0
N,3298,17.763,8.614,0.0
N,3299,17.052,9.845,0.0
N,3300,19.184,11.076,0.0
N,3301,17.763,11.076,0.0
N,3302,19.894,12.306,0.0
N,3303,19.184,13.537,0.0
N,3304,21.315,14.767,0.0
N,3305,19.894,14.767,0.0
N,3306,22.026,15.998,0.0
N,3307,21.315,17.229,0.0
N,3308,23.447,18.459,0.0
N,3310,24.157,19.69,0.0
N,3311,23.447,20.921,0.0
N,3312,25.578,22.151,0.0
N,3313,24.157,22.151,0.0
N,3314,26.289,23.382,0.0
N,3315,25.578,24.612,0.0
N,3316,27.71,25.843,0.0
N,3317,26.289,25.843,0.0
N,3318,28.42,27.074,0.0
N,3319,27.71,28.304,0.0
N,3320,29.841,29.535,0.0
N,3321,28.42,29.535,0.0
N,3322,30.552,30.766,0.0
N,3323,29.841,31.996,0.0
N,3324,31.973,33.227,0.0
N,3325,30.552,33.227,0.0
N,3326,32.683,34.457,0.0
N,3328,34.104,36.919,0.0
N,3329,32.683,36.919,0.0
N,3330,34.815,38.149,0.0
N,3331,34.104,39.38,0.0
N,3333,34.815,40.611,0.0
N,3334,36.946,41.841,0.0
N,3335,36.236,43.072,0.0
N,3336,36.946,44.302,0.0
N,3337,15.631,0.0,0.0
N,3338,14.921,1.231,0.0
N,3339,17.052,2.461,0.0
N,3340,15.631,2.461,0.0
N,3341,17.763,3.692,0.0
N,3342,17.052,4.922,0.0
N,3343,19.184,6.153,0.0
N,3344,17.763,6.153,0.0
N,3345,19.894,7.384,0.0
N,3346,19.184,8.614,0.0
N,3347,21.315,9.845,0.0
N,3348,19.894,9.845,0.0
N,3349,22.026,11.076,0.0
N,3350,21.315,12.306,0.0
N,3351,23.447,13.537,0.0
N,3352,22.026,13.537,0.0
N,3353,24.157,14.767,0.0
N,3354,23.447,15.998,0.0
N,3355,25.578,17.229,0.0
N,3357,26.289,18.459,0.0
N,3358,25.578,19.69,0.0
N,3359,27.71,20.921,0.0
N,3360,26.289,20.921,0.0
N,3361,28.42,22.151,0.0
N,3362,27.71,23.382,0.0
N,3363,29.841,24.612,0.0
N,3364,28.42,24.612,0.0
N,3365,30.552,25.843,0.0
N,3366,29.841,27.074,0.0
N,3367,31.973,28.304,0.0
N,3368,30.552,28.304,0.0
N,3369,32.683,29.535,0.0
N,3370,31.973,30.766,0.0
N,3371,34.104,31.996,0.0
N,3372,32.683,31.996,0.0
N,3373,34.815,33.227,0.0
N,3374,34.104,34.457,0.0
N,3375,36.236,35.688,0.0
N,3376,34.815,35.688,0.0
N,3377,36.946,36.919,0.0
N,3378,36.236,38.149,0.0
N,3379,38.367,39.38,0.0
N,3380,36.946,39.38,0.0
N,3381,38.367,41.841,0.0
N,3382,17.052,0.0,0.0
N,3383,19.184,1.231,0.0
N,3384,17.763,1.231,0.0
N,3385,19.894,2.461,0.0
N,3386,19.184,3.692,0.0
N,3387,21.315,4.922,0.0
N,3388,19.894,4.922,0.0
N,3389,22.026,6.153,0.0
N,3390,21.315,7.384,0.0
N,3391,23.447,8.614,0.0
N,3392,22.026,8.614,0.0
N,3393,24.157,9.845,0.0
N,3394,23.447,11.076,0.0
N,3395,25.578,12.306,0.0
N,3396,24.157,12.306,0.0
N,3397,26.289,13.537,0.0
N,3398,25.578,14.767,0.0
N,3399,27.71,15.998,0.0
N,3400,26.289,15.998,0.0
N,3401,28.42,17.229,0.0
N,3402,27.71,18.459,0.0
N,3403,29.841,19.69,0.0
N,3404,28.42,19.69,0.0
N,3405,30.552,20.921,0.0
N,3406,29.841,22.151,0.0
N,3408,30.552,23.382,0.0
N,3410,31.973,25.843,0.0
N,3411,34.104,27.074,0.0
N,3412,32.683,27.074,0.0
N,3413,34.815,28.304,0.0
N,3415,36.236,30.766,0.0
N,3416,34.815,30.766,0.0
N,3417,36.946,31.996,0.0
N,3418,36.236,33.227,0.0
N,3419,36.946,34.457,0.0
N,3420,38.367,36.919,0.0
N,3421,21.315,0.0,0.0
N,3422,19.894,0.0,0.0
N,3423,22.026,1.231,0.0
N,3424,21.315,2.461,0.0
N,3425,23.447,3.692,0.0
N,3426,22.026,3.692,0.0
N,3427,24.157,4.922,0.0
N,3428,23.447,6.153,0.0
N,3429,25.578,7.384,0.0
N,3430,24.157,7.384,0.0
N,3431,26.289,8.614,0.0
N,3432,25.578,9.845,0.0
N,3433,27.71,11.076,0.0
N,3434,26.289,11.076,0.0
N,3435,28.42,12.306,0.0
N,3436,27.71,13.537,0.0
N,3437,29.841,14.767,0.0
N,3438,28.42,14.767,0.0
N,3439,30.552,15.998,0.0
N,3440,29.841,17.229,0.0
N,3441,31.973,18.459,0.0
N,3442,30.552,18.459,0.0
N,3443,32.683,19.69,0.0
N,3444,31.973,20.921,0.0
N,3445,34.104,22.151,0.0
N,3446,32.683,22.151,0.0
N,3447,34.815,23.382,0.0
N,3448,34.104,24.612,0.0
N,3449,36.236,25.843,0.0
N,3450,34.815,25.843,0.0
N,3451,36.946,27.074,0.0
N,3452,36.236,28.304,0.0
N,3453,36.946,29.535,0.0
N,3454,24.157,0.0,0.0
N,3455,23.447,1.231,0.0
N,3456,25.578,2.461,0.0
N,3457,24.157,2.461,0.0
N,3458,26.289,3.692,0.0
N,3459,25.578,4.922,0.0
N,3460,27.71,6.153,0.0
N,3461,26.289,6.153,0.0
N,3462,28.42,7.384,0.0
N,3463,27.71,8.614,0.0
N,3464,29.841,9.845,0.0
N,3465,28.42,9.845,0.0
N,3466,30.552,11.076,0.0
N,3467,29.841,12.306,0.0
N,3468,31.973,13.537,0.0
N,3469,30.552,13.537,0.0
N,3470,32.683,14.767,0.0
N,3471,31.973,15.998,0.0
N,3472,34.104,17.229,0.0
N,3473,32.683,17.229,0.0
N,3474,34.815,18.459,0.0
N,3475,34.104,19.69,0.0
N,3476,36.236,20.921,0.0
N,3477,34.815,20.921,0.0
N,3478,36.946,22.151,0.0
N,3479,36.236,23.382,0.0
N,3480,36.946,24.612,0.0
N,3481,25.578,0.0,0.0
N,3482,27.71,1.231,0.0
N,3484,28.42,2.461,0.0
N,3485,27.71,3.692,0.0
N,3486,29.841,4.922,0.0
N,3487,28.42,4.922,0.0
N,3488,30.552,6.153,0.0
N,3489,29.841,7.384,0.0
N,3490,31.973,8.614,0.0
N,3491,30.552,8.614,0.0
N,3492,32.683,9.845,0.0
N,3493,31.973,11.076,0.0
N,3494,34.104,12.306,0.0
N,3495,32.683,12.306,0.0
N,3496,34.815,13.537,0.0
N,3497,34.104,14.767,0.0
N,3498,36.236,15.998,0.0
N,3499,34.815,15.998,0.0
N,3500,36.946,17.229,0.0
N,3501,36.236,18.459,0.0
N,3502,36.946,19.69,0.0
N,3503,29.841,0.0,0.0
N,3504,28.42,0.0,0.0
N,3505,30.552,1.231,0.0
N,3506,29.841,2.461,0.0
N,3507,31.973,3.692,0.0
N,3508,30.552,3.692,0.0
N,3509,32.683,4.922,0.0
N,3510,31.973,6.153,0.0
N,3511,34.104,7.384,0.0
N,3512,32.683,7.384,0.0
N,3513,34.815,8.614,0.0
N,3514,34.104,9.845,0.0
N,3515,36.236,11.076,0.0
N,3516,34.815,11.076,0.0
N,3517,36.946,12.306,0.0
N,3518,36.236,13.537,0.0
N,3519,38.367,14.767,0.0
N,3520,36.946,14.767,0.0
N,3521,38.367,17.229,0.0
N,3522,32.683,0.0,0.0
N,3523,31.973,1.231,0.0
N,3524,34.104,2.461,0.0
N,3525,32.683,2.461,0.0
N,3526,34.815,3.692,0.0
N,3527,34.104,4.922,0.0
N,3528,36.236,6.153,0.0
N,3529,34.815,6.153,0.0
N,3530,36.946,7.384,0.0
N,3531,36.236,8.614,0.0
N,3532,36.946,9.845,0.0
N,3533,34.104,0.0,0.0
N,3534,36.236,1.231,0.0
N,3535,34.815,1.231,0.0
N,3536,36.946,2.461,0.0
N,3537,36.236,3.692,0.0
N,3538,38.367,4.922,0.0
N,3539,36.946,4.922,0.0
N,3540,38.367,7.384,0.0
N,3541,36.946,0.0,0.0
