/PREP7
N,1,0.0,0.0,0.0
N,2,1.231,2.132,0.0
N,3,0.0,1.421,0.0
N,4,1.231,3.553,0.0
N,5,0.0,4.263,0.0
N,6,1.231,6.395,0.0
N,7,0.0,5.684,0.0
N,8,1.231,7.816,0.0
N,9,0.0,8.526,0.0
N,10,1.231,10.658,0.0
N,11,0.0,9.947,0.0
N,12,1.231,12.079,0.0
N,13,0.0,12.789,0.0
N,14,1.231,14.921,0.0
N,15,0.0,14.21,0.0
N,16,1.231,16.342,0.0
N,17,0.0,17.052,0.0
N,18,1.231,19.184,0.0
N,19,0.0,18.473,0.0
N,20,1.231,20.605,0.0
N,21,0.0,21.315,0.0
N,22,1.231,23.447,0.0
N,23,0.0,22.736,0.0
N,25,0.0,25.578,0.0
N,26,1.231,27.71,0.0
N,27,0.0,26.999,0.0
N,28,1.231,29.131,0.0
N,29,0.0,29.841,0.0
N,30,1.231,31.973,0.0
N,32,1.231,33.394,0.0
N,33,0.0,34.104,0.0
N,34,1.231,36.236,0.0
N,35,0.0,35.525,0.0
N,36,1.231,37.657,0.0
N,37,0.0,38.367,0.0
N,38,1.231,40.499,0.0
N,39,0.0,39.788,0.0
N,40,1.231,41.92,0.0
N,41,0.0,42.63,0.0
N,42,1.231,44.762,0.0
N,43,0.0,44.051,0.0
N,44,1.231,46.183,0.0
N,45,0.0,46.893,0.0
N,46,1.231,49.025,0.0
N,47,0.0,48.314,0.0
N,48,1.231,50.446,0.0
N,49,0.0,51.156,0.0
N,50,1.231,53.288,0.0
N,51,0.0,52.577,0.0
N,52,1.231,54.709,0.0
N,53,0.0,55.419,0.0
N,54,1.231,57.551,0.0
N,55,0.0,56.84,0.0
N,56,1.231,58.972,0.0
N,57,0.0,59.682,0.0
N,58,1.231,61.814,0.0
N,59,0.0,61.103,0.0
N,60,1.231,63.235,0.0
N,61,0.0,63.945,0.0
N,62,1.231,66.077,0.0
N,63,0.0,65.366,0.0
N,64,1.231,67.498,0.0
N,65,0.0,68.208,0.0
N,66,1.231,70.34,0.0
N,67,0.0,69.629,0.0
N,68,1.231,71.761,0.0
N,69,0.0,72.471,0.0
N,70,1.231,74.603,0.0
N,71,0.0,73.892,0.0
N,72,1.231,76.024,0.0
N,73,0.0,76.734,0.0
N,74,1.231,78.866,0.0
N,75,0.0,78.155,0.0
N,76,1.231,80.287,0.0
N,77,0.0,80.997,0.0
N,78,1.231,83.129,0.0
N,79,0.0,82.418,0.0
N,80,1.231,84.55,0.0
N,81,0.0,85.26,0.0
N,82,1.231,87.392,0.0
N,83,0.0,86.681,0.0
N,84,1.231,88.813,0.0
N,85,0.0,89.523,0.0
N,86,1.231,91.655,0.0
N,87,0.0,90.944,0.0
N,88,1.231,93.076,0.0
N,89,0.0,93.786,0.0
N,90,1.231,95.918,0.0
N,91,0.0,95.207,0.0
N,92,1.231,97.339,0.0
N,93,0.0,98.049,0.0
N,94,1.231,100.181,0.0
N,95,0.0,99.47,0.0
N,96,1.231,101.602,0.0
N,97,0.0,102.312,0.0
N,98,1.231,104.444,0.0
N,99,0.0,103.733,0.0
N,100,1.231,105.865,0.0
N,101,0.0,106.575,0.0
N,102,1.231,108.707,0.0
N,103,0.0,107.996,0.0
N,104,1.231,110.128,0.0
N,105,0.0,110.838,0.0
N,106,1.231,112.97,0.0
N,107,0.0,112.259,0.0
N,108,1.231,114.391,0.0
N,109,0.0,115.101,0.0
N,110,1.231,117.233,0.0
N,111,0.0,116.522,0.0
N,112,1.231,118.654,0.0
N,113,0.0,119.364,0.0
N,114,1.231,121.496,0.0
N,115,0.0,120.785,0.0
N,116,1.231,122.917,0.0
N,117,0.0,123.627,0.0
N,118,1.231,125.759,0.0
N,119,0.0,125.048,0.0
N,120,1.231,127.18,0.0
N,121,0.0,127.89,0.0
N,122,1.231,130.022,0.0
N,123,0.0,129.311,0.0
N,124,1.231,131.443,0.0
N,125,0.0,132.153,0.0
N,126,1.231,134.285,0.0
N,127,0.0,133.574,0.0
N,128,1.231,135.706,0.0
N,129,0.0,136.416,0.0
N,130,1.231,138.548,0.0
N,131,0.0,137.837,0.0
N,132,1.231,139.969,0.0
N,133,0.0,140.679,0.0
N,134,1.231,142.811,0.0
N,135,0.0,142.1,0.0
N,136,1.231,144.232,0.0
N,137,0.0,144.942,0.0
N,138,1.231,147.074,0.0
N,139,0.0,146.363,0.0
N,141,0.0,149.205,0.0
N,142,1.231,151.337,0.0
N,143,0.0,150.626,0.0
N,144,1.231,152.758,0.0
N,146,1.231,155.6,0.0
N,147,0.0,154.889,0.0
N,148,1.231,157.021,0.0
N,149,0.0,157.731,0.0
N,150,1.231,159.863,0.0
N,151,0.0,159.152,0.0
N,152,1.231,161.284,0.0
N,153,0.0,161.994,0.0
N,154,1.231,164.126,0.0
N,155,0.0,163.415,0.0
N,156,1.231,165.547,0.0
N,157,0.0,166.257,0.0
N,158,1.231,168.389,0.0
N,159,0.0,167.678,0.0
N,160,1.231,169.81,0.0
N,161,0.0,170.52,0.0
N,162,1.231,172.652,0.0
N,164,1.231,174.073,0.0
N,165,0.0,174.783,0.0
N,166,1.231,176.915,0.0
N,167,0.0,176.204,0.0
N,168,1.231,178.336,0.0
N,169,0.0,179.046,0.0
N,170,1.231,181.178,0.0
N,171,0.0,180.467,0.0
N,172,1.231,182.599,0.0
N,173,0.0,183.309,0.0
N,174,1.231,185.441,0.0
N,175,0.0,184.73,0.0
N,176,1.231,186.862,0.0
N,177,0.0,187.572,0.0
N,178,1.231,189.704,0.0
N,179,0.0,188.993,0.0
N,180,1.231,191.125,0.0
N,181,0.0,191.835,0.0
N,182,1.231,193.967,0.0
N,183,0.0,193.256,0.0
N,184,1.231,195.388,0.0
N,185,0.0,196.098,0.0
N,186,1.231,198.23,0.0
N,187,0.0,197.519,0.0
N,188,1.231,199.651,0.0
N,189,2.461,0.0,0.0
N,190,3.692,2.132,0.0
N,191,2.461,1.421,0.0
N,192,3.692,3.553,0.0
N,193,2.461,4.263,0.0
N,194,3.692,6.395,0.0
N,195,2.461,5.684,0.0
N,196,3.692,7.816,0.0
N,197,2.461,8.526,0.0
N,198,3.692,10.658,0.0
N,199,2.461,9.947,0.0
N,200,3.692,12.079,0.0
N,201,2.461,12.789,0.0
N,202,3.692,14.921,0.0
N,203,2.461,14.21,0.0
N,204,3.692,16.342,0.0
N,205,2.461,17.052,0.0
N,206,3.692,19.184,0.0
N,207,2.461,18.473,0.0
N,208,3.692,20.605,0.0
N,209,2.461,21.315,0.0
N,210,3.692,23.447,0.0
N,211,2.461,22.736,0.0
N,212,3.692,24.868,0.0
N,213,2.461,25.578,0.0
N,214,3.692,27.71,0.0
N,215,2.461,26.999,0.0
N,216,3.692,29.131,0.0
N,217,2.461,29.841,0.0
N,218,3.692,31.973,0.0
N,219,2.461,31.262,0.0
N,220,3.692,33.394,0.0
N,221,2.461,34.104,0.0
N,222,3.692,36.236,0.0
N,223,2.461,35.525,0.0
N,224,3.692,37.657,0.0
N,225,2.461,38.367,0.0
N,226,3.692,40.499,0.0
N,227,2.461,39.788,0.0
N,228,3.692,41.92,0.0
N,229,2.461,42.63,0.0
N,230,3.692,44.762,0.0
N,231,2.461,44.051,0.0
N,232,3.692,46.183,0.0
N,233,2.461,46.893,0.0
N,234,3.692,49.025,0.0
N,235,2.461,48.314,0.0
N,236,3.692,50.446,0.0
N,237,2.461,51.156,0.0
N,238,3.692,53.288,0.0
N,239,2.461,52.577,0.0
N,240,3.692,54.709,0.0
N,241,2.461,55.419,0.0
N,242,3.692,57.551,0.0
N,243,2.461,56.84,0.0
N,244,3.692,58.972,0.0
N,245,2.461,59.682,0.0
N,246,3.692,61.814,0.0
N,247,2.461,61.103,0.0
N,248,3.692,63.235,0.0
N,249,2.461,63.945,0.0
N,250,3.692,66.077,0.0
N,251,2.461,65.366,0.0
N,252,3.692,67.498,0.0
N,253,2.461,68.208,0.0
N,254,3.692,70.34,0.0
N,255,2.461,69.629,0.0
N,256,3.692,71.761,0.0
N,257,2.461,72.471,0.0
N,258,3.692,74.603,0.0
N,259,2.461,73.892,0.0
N,260,3.692,76.024,0.0
N,261,2.461,76.734,0.0
N,262,3.692,78.866,0.0
N,263,2.461,78.155,0.0
N,264,3.692,80.287,0.0
N,265,2.461,80.997,0.0
N,266,3.692,83.129,0.0
N,267,2.461,82.418,0.0
N,268,3.692,84.55,0.0
N,269,2.461,85.26,0.0
N,270,3.692,87.392,0.0
N,271,2.461,86.681,0.0
N,272,3.692,88.813,0.0
N,273,2.461,89.523,0.0
N,274,3.692,91.655,0.0
N,275,2.461,90.944,0.0
N,276,3.692,93.076,0.0
N,277,2.461,93.786,0.0
N,278,3.692,95.918,0.0
N,279,2.461,95.207,0.0
N,280,3.692,97.339,0.0
N,281,2.461,98.049,0.0
N,282,3.692,100.181,0.0
N,283,2.461,99.47,0.0
N,284,3.692,101.602,0.0
N,285,2.461,102.312,0.0
N,286,3.692,104.444,0.0
N,287,2.461,103.733,0.0
N,289,2.461,106.575,0.0
N,290,3.692,108.707,0.0
N,291,2.461,107.996,0.0
N,292,3.692,110.128,0.0
N,293,2.461,110.838,0.0
N,294,3.692,112.97,0.0
N,295,2.461,112.259,0.0
N,296,3.692,114.391,0.0
N,297,2.461,115.101,0.0
N,298,3.692,117.233,0.0
N,299,2.461,116.522,0.0
N,300,3.692,118.654,0.0
N,302,3.692,121.496,0.0
N,303,2.461,120.785,0.0
N,304,3.692,122.917,0.0
N,305,2.461,123.627,0.0
N,306,3.692,125.759,0.0
N,307,2.461,125.048,0.0
N,308,3.692,127.18,0.0
N,309,2.461,127.89,0.0
N,310,3.692,130.022,0.0
N,311,2.461,129.311,0.0
N,312,3.692,131.443,0.0
N,313,2.461,132.153,0.0
N,314,3.692,134.285,0.0
N,315,2.461,133.574,0.0
N,316,3.692,135.706,0.0
N,317,2.461,136.416,0.0
N,318,3.692,138.548,0.0
N,319,2.461,137.837,0.0
N,320,3.692,139.969,0.0
N,321,2.461,140.679,0.0
N,322,3.692,142.811,0.0
N,323,2.461,142.1,0.0
N,324,3.692,144.232,0.0
N,325,2.461,144.942,0.0
N,326,3.692,147.074,0.0
N,327,2.461,146.363,0.0
N,328,3.692,148.495,0.0
N,329,2.461,149.205,0.0
N,330,3.692,151.337,0.0
N,331,2.461,150.626,0.0
N,332,3.692,152.758,0.0
N,333,2.461,153.468,0.0
N,334,3.692,155.6,0.0
N,335,2.461,154.889,0.0
N,336,3.692,157.021,0.0
N,337,2.461,157.731,0.0
N,338,3.692,159.863,0.0
N,339,2.461,159.152,0.0
N,340,3.692,161.284,0.0
N,341,2.461,161.994,0.0
N,342,3.692,164.126,0.0
N,343,2.461,163.415,0.0
N,344,3.692,165.547,0.0
N,345,2.461,166.257,0.0
N,346,3.692,168.389,0.0
N,347,2.461,167.678,0.0
N,348,3.692,169.81,0.0
N,349,2.461,170.52,0.0
N,350,3.692,172.652,0.0
N,351,2.461,171.941,0.0
N,352,3.692,174.073,0.0
N,353,2.461,174.783,0.0
N,354,3.692,176.915,0.0
N,355,2.461,176.204,0.0
N,356,3.692,178.336,0.0
N,357,2.461,179.046,0.0
N,358,3.692,181.178,0.0
N,359,2.461,180.467,0.0
N,360,3.692,182.599,0.0
N,361,2.461,183.309,0.0
N,362,3.692,185.441,0.0
N,363,2.461,184.73,0.0
N,364,3.692,186.862,0.0
N,365,2.461,187.572,0.0
N,366,3.692,189.704,0.0
N,367,2.461,188.993,0.0
N,368,3.692,191.125,0.0
N,369,2.461,191.835,0.0
N,370,3.692,193.967,0.0
N,371,2.461,193.256,0.0
N,372,3.692,195.388,0.0
N,373,2.461,196.098,0.0
N,374,3.692,198.23,0.0
N,375,2.461,197.519,0.0
N,376,3.692,199.651,0.0
N,377,4.922,0.0,0.0
N,378,6.153,2.132,0.0
N,379,4.922,1.421,0.0
N,380,6.153,3.553,0.0
N,381,4.922,4.263,0.0
N,382,6.153,6.395,0.0
N,383,4.922,5.684,0.0
N,384,6.153,7.816,0.0
N,385,4.922,8.526,0.0
N,386,6.153,10.658,0.0
N,387,4.922,9.947,0.0
N,388,6.153,12.079,0.0
N,389,4.922,12.789,0.0
N,390,6.153,14.921,0.0
N,391,4.922,14.21,0.0
N,392,6.153,16.342,0.0
N,393,4.922,17.052,0.0
N,394,6.153,19.184,0.0
N,395,4.922,18.473,0.0
N,396,6.153,20.605,0.0
N,397,4.922,21.315,0.0
N,398,6.153,23.447,0.0
N,399,4.922,22.736,0.0
N,400,6.153,24.868,0.0
N,401,4.922,25.578,0.0
N,402,6.153,27.71,0.0
N,403,4.922,26.999,0.0
N,404,6.153,29.131,0.0
N,405,4.922,29.841,0.0
N,406,6.153,31.973,0.0
N,408,6.153,33.394,0.0
N,409,4.922,34.104,0.0
N,410,6.153,36.236,0.0
N,411,4.922,35.525,0.0
N,412,6.153,37.657,0.0
N,413,4.922,38.367,0.0
N,414,6.153,40.499,0.0
N,415,4.922,39.788,0.0
N,416,6.153,41.92,0.0
N,417,4.922,42.63,0.0
N,418,6.153,44.762,0.0
N,419,4.922,44.051,0.0
N,420,6.153,46.183,0.0
N,421,4.922,46.893,0.0
N,422,6.153,49.025,0.0
N,423,4.922,48.314,0.0
N,424,6.153,50.446,0.0
N,425,4.922,51.156,0.0
N,426,6.153,53.288,0.0
N,427,4.922,52.577,0.0
N,428,6.153,54.709,0.0
N,429,4.922,55.419,0.0
N,430,6.153,57.551,0.0
N,431,4.922,56.84,0.0
N,432,6.153,58.972,0.0
N,433,4.922,59.682,0.0
N,434,6.153,61.814,0.0
N,435,4.922,61.103,0.0
N,436,6.153,63.235,0.0
N,437,4.922,63.945,0.0
N,438,6.153,66.077,0.0
N,439,4.922,65.366,0.0
N,440,6.153,67.498,0.0
N,441,4.922,68.208,0.0
N,442,6.153,70.34,0.0
N,443,4.922,69.629,0.0
N,444,6.153,71.761,0.0
N,445,4.922,72.471,0.0
N,446,6.153,74.603,0.0
N,447,4.922,73.892,0.0
N,448,6.153,76.024,0.0
N,449,4.922,76.734,0.0
N,450,6.153,78.866,0.0
N,451,4.922,78.155,0.0
N,452,6.153,80.287,0.0
N,453,4.922,80.997,0.0
N,454,6.153,83.129,0.0
N,455,4.922,82.418,0.0
N,456,6.153,84.55,0.0
N,457,4.922,85.26,0.0
N,458,6.153,87.392,0.0
N,459,4.922,86.681,0.0
N,460,6.153,88.813,0.0
N,461,4.922,89.523,0.0
N,462,6.153,91.655,0.0
N,463,4.922,90.944,0.0
N,464,6.153,93.076,0.0
N,465,4.922,93.786,0.0
N,466,6.153,95.918,0.0
N,468,6.153,97.339,0.0
N,469,4.922,98.049,0.0
N,470,6.153,100.181,0.0
N,471,4.922,99.47,0.0
N,472,6.153,101.602,0.0
N,473,4.922,102.312,0.0
N,474,6.153,104.444,0.0
N,475,4.922,103.733,0.0
N,476,6.153,105.865,0.0
N,477,4.922,106.575,0.0
N,478,6.153,108.707,0.0
N,479,4.922,107.996,0.0
N,480,6.153,110.128,0.0
N,481,4.922,110.838,0.0
N,482,6.153,112.97,0.0
N,483,4.922,112.259,0.0
N,484,6.153,114.391,0.0
N,485,4.922,115.101,0.0
N,486,6.153,117.233,0.0
N,487,4.922,116.522,0.0
N,488,6.153,118.654,0.0
N,489,4.922,119.364,0.0
N,490,6.153,121.496,0.0
N,491,4.922,120.785,0.0
N,492,6.153,122.917,0.0
N,493,4.922,123.627,0.0
N,494,6.153,125.759,0.0
N,495,4.922,125.048,0.0
N,496,6.153,127.18,0.0
N,497,4.922,127.89,0.0
N,498,6.153,130.022,0.0
N,499,4.922,129.311,0.0
N,500,6.153,131.443,0.0
N,501,4.922,132.153,0.0
N,502,6.153,134.285,0.0
N,503,4.922,133.574,0.0
N,504,6.153,135.706,0.0
N,505,4.922,136.416,0.0
N,506,6.153,138.548,0.0
N,507,4.922,137.837,0.0
N,508,6.153,139.969,0.0
N,509,4.922,140.679,0.0
N,510,6.153,142.811,0.0
N,511,4.922,142.1,0.0
N,512,6.153,144.232,0.0
N,513,4.922,144.942,0.0
N,514,6.153,147.074,0.0
N,515,4.922,146.363,0.0
N,516,6.153,148.495,0.0
N,517,4.922,149.205,0.0
N,518,6.153,151.337,0.0
N,519,4.922,150.626,0.0
N,520,6.153,152.758,0.0
N,521,4.922,153.468,0.0
N,522,6.153,155.6,0.0
N,523,4.922,154.889,0.0
N,524,6.153,157.021,0.0
N,525,4.922,157.731,0.0
N,526,6.153,159.863,0.0
N,527,4.922,159.152,0.0
N,528,6.153,161.284,0.0
N,529,4.922,161.994,0.0
N,530,6.153,164.126,0.0
N,531,4.922,163.415,0.0
N,532,6.153,165.547,0.0
N,533,4.922,166.257,0.0
N,534,6.153,168.389,0.0
N,535,4.922,167.678,0.0
N,536,6.153,169.81,0.0
N,537,4.922,170.52,0.0
N,538,6.153,172.652,0.0
N,539,4.922,171.941,0.0
N,540,6.153,174.073,0.0
N,541,4.922,174.783,0.0
N,542,6.153,176.915,0.0
N,543,4.922,176.204,0.0
N,544,6.153,178.336,0.0
N,545,4.922,179.046,0.0
N,546,6.153,181.178,0.0
N,547,4.922,180.467,0.0
N,548,6.153,182.599,0.0
N,549,4.922,183.309,0.0
N,550,6.153,185.441,0.0
N,551,4.922,184.73,0.0
N,552,6.153,186.862,0.0
N,553,4.922,187.572,0.0
N,554,6.153,189.704,0.0
N,555,4.922,188.993,0.0
N,556,6.153,191.125,0.0
N,557,4.922,191.835,0.0
N,558,6.153,193.967,0.0
N,559,4.922,193.256,0.0
N,560,6.153,195.388,0.0
N,561,4.922,196.098,0.0
N,562,6.153,198.23,0.0
N,563,4.922,197.519,0.0
N,564,6.153,199.651,0.0
N,565,7.384,0.0,0.0
N,566,8.614,2.132,0.0
N,567,7.384,1.421,0.0
N,568,8.614,3.553,0.0
N,569,7.384,4.263,0.0
N,570,8.614,6.395,0.0
N,571,7.384,5.684,0.0
N,572,8.614,7.816,0.0
N,573,7.384,8.526,0.0
N,574,8.614,10.658,0.0
N,575,7.384,9.947,0.0
N,576,8.614,12.079,0.0
N,577,7.384,12.789,0.0
N,578,8.614,14.921,0.0
N,579,7.384,14.21,0.0
N,580,8.614,16.342,0.0
N,581,7.384,17.052,0.0
N,582,8.614,19.184,0.0
N,583,7.384,18.473,0.0
N,584,8.614,20.605,0.0
N,585,7.384,21.315,0.0
N,587,7.384,22.736,0.0
N,588,8.614,24.868,0.0
N,589,7.384,25.578,0.0
N,590,8.614,27.71,0.0
N,592,8.614,29.131,0.0
N,593,7.384,29.841,0.0
N,594,8.614,31.973,0.0
N,595,7.384,31.262,0.0
N,596,8.614,33.394,0.0
N,597,7.384,34.104,0.0
N,598,8.614,36.236,0.0
N,599,7.384,35.525,0.0
N,600,8.614,37.657,0.0
N,601,7.384,38.367,0.0
N,602,8.614,40.499,0.0
N,603,7.384,39.788,0.0
N,604,8.614,41.92,0.0
N,605,7.384,42.63,0.0
N,606,8.614,44.762,0.0
N,607,7.384,44.051,0.0
N,608,8.614,46.183,0.0
N,609,7.384,46.893,0.0
N,610,8.614,49.025,0.0
N,611,7.384,48.314,0.0
N,612,8.614,50.446,0.0
N,613,7.384,51.156,0.0
N,614,8.614,53.288,0.0
N,615,7.384,52.577,0.0
N,616,8.614,54.709,0.0
N,617,7.384,55.419,0.0
N,618,8.614,57.551,0.0
N,619,7.384,56.84,0.0
N,620,8.614,58.972,0.0
N,621,7.384,59.682,0.0
N,622,8.614,61.814,0.0
N,623,7.384,61.103,0.0
N,624,8.614,63.235,0.0
N,625,7.384,63.945,0.0
N,626,8.614,66.077,0.0
N,627,7.384,65.366,0.0
N,628,8.614,67.498,0.0
N,629,7.384,68.208,0.0
N,630,8.614,70.34,0.0
N,631,7.384,69.629,0.0
N,632,8.614,71.761,0.0
N,633,7.384,72.471,0.0
N,634,8.614,74.603,0.0
N,635,7.384,73.892,0.0
N,636,8.614,76.024,0.0
N,637,7.384,76.734,0.0
N,638,8.614,78.866,0.0
N,639,7.384,78.155,0.0
N,640,8.614,80.287,0.0
N,641,7.384,80.997,0.0
N,642,8.614,83.129,0.0
N,643,7.384,82.418,0.0
N,644,8.614,84.55,0.0
N,645,7.384,85.26,0.0
N,646,8.614,87.392,0.0
N,647,7.384,86.681,0.0
N,648,8.614,88.813,0.0
N,649,7.384,89.523,0.0
N,650,8.614,91.655,0.0
N,651,7.384,90.944,0.0
N,652,8.614,93.076,0.0
N,653,7.384,93.786,0.0
N,654,8.614,95.918,0.0
N,655,7.384,95.207,0.0
N,656,8.614,97.339,0.0
N,657,7.384,98.049,0.0
N,658,8.614,100.181,0.0
N,659,7.384,99.47,0.0
N,660,8.614,101.602,0.0
N,661,7.384,102.312,0.0
N,662,8.614,104.444,0.0
N,663,7.384,103.733,0.0
N,664,8.614,105.865,0.0
N,665,7.384,106.575,0.0
N,666,8.614,108.707,0.0
N,667,7.384,107.996,0.0
N,668,8.614,110.128,0.0
N,669,7.384,110.838,0.0
N,670,8.614,112.97,0.0
N,671,7.384,112.259,0.0
N,672,8.614,114.391,0.0
N,673,7.384,115.101,0.0
N,674,8.614,117.233,0.0
N,675,7.384,116.522,0.0
N,676,8.614,118.654,0.0
N,677,7.384,119.364,0.0
N,678,8.614,121.496,0.0
N,679,7.384,120.785,0.0
N,680,8.614,122.917,0.0
N,681,7.384,123.627,0.0
N,682,8.614,125.759,0.0
N,683,7.384,125.048,0.0
N,684,8.614,127.18,0.0
N,685,7.384,127.89,0.0
N,686,8.614,130.022,0.0
N,687,7.384,129.311,0.0
N,688,8.614,131.443,0.0
N,689,7.384,132.153,0.0
N,690,8.614,134.285,0.0
N,691,7.384,133.574,0.0
N,692,8.614,135.706,0.0
N,694,8.614,138.548,0.0
N,695,7.384,137.837,0.0
N,696,8.614,139.969,0.0
N,697,7.384,140.679,0.0
N,698,8.614,142.811,0.0
N,699,7.384,142.1,0.0
N,700,8.614,144.232,0.0
N,701,7.384,144.942,0.0
N,702,8.614,147.074,0.0
N,703,7.384,146.363,0.0
N,704,8.614,148.495,0.0
N,705,7.384,149.205,0.0
N,706,8.614,151.337,0.0
N,707,7.384,150.626,0.0
N,708,8.614,152.758,0.0
N,709,7.384,153.468,0.0
N,710,8.614,155.6,0.0
N,711,7.384,154.889,0.0
N,712,8.614,157.021,0.0
N,713,7.384,157.731,0.0
N,714,8.614,159.863,0.0
N,715,7.384,159.152,0.0
N,716,8.614,161.284,0.0
N,717,7.384,161.994,0.0
N,718,8.614,164.126,0.0
N,719,7.384,163.415,0.0
N,720,8.614,165.547,0.0
N,721,7.384,166.257,0.0
N,722,8.614,168.389,0.0
N,724,8.614,169.81,0.0
N,725,7.384,170.52,0.0
N,726,8.614,172.652,0.0
N,727,7.384,171.941,0.0
N,728,8.614,174.073,0.0
N,729,7.384,174.783,0.0
N,730,8.614,176.915,0.0
N,731,7.384,176.204,0.0
N,732,8.614,178.336,0.0
N,733,7.384,179.046,0.0
N,734,8.614,181.178,0.0
N,735,7.384,180.467,0.0
N,736,8.614,182.599,0.0
N,737,7.384,183.309,0.0
N,738,8.614,185.441,0.0
N,739,7.384,184.73,0.0
N,740,8.614,186.862,0.0
N,742,8.614,189.704,0.0
N,743,7.384,188.993,0.0
N,744,8.614,191.125,0.0
N,745,7.384,191.835,0.0
N,746,8.614,193.967,0.0
N,747,7.384,193.256,0.0
N,748,8.614,195.388,0.0
N,749,7.384,196.098,0.0
N,750,8.614,198.23,0.0
N,751,7.384,197.519,0.0
N,752,8.614,199.651,0.0
N,753,9.845,0.0,0.0
N,754,11.076,2.132,0.0
N,755,9.845,1.421,0.0
N,756,11.076,3.553,0.0
N,757,9.845,4.263,0.0
N,758,11.076,6.395,0.0
N,759,9.845,5.684,0.0
N,760,11.076,7.816,0.0
N,761,9.845,8.526,0.0
N,762,11.076,10.658,0.0
N,763,9.845,9.947,0.0
N,764,11.076,12.079,0.0
N,765,9.845,12.789,0.0
N,766,11.076,14.921,0.0
N,767,9.845,14.21,0.0
N,768,11.076,16.342,0.0
N,769,9.845,17.052,0.0
N,770,11.076,19.184,0.0
N,771,9.845,18.473,0.0
N,772,11.076,20.605,0.0
N,773,9.845,21.315,0.0
N,774,11.076,23.447,0.0
N,775,9.845,22.736,0.0
N,776,11.076,24.868,0.0
N,777,9.845,25.578,0.0
N,778,11.076,27.71,0.0
N,779,9.845,26.999,0.0
N,780,11.076,29.131,0.0
N,781,9.845,29.841,0.0
N,782,11.076,31.973,0.0
N,783,9.845,31.262,0.0
N,784,11.076,33.394,0.0
N,785,9.845,34.104,0.0
N,786,11.076,36.236,0.0
N,787,9.845,35.525,0.0
N,788,11.076,37.657,0.0
N,789,9.845,38.367,0.0
N,790,11.076,40.499,0.0
N,791,9.845,39.788,0.0
N,792,11.076,41.92,0.0
N,793,9.845,42.63,0.0
N,794,11.076,44.762,0.0
N,795,9.845,44.051,0.0
N,796,11.076,46.183,0.0
N,797,9.845,46.893,0.0
N,798,11.076,49.025,0.0
N,799,9.845,48.314,0.0
N,800,11.076,50.446,0.0
N,801,9.845,51.156,0.0
N,802,11.076,53.288,0.0
N,803,9.845,52.577,0.0
N,804,11.076,54.709,0.0
N,805,9.845,55.419,0.0
N,806,11.076,57.551,0.0
N,807,9.845,56.84,0.0
N,808,11.076,58.972,0.0
N,809,9.845,59.682,0.0
N,810,11.076,61.814,0.0
N,811,9.845,61.103,0.0
N,812,11.076,63.235,0.0
N,813,9.845,63.945,0.0
N,814,11.076,66.077,0.0
N,815,9.845,65.366,0.0
N,816,11.076,67.498,0.0
N,817,9.845,68.208,0.0
N,818,11.076,70.34,0.0
N,819,9.845,69.629,0.0
N,820,11.076,71.761,0.0
N,821,9.845,72.471,0.0
N,822,11.076,74.603,0.0
N,823,9.845,73.892,0.0
N,824,11.076,76.024,0.0
N,825,9.845,76.734,0.0
N,826,11.076,78.866,0.0
N,827,9.845,78.155,0.0
N,828,11.076,80.287,0.0
N,829,9.845,80.997,0.0
N,830,11.076,83.129,0.0
N,831,9.845,82.418,0.0
N,832,11.076,84.55,0.0
N,833,9.845,85.26,0.0
N,834,11.076,87.392,0.0
N,836,11.076,88.813,0.0
N,837,9.845,89.523,0.0
N,838,11.076,91.655,0.0
N,839,9.845,90.944,0.0
N,840,11.076,93.076,0.0
N,841,9.845,93.786,0.0
N,842,11.076,95.918,0.0
N,843,9.845,95.207,0.0
N,844,11.076,97.339,0.0
N,845,9.845,98.049,0.0
N,846,11.076,100.181,0.0
N,847,9.845,99.47,0.0
N,848,11.076,101.602,0.0
N,849,9.845,102.312,0.0
N,850,11.076,104.444,0.0
N,851,9.845,103.733,0.0
N,852,11.076,105.865,0.0
N,853,9.845,106.575,0.0
N,854,11.076,108.707,0.0
N,855,9.845,107.996,0.0
N,856,11.076,110.128,0.0
N,857,9.845,110.838,0.0
N,858,11.076,112.97,0.0
N,859,9.845,112.259,0.0
N,860,11.076,114.391,0.0
N,861,9.845,115.101,0.0
N,862,11.076,117.233,0.0
N,863,9.845,116.522,0.0
N,864,11.076,118.654,0.0
N,865,9.845,119.364,0.0
N,866,11.076,121.496,0.0
N,867,9.845,120.785,0.0
N,868,11.076,122.917,0.0
N,869,9.845,123.627,0.0
N,870,11.076,125.759,0.0
N,872,11.076,127.18,0.0
N,873,9.845,127.89,0.0
N,874,11.076,130.022,0.0
N,875,9.845,129.311,0.0
N,876,11.076,131.443,0.0
N,877,9.845,132.153,0.0
N,878,11.076,134.285,0.0
N,879,9.845,133.574,0.0
N,880,11.076,135.706,0.0
N,881,9.845,136.416,0.0
N,882,11.076,138.548,0.0
N,883,9.845,137.837,0.0
N,884,11.076,139.969,0.0
N,885,9.845,140.679,0.0
N,886,11.076,142.811,0.0
N,887,9.845,142.1,0.0
N,888,11.076,144.232,0.0
N,889,9.845,144.942,0.0
N,890,11.076,147.074,0.0
N,891,9.845,146.363,0.0
N,892,11.076,148.495,0.0
N,893,9.845,149.205,0.0
N,894,11.076,151.337,0.0
N,895,9.845,150.626,0.0
N,896,11.076,152.758,0.0
N,897,9.845,153.468,0.0
N,898,11.076,155.6,0.0
N,899,9.845,154.889,0.0
N,900,11.076,157.021,0.0
N,901,9.845,157.731,0.0
N,902,11.076,159.863,0.0
N,903,9.845,159.152,0.0
N,904,11.076,161.284,0.0
N,905,9.845,161.994,0.0
N,906,11.076,164.126,0.0
N,907,9.845,163.415,0.0
N,908,11.076,165.547,0.0
N,909,9.845,166.257,0.0
N,910,11.076,168.389,0.0
N,911,9.845,167.678,0.0
N,912,11.076,169.81,0.0
N,913,9.845,170.52,0.0
N,914,11.076,172.652,0.0
N,915,9.845,171.941,0.0
N,916,11.076,174.073,0.0
N,917,9.845,174.783,0.0
N,918,11.076,176.915,0.0
N,919,9.845,176.204,0.0
N,920,11.076,178.336,0.0
N,921,9.845,179.046,0.0
N,922,11.076,181.178,0.0
N,923,9.845,180.467,0.0
N,924,11.076,182.599,0.0
N,925,9.845,183.309,0.0
N,926,11.076,185.441,0.0
N,927,9.845,184.73,0.0
N,928,11.076,186.862,0.0
N,929,9.845,187.572,0.0
N,930,11.076,189.704,0.0
N,931,9.845,188.993,0.0
N,932,11.076,191.125,0.0
N,933,9.845,191.835,0.0
N,934,11.076,193.967,0.0
N,935,9.845,193.256,0.0
N,936,11.076,195.388,0.0
N,937,9.845,196.098,0.0
N,938,11.076,198.23,0.0
N,939,9.845,197.519,0.0
N,940,11.076,199.651,0.0
N,941,12.306,0.0,0.0
N,942,13.537,2.132,0.0
N,943,12.306,1.421,0.0
N,944,13.537,3.553,0.0
N,945,12.306,4.263,0.0
N,946,13.537,6.395,0.0
N,947,12.306,5.684,0.0
N,948,13.537,7.816,0.0
N,949,12.306,8.526,0.0
N,950,13.537,10.658,0.0
N,951,12.306,9.947,0.0
N,952,13.537,12.079,0.0
N,953,12.306,12.789,0.0
N,954,13.537,14.921,0.0
N,955,12.306,14.21,0.0
N,956,13.537,16.342,0.0
N,957,12.306,17.052,0.0
N,958,13.537,19.184,0.0
N,959,12.306,18.473,0.0
N,960,13.537,20.605,0.0
N,961,12.306,21.315,0.0
N,962,13.537,23.447,0.0
N,963,12.306,22.736,0.0
N,964,13.537,24.868,0.0
N,965,12.306,25.578,0.0
N,966,13.537,27.71,0.0
N,969,12.306,29.841,0.0
N,970,13.537,31.973,0.0
N,971,12.306,31.262,0.0
N,972,13.537,33.394,0.0
N,973,12.306,34.104,0.0
N,974,13.537,36.236,0.0
N,975,12.306,35.525,0.0
N,976,13.537,37.657,0.0
N,977,12.306,38.367,0.0
N,978,13.537,40.499,0.0
N,979,12.306,39.788,0.0
N,980,13.537,41.92,0.0
N,982,13.537,44.762,0.0
N,983,12.306,44.051,0.0
N,984,13.537,46.183,0.0
N,985,12.306,46.893,0.0
N,986,13.537,49.025,0.0
N,987,12.306,48.314,0.0
N,988,13.537,50.446,0.0
N,989,12.306,51.156,0.0
N,990,13.537,53.288,0.0
N,991,12.306,52.577,0.0
N,992,13.537,54.709,0.0
N,993,12.306,55.419,0.0
N,994,13.537,57.551,0.0
N,995,12.306,56.84,0.0
N,996,13.537,58.972,0.0
N,997,12.306,59.682,0.0
N,998,13.537,61.814,0.0
N,999,12.306,61.103,0.0
N,1000,13.537,63.235,0.0
N,1001,12.306,63.945,0.0
N,1002,13.537,66.077,0.0
N,1003,12.306,65.366,0.0
N,1004,13.537,67.498,0.0
N,1005,12.306,68.208,0.0
N,1006,13.537,70.34,0.0
N,1007,12.306,69.629,0.0
N,1008,13.537,71.761,0.0
N,1009,12.306,72.471,0.0
N,1010,13.537,74.603,0.0
N,1011,12.306,73.892,0.0
N,1012,13.537,76.024,0.0
N,1013,12.306,76.734,0.0
N,1014,13.537,78.866,0.0
N,1015,12.306,78.155,0.0
N,1016,13.537,80.287,0.0
N,1017,12.306,80.997,0.0
N,1018,13.537,83.129,0.0
N,1020,13.537,84.55,0.0
N,1021,12.306,85.26,0.0
N,1022,13.537,87.392,0.0
N,1023,12.306,86.681,0.0
N,1024,13.537,88.813,0.0
N,1025,12.306,89.523,0.0
N,1026,13.537,91.655,0.0
N,1027,12.306,90.944,0.0
N,1028,13.537,93.076,0.0
N,1030,13.537,95.918,0.0
N,1031,12.306,95.207,0.0
N,1032,13.537,97.339,0.0
N,1033,12.306,98.049,0.0
N,1034,13.537,100.181,0.0
N,1035,12.306,99.47,0.0
N,1036,13.537,101.602,0.0
N,1037,12.306,102.312,0.0
N,1038,13.537,104.444,0.0
N,1039,12.306,103.733,0.0
N,1040,13.537,105.865,0.0
N,1041,12.306,106.575,0.0
N,1042,13.537,108.707,0.0
N,1043,12.306,107.996,0.0
N,1044,13.537,110.128,0.0
N,1045,12.306,110.838,0.0
N,1046,13.537,112.97,0.0
N,1047,12.306,112.259,0.0
N,1049,12.306,115.101,0.0
N,1050,13.537,117.233,0.0
N,1052,13.537,118.654,0.0
N,1053,12.306,119.364,0.0
N,1054,13.537,121.496,0.0
N,1055,12.306,120.785,0.0
N,1056,13.537,122.917,0.0
N,1057,12.306,123.627,0.0
N,1058,13.537,125.759,0.0
N,1059,12.306,125.048,0.0
N,1060,13.537,127.18,0.0
N,1061,12.306,127.89,0.0
N,1062,13.537,130.022,0.0
N,1063,12.306,129.311,0.0
N,1064,13.537,131.443,0.0
N,1065,12.306,132.153,0.0
N,1066,13.537,134.285,0.0
N,1067,12.306,133.574,0.0
N,1068,13.537,135.706,0.0
N,1069,12.306,136.416,0.0
N,1070,13.537,138.548,0.0
N,1071,12.306,137.837,0.0
N,1072,13.537,139.969,0.0
N,1073,12.306,140.679,0.0
N,1074,13.537,142.811,0.0
N,1075,12.306,142.1,0.0
N,1076,13.537,144.232,0.0
N,1077,12.306,144.942,0.0
N,1078,13.537,147.074,0.0
N,1079,12.306,146.363,0.0
N,1080,13.537,148.495,0.0
N,1081,12.306,149.205,0.0
N,1082,13.537,151.337,0.0
N,1083,12.306,150.626,0.0
N,1084,13.537,152.758,0.0
N,1085,12.306,153.468,0.0
N,1086,13.537,155.6,0.0
N,1087,12.306,154.889,0.0
N,1088,13.537,157.021,0.0
N,1089,12.306,157.731,0.0
N,1090,13.537,159.863,0.0
N,1091,12.306,159.152,0.0
N,1092,13.537,161.284,0.0
N,1093,12.306,161.994,0.0
N,1095,12.306,163.415,0.0
N,1096,13.537,165.547,0.0
N,1097,12.306,166.257,0.0
N,1098,13.537,168.389,0.0
N,1099,12.306,167.678,0.0
N,1100,13.537,169.81,0.0
N,1101,12.306,170.52,0.0
N,1102,13.537,172.652,0.0
N,1103,12.306,171.941,0.0
N,1104,13.537,174.073,0.0
N,1105,12.306,174.783,0.0
N,1106,13.537,176.915,0.0
N,1107,12.306,176.204,0.0
N,1108,13.537,178.336,0.0
N,1109,12.306,179.046,0.0
N,1110,13.537,181.178,0.0
N,1111,12.306,180.467,0.0
N,1112,13.537,182.599,0.0
N,1113,12.306,183.309,0.0
N,1114,13.537,185.441,0.0
N,1115,12.306,184.73,0.0
N,1116,13.537,186.862,0.0
N,1117,12.306,187.572,0.0
N,1118,13.537,189.704,0.0
N,1119,12.306,188.993,0.0
N,1120,13.537,191.125,0.0
N,1121,12.306,191.835,0.0
N,1122,13.537,193.967,0.0
N,1123,12.306,193.256,0.0
N,1125,12.306,196.098,0.0
N,1126,13.537,198.23,0.0
N,1127,12.306,197.519,0.0
N,1128,13.537,199.651,0.0
N,1129,14.767,0.0,0.0
N,1130,15.998,2.132,0.0
N,1131,14.767,1.421,0.0
N,1132,15.998,3.553,0.0
N,1133,14.767,4.263,0.0
N,1134,15.998,6.395,0.0
N,1135,14.767,5.684,0.0
N,1136,15.998,7.816,0.0
N,1137,14.767,8.526,0.0
N,1138,15.998,10.658,0.0
N,1139,14.767,9.947,0.0
N,1140,15.998,12.079,0.0
N,1141,14.767,12.789,0.0
N,1142,15.998,14.921,0.0
N,1143,14.767,14.21,0.0
N,1144,15.998,16.342,0.0
N,1145,14.767,17.052,0.0
N,1146,15.998,19.184,0.0
N,1147,14.767,18.473,0.0
N,1148,15.998,20.605,0.0
N,1149,14.767,21.315,0.0
N,1150,15.998,23.447,0.0
N,1151,14.767,22.736,0.0
N,1152,15.998,24.868,0.0
N,1153,14.767,25.578,0.0
N,1154,15.998,27.71,0.0
N,1155,14.767,26.999,0.0
N,1156,15.998,29.131,0.0
N,1157,14.767,29.841,0.0
N,1158,15.998,31.973,0.0
N,1159,14.767,31.262,0.0
N,1160,15.998,33.394,0.0
N,1161,14.767,34.104,0.0
N,1162,15.998,36.236,0.0
N,1163,14.767,35.525,0.0
N,1164,15.998,37.657,0.0
N,1165,14.767,38.367,0.0
N,1166,15.998,40.499,0.0
N,1167,14.767,39.788,0.0
N,1168,15.998,41.92,0.0
N,1169,14.767,42.63,0.0
N,1170,15.998,44.762,0.0
N,1171,14.767,44.051,0.0
N,1172,15.998,46.183,0.0
N,1173,14.767,46.893,0.0
N,1174,15.998,49.025,0.0
N,1175,14.767,48.314,0.0
N,1176,15.998,50.446,0.0
N,1177,14.767,51.156,0.0
N,1178,15.998,53.288,0.0
N,1179,14.767,52.577,0.0
N,1180,15.998,54.709,0.0
N,1181,14.767,55.419,0.0
N,1182,15.998,57.551,0.0
N,1183,14.767,56.84,0.0
N,1184,15.998,58.972,0.0
N,1185,14.767,59.682,0.0
N,1186,15.998,61.814,0.0
N,1187,14.767,61.103,0.0
N,1188,15.998,63.235,0.0
N,1189,14.767,63.945,0.0
N,1190,15.998,66.077,0.0
N,1191,14.767,65.366,0.0
N,1192,15.998,67.498,0.0
N,1193,14.767,68.208,0.0
N,1194,15.998,70.34,0.0
N,1195,14.767,69.629,0.0
N,1196,15.998,71.761,0.0
N,1197,14.767,72.471,0.0
N,1198,15.998,74.603,0.0
N,1200,15.998,76.024,0.0
N,1201,14.767,76.734,0.0
N,1202,15.998,78.866,0.0
N,1203,14.767,78.155,0.0
N,1204,15.998,80.287,0.0
N,1205,14.767,80.997,0.0
N,1206,15.998,83.129,0.0
N,1207,14.767,82.418,0.0
N,1208,15.998,84.55,0.0
N,1209,14.767,85.26,0.0
N,1210,15.998,87.392,0.0
N,1211,14.767,86.681,0.0
N,1212,15.998,88.813,0.0
N,1213,14.767,89.523,0.0
N,1214,15.998,91.655,0.0
N,1215,14.767,90.944,0.0
N,1216,15.998,93.076,0.0
N,1217,14.767,93.786,0.0
N,1218,15.998,95.918,0.0
N,1219,14.767,95.207,0.0
N,1220,15.998,97.339,0.0
N,1221,14.767,98.049,0.0
N,1222,15.998,100.181,0.0
N,1223,14.767,99.47,0.0
N,1224,15.998,101.602,0.0
N,1225,14.767,102.312,0.0
N,1226,15.998,104.444,0.0
N,1227,14.767,103.733,0.0
N,1228,15.998,105.865,0.0
N,1229,14.767,106.575,0.0
N,1230,15.998,108.707,0.0
N,1231,14.767,107.996,0.0
N,1232,15.998,110.128,0.0
N,1233,14.767,110.838,0.0
N,1234,15.998,112.97,0.0
N,1235,14.767,112.259,0.0
N,1236,15.998,114.391,0.0
N,1237,14.767,115.101,0.0
N,1238,15.998,117.233,0.0
N,1239,14.767,116.522,0.0
N,1240,15.998,118.654,0.0
N,1241,14.767,119.364,0.0
N,1242,15.998,121.496,0.0
N,1243,14.767,120.785,0.0
N,1244,15.998,122.917,0.0
N,1245,14.767,123.627,0.0
N,1246,15.998,125.759,0.0
N,1247,14.767,125.048,0.0
N,1248,15.998,127.18,0.0
N,1249,14.767,127.89,0.0
N,1250,15.998,130.022,0.0
N,1251,14.767,129.311,0.0
N,1252,15.998,131.443,0.0
N,1253,14.767,132.153,0.0
N,1254,15.998,134.285,0.0
N,1255,14.767,133.574,0.0
N,1256,15.998,135.706,0.0
N,1257,14.767,136.416,0.0
N,1258,15.998,138.548,0.0
N,1259,14.767,137.837,0.0
N,1260,15.998,139.969,0.0
N,1261,14.767,140.679,0.0
N,1262,15.998,142.811,0.0
N,1263,14.767,142.1,0.0
N,1264,15.998,144.232,0.0
N,1265,14.767,144.942,0.0
N,1266,15.998,147.074,0.0
N,1267,14.767,146.363,0.0
N,1268,15.998,148.495,0.0
N,1269,14.767,149.205,0.0
N,1270,15.998,151.337,0.0
N,1271,14.767,150.626,0.0
N,1272,15.998,152.758,0.0
N,1273,14.767,153.468,0.0
N,1274,15.998,155.6,0.0
N,1275,14.767,154.889,0.0
N,1276,15.998,157.021,0.0
N,1277,14.767,157.731,0.0
N,1278,15.998,159.863,0.0
N,1279,14.767,159.152,0.0
N,1280,15.998,161.284,0.0
N,1281,14.767,161.994,0.0
N,1282,15.998,164.126,0.0
N,1283,14.767,163.415,0.0
N,1284,15.998,165.547,0.0
N,1285,14.767,166.257,0.0
N,1286,15.998,168.389,0.0
N,1287,14.767,167.678,0.0
N,1288,15.998,169.81,0.0
N,1289,14.767,170.52,0.0
N,1290,15.998,172.652,0.0
N,1291,14.767,171.941,0.0
N,1292,15.998,174.073,0.0
N,1293,14.767,174.783,0.0
N,1294,15.998,176.915,0.0
N,1295,14.767,176.204,0.0
N,1296,15.998,178.336,0.0
N,1297,14.767,179.046,0.0
N,1298,15.998,181.178,0.0
N,1299,14.767,180.467,0.0
N,1300,15.998,182.599,0.0
N,1301,14.767,183.309,0.0
N,1302,15.998,185.441,0.0
N,1303,14.767,184.73,0.0
N,1304,15.998,186.862,0.0
N,1305,14.767,187.572,0.0
N,1306,15.998,189.704,0.0
N,1307,14.767,188.993,0.0
N,1308,15.998,191.125,0.0
N,1309,14.767,191.835,0.0
N,1310,15.998,193.967,0.0
N,1311,14.767,193.256,0.0
N,1312,15.998,195.388,0.0
N,1313,14.767,196.098,0.0
N,1314,15.998,198.23,0.0
N,1315,14.767,197.519,0.0
N,1316,15.998,199.651,0.0
N,1317,17.229,0.0,0.0
N,1318,18.459,2.132,0.0
N,1319,17.229,1.421,0.0
N,1320,18.459,3.553,0.0
N,1321,17.229,4.263,0.0
N,1322,18.459,6.395,0.0
N,1324,18.459,7.816,0.0
N,1325,17.229,8.526,0.0
N,1326,18.459,10.658,0.0
N,1327,17.229,9.947,0.0
N,1328,18.459,12.079,0.0
N,1329,17.229,12.789,0.0
N,1330,18.459,14.921,0.0
N,1332,18.459,16.342,0.0
N,1333,17.229,17.052,0.0
N,1334,18.459,19.184,0.0
N,1335,17.229,18.473,0.0
N,1336,18.459,20.605,0.0
N,1337,17.229,21.315,0.0
N,1338,18.459,23.447,0.0
N,1340,18.459,24.868,0.0
N,1342,18.459,27.71,0.0
N,1343,17.229,26.999,0.0
N,1344,18.459,29.131,0.0
N,1345,17.229,29.841,0.0
N,1346,18.459,31.973,0.0
N,1347,17.229,31.262,0.0
N,1348,18.459,33.394,0.0
N,1349,17.229,34.104,0.0
N,1350,18.459,36.236,0.0
N,1351,17.229,35.525,0.0
N,1352,18.459,37.657,0.0
N,1353,17.229,38.367,0.0
N,1354,18.459,40.499,0.0
N,1355,17.229,39.788,0.0
N,1357,17.229,42.63,0.0
N,1358,18.459,44.762,0.0
N,1359,17.229,44.051,0.0
N,1360,18.459,46.183,0.0
N,1361,17.229,46.893,0.0
N,1362,18.459,49.025,0.0
N,1363,17.229,48.314,0.0
N,1364,18.459,50.446,0.0
N,1365,17.229,51.156,0.0
N,1366,18.459,53.288,0.0
N,1367,17.229,52.577,0.0
N,1369,17.229,55.419,0.0
N,1370,18.459,57.551,0.0
N,1371,17.229,56.84,0.0
N,1372,18.459,58.972,0.0
N,1373,17.229,59.682,0.0
N,1374,18.459,61.814,0.0
N,1375,17.229,61.103,0.0
N,1376,18.459,63.235,0.0
N,1377,17.229,63.945,0.0
N,1378,18.459,66.077,0.0
N,1379,17.229,65.366,0.0
N,1380,18.459,67.498,0.0
N,1381,17.229,68.208,0.0
N,1382,18.459,70.34,0.0
N,1383,17.229,69.629,0.0
N,1384,18.459,71.761,0.0
N,1385,17.229,72.471,0.0
N,1386,18.459,74.603,0.0
N,1387,17.229,73.892,0.0
N,1388,18.459,76.024,0.0
N,1389,17.229,76.734,0.0
N,1390,18.459,78.866,0.0
N,1391,17.229,78.155,0.0
N,1392,18.459,80.287,0.0
N,1393,17.229,80.997,0.0
N,1394,18.459,83.129,0.0
N,1395,17.229,82.418,0.0
N,1396,18.459,84.55,0.0
N,1397,17.229,85.26,0.0
N,1398,18.459,87.392,0.0
N,1399,17.229,86.681,0.0
N,1400,18.459,88.813,0.0
N,1401,17.229,89.523,0.0
N,1402,18.459,91.655,0.0
N,1403,17.229,90.944,0.0
N,1404,18.459,93.076,0.0
N,1405,17.229,93.786,0.0
N,1406,18.459,95.918,0.0
N,1407,17.229,95.207,0.0
N,1408,18.459,97.339,0.0
N,1409,17.229,98.049,0.0
N,1410,18.459,100.181,0.0
N,1411,17.229,99.47,0.0
N,1412,18.459,101.602,0.0
N,1413,17.229,102.312,0.0
N,1414,18.459,104.444,0.0
N,1415,17.229,103.733,0.0
N,1416,18.459,105.865,0.0
N,1417,17.229,106.575,0.0
N,1418,18.459,108.707,0.0
N,1419,17.229,107.996,0.0
N,1420,18.459,110.128,0.0
N,1421,17.229,110.838,0.0
N,1422,18.459,112.97,0.0
N,1423,17.229,112.259,0.0
N,1424,18.459,114.391,0.0
N,1425,17.229,115.101,0.0
N,1426,18.459,117.233,0.0
N,1427,17.229,116.522,0.0
N,1428,18.459,118.654,0.0
N,1429,17.229,119.364,0.0
N,1430,18.459,121.496,0.0
N,1431,17.229,120.785,0.0
N,1432,18.459,122.917,0.0
N,1433,17.229,123.627,0.0
N,1434,18.459,125.759,0.0
N,1435,17.229,125.048,0.0
N,1436,18.459,127.18,0.0
N,1437,17.229,127.89,0.0
N,1438,18.459,130.022,0.0
N,1439,17.229,129.311,0.0
N,1440,18.459,131.443,0.0
N,1441,17.229,132.153,0.0
N,1442,18.459,134.285,0.0
N,1443,17.229,133.574,0.0
N,1444,18.459,135.706,0.0
N,1445,17.229,136.416,0.0
N,1446,18.459,138.548,0.0
N,1447,17.229,137.837,0.0
N,1448,18.459,139.969,0.0
N,1449,17.229,140.679,0.0
N,1450,18.459,142.811,0.0
N,1451,17.229,142.1,0.0
N,1452,18.459,144.232,0.0
N,1453,17.229,144.942,0.0
N,1454,18.459,147.074,0.0
N,1455,17.229,146.363,0.0
N,1456,18.459,148.495,0.0
N,1457,17.229,149.205,0.0
N,1458,18.459,151.337,0.0
N,1459,17.229,150.626,0.0
N,1460,18.459,152.758,0.0
N,1461,17.229,153.468,0.0
N,1462,18.459,155.6,0.0
N,1463,17.229,154.889,0.0
N,1464,18.459,157.021,0.0
N,1465,17.229,157.731,0.0
N,1466,18.459,159.863,0.0
N,1467,17.229,159.152,0.0
N,1468,18.459,161.284,0.0
N,1469,17.229,161.994,0.0
N,1470,18.459,164.126,0.0
N,1471,17.229,163.415,0.0
N,1472,18.459,165.547,0.0
N,1473,17.229,166.257,0.0
N,1474,18.459,168.389,0.0
N,1475,17.229,167.678,0.0
N,1476,18.459,169.81,0.0
N,1477,17.229,170.52,0.0
N,1478,18.459,172.652,0.0
N,1479,17.229,171.941,0.0
N,1480,18.459,174.073,0.0
N,1481,17.229,174.783,0.0
N,1482,18.459,176.915,0.0
N,1483,17.229,176.204,0.0
N,1484,18.459,178.336,0.0
N,1485,17.229,179.046,0.0
N,1486,18.459,181.178,0.0
N,1487,17.229,180.467,0.0
N,1488,18.459,182.599,0.0
N,1489,17.229,183.309,0.0
N,1490,18.459,185.441,0.0
N,1491,17.229,184.73,0.0
N,1492,18.459,186.862,0.0
N,1493,17.229,187.572,0.0
N,1494,18.459,189.704,0.0
N,1495,17.229,188.993,0.0
N,1496,18.459,191.125,0.0
N,1497,17.229,191.835,0.0
N,1498,18.459,193.967,0.0
N,1499,17.229,193.256,0.0
N,1500,18.459,195.388,0.0
N,1501,17.229,196.098,0.0
N,1502,18.459,198.23,0.0
N,1503,17.229,197.519,0.0
N,1504,18.459,199.651,0.0
N,1505,19.69,0.0,0.0
N,1506,20.921,2.132,0.0
N,1507,19.69,1.421,0.0
N,1508,20.921,3.553,0.0
N,1509,19.69,4.263,0.0
N,1510,20.921,6.395,0.0
N,1511,19.69,5.684,0.0
N,1512,20.921,7.816,0.0
N,1513,19.69,8.526,0.0
N,1514,20.921,10.658,0.0
N,1515,19.69,9.947,0.0
N,1516,20.921,12.079,0.0
N,1517,19.69,12.789,0.0
N,1518,20.921,14.921,0.0
N,1519,19.69,14.21,0.0
N,1520,20.921,16.342,0.0
N,1521,19.69,17.052,0.0
N,1522,20.921,19.184,0.0
N,1523,19.69,18.473,0.0
N,1524,20.921,20.605,0.0
N,1525,19.69,21.315,0.0
N,1526,20.921,23.447,0.0
N,1527,19.69,22.736,0.0
N,1528,20.921,24.868,0.0
N,1529,19.69,25.578,0.0
N,1530,20.921,27.71,0.0
N,1531,19.69,26.999,0.0
N,1532,20.921,29.131,0.0
N,1533,19.69,29.841,0.0
N,1534,20.921,31.973,0.0
N,1535,19.69,31.262,0.0
N,1536,20.921,33.394,0.0
N,1537,19.69,34.104,0.0
N,1538,20.921,36.236,0.0
N,1539,19.69,35.525,0.0
N,1540,20.921,37.657,0.0
N,1541,19.69,38.367,0.0
N,1542,20.921,40.499,0.0
N,1543,19.69,39.788,0.0
N,1545,19.69,42.63,0.0
N,1546,20.921,44.762,0.0
N,1547,19.69,44.051,0.0
N,1548,20.921,46.183,0.0
N,1549,19.69,46.893,0.0
N,1550,20.921,49.025,0.0
N,1551,19.69,48.314,0.0
N,1552,20.921,50.446,0.0
N,1553,19.69,51.156,0.0
N,1554,20.921,53.288,0.0
N,1555,19.69,52.577,0.0
N,1556,20.921,54.709,0.0
N,1557,19.69,55.419,0.0
N,1558,20.921,57.551,0.0
N,1559,19.69,56.84,0.0
N,1560,20.921,58.972,0.0
N,1561,19.69,59.682,0.0
N,1562,20.921,61.814,0.0
N,1563,19.69,61.103,0.0
N,1564,20.921,63.235,0.0
N,1565,19.69,63.945,0.0
N,1566,20.921,66.077,0.0
N,1567,19.69,65.366,0.0
N,1568,20.921,67.498,0.0
N,1569,19.69,68.208,0.0
N,1570,20.921,70.34,0.0
N,1571,19.69,69.629,0.0
N,1572,20.921,71.761,0.0
N,1573,19.69,72.471,0.0
N,1574,20.921,74.603,0.0
N,1575,19.69,73.892,0.0
N,1576,20.921,76.024,0.0
N,1577,19.69,76.734,0.0
N,1578,20.921,78.866,0.0
N,1579,19.69,78.155,0.0
N,1580,20.921,80.287,0.0
N,1581,19.69,80.997,0.0
N,1582,20.921,83.129,0.0
N,1583,19.69,82.418,0.0
N,1584,20.921,84.55,0.0
N,1585,19.69,85.26,0.0
N,1586,20.921,87.392,0.0
N,1587,19.69,86.681,0.0
N,1588,20.921,88.813,0.0
N,1589,19.69,89.523,0.0
N,1590,20.921,91.655,0.0
N,1591,19.69,90.944,0.0
N,1592,20.921,93.076,0.0
N,1593,19.69,93.786,0.0
N,1594,20.921,95.918,0.0
N,1595,19.69,95.207,0.0
N,1596,20.921,97.339,0.0
N,1597,19.69,98.049,0.0
N,1598,20.921,100.181,0.0
N,1599,19.69,99.47,0.0
N,1600,20.921,101.602,0.0
N,1601,19.69,102.312,0.0
N,1602,20.921,104.444,0.0
N,1603,19.69,103.733,0.0
N,1604,20.921,105.865,0.0
N,1605,19.69,106.575,0.0
N,1606,20.921,108.707,0.0
N,1607,19.69,107.996,0.0
N,1608,20.921,110.128,0.0
N,1609,19.69,110.838,0.0
N,1610,20.921,112.97,0.0
N,1611,19.69,112.259,0.0
N,1612,20.921,114.391,0.0
N,1613,19.69,115.101,0.0
N,1614,20.921,117.233,0.0
N,1615,19.69,116.522,0.0
N,1616,20.921,118.654,0.0
N,1617,19.69,119.364,0.0
N,1618,20.921,121.496,0.0
N,1619,19.69,120.785,0.0
N,1620,20.921,122.917,0.0
N,1621,19.69,123.627,0.0
N,1622,20.921,125.759,0.0
N,1623,19.69,125.048,0.0
N,1624,20.921,127.18,0.0
N,1625,19.69,127.89,0.0
N,1626,20.921,130.022,0.0
N,1627,19.69,129.311,0.0
N,1628,20.921,131.443,0.0
N,1629,19.69,132.153,0.0
N,1630,20.921,134.285,0.0
N,1631,19.69,133.574,0.0
N,1632,20.921,135.706,0.0
N,1633,19.69,136.416,0.0
N,1634,20.921,138.548,0.0
N,1635,19.69,137.837,0.0
N,1636,20.921,139.969,0.0
N,1637,19.69,140.679,0.0
N,1638,20.921,142.811,0.0
N,1639,19.69,142.1,0.0
N,1640,20.921,144.232,0.0
N,1641,19.69,144.942,0.0
N,1642,20.921,147.074,0.0
N,1643,19.69,146.363,0.0
N,1644,20.921,148.495,0.0
N,1645,19.69,149.205,0.0
N,1646,20.921,151.337,0.0
N,1647,19.69,150.626,0.0
N,1648,20.921,152.758,0.0
N,1649,19.69,153.468,0.0
N,1651,19.69,154.889,0.0
N,1652,20.921,157.021,0.0
N,1653,19.69,157.731,0.0
N,1654,20.921,159.863,0.0
N,1655,19.69,159.152,0.0
N,1656,20.921,161.284,0.0
N,1657,19.69,161.994,0.0
N,1658,20.921,164.126,0.0
N,1659,19.69,163.415,0.0
N,1660,20.921,165.547,0.0
N,1661,19.69,166.257,0.0
N,1662,20.921,168.389,0.0
N,1663,19.69,167.678,0.0
N,1664,20.921,169.81,0.0
N,1665,19.69,170.52,0.0
N,1666,20.921,172.652,0.0
N,1667,19.69,171.941,0.0
N,1668,20.921,174.073,0.0
N,1669,19.69,174.783,0.0
N,1670,20.921,176.915,0.0
N,1671,19.69,176.204,0.0
N,1672,20.921,178.336,0.0
N,1673,19.69,179.046,0.0
N,1674,20.921,181.178,0.0
N,1675,19.69,180.467,0.0
N,1676,20.921,182.599,0.0
N,1677,19.69,183.309,0.0
N,1678,20.921,185.441,0.0
N,1679,19.69,184.73,0.0
N,1680,20.921,186.862,0.0
N,1681,19.69,187.572,0.0
N,1682,20.921,189.704,0.0
N,1683,19.69,188.993,0.0
N,1684,20.921,191.125,0.0
N,1685,19.69,191.835,0.0
N,1686,20.921,193.967,0.0
N,1687,19.69,193.256,0.0
N,1688,20.921,195.388,0.0
N,1689,19.69,196.098,0.0
N,1690,20.921,198.23,0.0
N,1691,19.69,197.519,0.0
N,1692,20.921,199.651,0.0
