/PREP7
K,1,0.0,199.361,0.0
K,2,0.0,194.438,0.0
K,3,0.711,195.669,0.0
K,4,0.0,196.9,0.0
K,5,2.132,198.13,0.0
K,6,0.711,198.13,0.0
K,7,2.842,199.361,0.0
K,8,0.0,189.516,0.0
K,9,0.711,190.746,0.0
K,10,0.0,191.977,0.0
K,11,2.132,193.208,0.0
K,12,0.711,193.208,0.0
K,13,2.842,194.438,0.0
K,14,2.132,195.669,0.0
K,15,4.263,196.9,0.0
K,16,2.842,196.9,0.0
K,17,4.974,198.13,0.0
K,18,4.263,199.361,0.0
K,19,0.0,184.593,0.0
K,20,0.711,185.824,0.0
K,22,2.132,188.285,0.0
K,23,0.711,188.285,0.0
K,24,2.842,189.516,0.0
K,25,2.132,190.746,0.0
K,26,4.263,191.977,0.0
K,27,2.842,191.977,0.0
K,28,4.974,193.208,0.0
K,29,4.263,194.438,0.0
K,30,6.395,195.669,0.0
K,31,4.974,195.669,0.0
K,32,7.105,196.9,0.0
K,33,6.395,198.13,0.0
K,34,8.526,199.361,0.0
K,35,7.105,199.361,0.0
K,36,0.0,179.671,0.0
K,37,0.711,180.902,0.0
K,38,0.0,182.132,0.0
K,39,2.132,183.363,0.0
K,40,0.711,183.363,0.0
K,41,2.842,184.593,0.0
K,42,2.132,185.824,0.0
K,43,4.263,187.055,0.0
K,44,2.842,187.055,0.0
K,45,4.974,188.285,0.0
K,46,4.263,189.516,0.0
K,47,6.395,190.746,0.0
K,48,4.974,190.746,0.0
K,49,7.105,191.977,0.0
K,50,6.395,193.208,0.0
K,52,7.105,194.438,0.0
K,54,8.526,196.9,0.0
K,55,10.658,198.13,0.0
K,56,9.237,198.13,0.0
K,57,11.368,199.361,0.0
K,58,0.0,174.748,0.0
K,59,0.711,175.979,0.0
K,60,0.0,177.21,0.0
K,61,2.132,178.44,0.0
K,62,0.711,178.44,0.0
K,63,2.842,179.671,0.0
K,64,2.132,180.901,0.0
K,65,4.263,182.132,0.0
K,66,2.842,182.132,0.0
K,67,4.974,183.363,0.0
K,68,4.263,184.593,0.0
K,69,6.395,185.824,0.0
K,70,4.974,185.824,0.0
K,71,7.105,187.055,0.0
K,72,6.395,188.285,0.0
K,73,8.526,189.516,0.0
K,74,7.105,189.516,0.0
K,75,9.237,190.746,0.0
K,76,8.526,191.977,0.0
K,77,10.658,193.208,0.0
K,78,9.237,193.208,0.0
K,79,11.368,194.438,0.0
K,80,10.658,195.669,0.0
K,81,12.789,196.9,0.0
K,82,11.368,196.9,0.0
K,83,13.5,198.13,0.0
K,84,12.789,199.361,0.0
K,85,0.0,169.826,0.0
K,86,0.711,171.057,0.0
K,87,0.0,172.287,0.0
K,88,2.132,173.518,0.0
K,89,0.711,173.518,0.0
K,90,2.842,174.748,0.0
K,91,2.132,175.979,0.0
K,92,4.263,177.21,0.0
K,93,2.842,177.21,0.0
K,94,4.974,178.44,0.0
K,95,4.263,179.671,0.0
K,96,6.395,180.901,0.0
K,97,4.974,180.902,0.0
K,98,7.105,182.132,0.0
K,99,6.395,183.363,0.0
K,100,8.526,184.593,0.0
K,101,7.105,184.593,0.0
K,102,9.237,185.824,0.0
K,103,8.526,187.055,0.0
K,104,10.658,188.285,0.0
K,105,9.237,188.285,0.0
K,106,11.368,189.516,0.0
K,107,10.658,190.746,0.0
K,108,12.789,191.977,0.0
K,110,13.5,193.208,0.0
K,111,12.789,194.438,0.0
K,112,14.921,195.669,0.0
K,113,13.5,195.669,0.0
K,114,15.631,196.9,0.0
K,115,14.921,198.13,0.0
K,116,17.052,199.361,0.0
K,117,15.631,199.361,0.0
K,118,0.0,164.903,0.0
K,119,0.711,166.134,0.0
K,120,0.0,167.365,0.0
K,121,2.132,168.595,0.0
K,122,0.711,168.595,0.0
K,123,2.842,169.826,0.0
K,124,2.132,171.057,0.0
K,125,4.263,172.287,0.0
K,126,2.842,172.287,0.0
K,127,4.974,173.518,0.0
K,128,4.263,174.748,0.0
K,129,6.395,175.979,0.0
K,130,4.974,175.979,0.0
K,131,7.105,177.21,0.0
K,132,6.395,178.44,0.0
K,133,8.526,179.671,0.0
K,134,7.105,179.671,0.0
K,135,9.237,180.901,0.0
K,136,8.526,182.132,0.0
K,137,10.658,183.363,0.0
K,138,9.237,183.363,0.0
K,139,11.368,184.593,0.0
K,140,10.658,185.824,0.0
K,141,12.789,187.055,0.0
K,142,11.368,187.055,0.0
K,143,13.5,188.285,0.0
K,144,12.789,189.516,0.0
K,145,14.921,190.746,0.0
K,146,13.5,190.746,0.0
K,147,15.631,191.977,0.0
K,148,14.921,193.208,0.0
K,149,17.052,194.438,0.0
K,150,15.631,194.438,0.0
K,151,17.763,195.669,0.0
K,152,17.052,196.9,0.0
K,153,19.184,198.13,0.0
K,154,17.763,198.13,0.0
K,155,19.894,199.361,0.0
K,156,0.0,159.981,0.0
K,157,0.711,161.212,0.0
K,158,0.0,162.442,0.0
K,159,2.131,163.673,0.0
K,160,0.711,163.673,0.0
K,161,2.842,164.903,0.0
K,162,2.131,166.134,0.0
K,163,4.263,167.365,0.0
K,164,2.842,167.365,0.0
K,165,4.974,168.595,0.0
K,166,4.263,169.826,0.0
K,167,6.394,171.057,0.0
K,168,4.974,171.057,0.0
K,169,7.105,172.287,0.0
K,170,6.395,173.518,0.0
K,171,8.526,174.748,0.0
K,172,7.105,174.748,0.0
K,173,9.237,175.979,0.0
K,174,8.526,177.21,0.0
K,175,10.658,178.44,0.0
K,176,9.237,178.44,0.0
K,177,11.368,179.671,0.0
K,178,10.658,180.901,0.0
K,179,12.789,182.132,0.0
K,180,11.368,182.132,0.0
K,181,13.5,183.363,0.0
K,182,12.789,184.593,0.0
K,183,14.921,185.824,0.0
K,184,13.5,185.824,0.0
K,185,15.631,187.055,0.0
K,186,14.921,188.285,0.0
K,187,17.052,189.516,0.0
K,188,15.631,189.516,0.0
K,189,17.763,190.746,0.0
K,190,17.052,191.977,0.0
K,191,19.184,193.208,0.0
K,192,17.763,193.208,0.0
K,193,19.894,194.438,0.0
K,194,19.184,195.669,0.0
K,195,19.894,196.9,0.0
K,196,0.0,155.058,0.0
K,197,0.711,156.289,0.0
K,198,0.0,157.52,0.0
K,199,2.132,158.75,0.0
K,200,0.711,158.75,0.0
K,201,2.842,159.981,0.0
K,202,2.132,161.212,0.0
K,203,4.263,162.442,0.0
K,204,2.842,162.442,0.0
K,205,4.974,163.673,0.0
K,206,4.263,164.903,0.0
K,207,6.395,166.134,0.0
K,208,4.974,166.134,0.0
K,209,7.105,167.365,0.0
K,210,6.395,168.595,0.0
K,211,8.526,169.826,0.0
K,212,7.105,169.826,0.0
K,213,9.237,171.057,0.0
K,214,8.526,172.287,0.0
K,215,10.658,173.518,0.0
K,216,9.237,173.518,0.0
K,217,11.368,174.748,0.0
K,218,10.658,175.979,0.0
K,219,12.789,177.21,0.0
K,220,11.368,177.21,0.0
K,221,13.5,178.44,0.0
K,222,12.789,179.671,0.0
K,223,14.921,180.901,0.0
K,224,13.5,180.902,0.0
K,225,15.631,182.132,0.0
K,226,14.921,183.363,0.0
K,227,17.052,184.593,0.0
K,228,15.631,184.593,0.0
K,229,17.763,185.824,0.0
K,230,17.052,187.055,0.0
K,231,19.184,188.285,0.0
K,232,17.763,188.285,0.0
K,234,19.184,190.746,0.0
K,235,19.894,191.977,0.0
K,236,0.0,150.136,0.0
K,237,0.711,151.367,0.0
K,238,0.0,152.597,0.0
K,239,2.132,153.828,0.0
K,240,0.711,153.828,0.0
K,241,2.842,155.058,0.0
K,242,2.132,156.289,0.0
K,243,4.263,157.52,0.0
K,244,2.842,157.52,0.0
K,245,4.974,158.75,0.0
K,246,4.263,159.981,0.0
K,247,6.395,161.212,0.0
K,248,4.974,161.212,0.0
K,249,7.105,162.442,0.0
K,250,6.395,163.673,0.0
K,251,8.526,164.903,0.0
K,252,7.105,164.903,0.0
K,253,9.237,166.134,0.0
K,254,8.526,167.365,0.0
K,255,10.658,168.595,0.0
K,256,9.237,168.595,0.0
K,257,11.368,169.826,0.0
K,258,10.658,171.057,0.0
K,259,12.789,172.287,0.0
K,260,11.368,172.287,0.0
K,261,13.5,173.518,0.0
K,262,12.789,174.748,0.0
K,263,14.921,175.979,0.0
K,264,13.5,175.979,0.0
K,265,15.631,177.21,0.0
K,266,14.921,178.44,0.0
K,267,17.052,179.671,0.0
K,268,15.631,179.671,0.0
K,269,17.763,180.902,0.0
K,270,17.052,182.132,0.0
K,271,19.184,183.363,0.0
K,272,17.763,183.363,0.0
K,273,19.894,184.593,0.0
K,274,19.184,185.824,0.0
K,275,19.894,187.055,0.0
K,276,0.0,145.213,0.0
K,277,0.71,146.444,0.0
K,278,0.0,147.675,0.0
K,279,2.132,148.905,0.0
K,280,0.711,148.905,0.0
K,281,2.842,150.136,0.0
K,282,2.132,151.367,0.0
K,283,4.263,152.597,0.0
K,284,2.842,152.597,0.0
K,285,4.974,153.828,0.0
K,286,4.263,155.058,0.0
K,287,6.395,156.289,0.0
K,288,4.974,156.289,0.0
K,289,7.105,157.52,0.0
K,290,6.395,158.75,0.0
K,291,8.526,159.981,0.0
K,292,7.105,159.981,0.0
K,294,8.526,162.442,0.0
K,295,10.658,163.673,0.0
K,296,9.237,163.673,0.0
K,297,11.368,164.903,0.0
K,298,10.658,166.134,0.0
K,299,12.789,167.365,0.0
K,300,11.368,167.365,0.0
K,301,13.5,168.595,0.0
K,302,12.789,169.826,0.0
K,303,14.921,171.057,0.0
K,304,13.5,171.057,0.0
K,305,15.631,172.287,0.0
K,306,14.921,173.518,0.0
K,307,17.052,174.748,0.0
K,308,15.631,174.748,0.0
K,309,17.763,175.979,0.0
K,310,17.052,177.21,0.0
K,311,19.184,178.44,0.0
K,312,17.763,178.44,0.0
K,313,19.894,179.671,0.0
K,314,19.184,180.901,0.0
K,315,19.894,182.132,0.0
K,316,0.0,140.291,0.0
K,317,0.71,141.522,0.0
K,318,0.0,142.752,0.0
K,319,2.131,143.983,0.0
K,320,0.71,143.983,0.0
K,321,2.842,145.213,0.0
K,322,2.131,146.444,0.0
K,323,4.263,147.675,0.0
K,324,2.842,147.675,0.0
K,325,4.974,148.905,0.0
K,326,4.263,150.136,0.0
K,327,6.394,151.367,0.0
K,328,4.974,151.367,0.0
K,329,7.105,152.597,0.0
K,330,6.395,153.828,0.0
K,331,8.526,155.058,0.0
K,332,7.105,155.058,0.0
K,333,9.237,156.289,0.0
K,334,8.526,157.52,0.0
K,335,10.658,158.75,0.0
K,336,9.237,158.75,0.0
K,337,11.368,159.981,0.0
K,338,10.658,161.212,0.0
K,339,12.789,162.442,0.0
K,340,11.368,162.442,0.0
K,341,13.5,163.673,0.0
K,342,12.789,164.903,0.0
K,343,14.921,166.134,0.0
K,344,13.5,166.134,0.0
K,345,15.631,167.365,0.0
K,346,14.921,168.595,0.0
K,347,17.052,169.826,0.0
K,348,15.631,169.826,0.0
K,349,17.763,171.057,0.0
K,350,17.052,172.287,0.0
K,351,19.184,173.518,0.0
K,352,17.763,173.518,0.0
K,353,19.894,174.748,0.0
K,355,19.894,177.21,0.0
K,356,0.0,135.368,0.0
K,357,0.711,136.599,0.0
K,358,0.0,137.83,0.0
K,359,2.132,139.06,0.0
K,360,0.711,139.06,0.0
K,361,2.842,140.291,0.0
K,362,2.132,141.522,0.0
K,363,4.263,142.752,0.0
K,364,2.842,142.752,0.0
K,365,4.974,143.983,0.0
K,366,4.263,145.213,0.0
K,367,6.395,146.444,0.0
K,368,4.974,146.444,0.0
K,369,7.105,147.675,0.0
K,370,6.395,148.905,0.0
K,371,8.526,150.136,0.0
K,372,7.105,150.136,0.0
K,373,9.237,151.367,0.0
K,374,8.526,152.597,0.0
K,375,10.658,153.828,0.0
K,376,9.237,153.828,0.0
K,377,11.368,155.058,0.0
K,378,10.658,156.289,0.0
K,379,12.789,157.52,0.0
K,380,11.368,157.52,0.0
K,381,13.5,158.75,0.0
K,382,12.789,159.981,0.0
K,383,14.921,161.212,0.0
K,384,13.5,161.212,0.0
K,385,15.631,162.442,0.0
K,386,14.921,163.673,0.0
K,387,17.052,164.903,0.0
K,388,15.631,164.903,0.0
K,389,17.763,166.134,0.0
K,390,17.052,167.365,0.0
K,391,19.184,168.595,0.0
K,392,17.763,168.595,0.0
K,393,19.894,169.826,0.0
K,394,19.184,171.057,0.0
K,395,19.894,172.287,0.0
K,396,0.0,130.446,0.0
K,397,0.711,131.677,0.0
K,398,0.0,132.907,0.0
K,399,2.132,134.138,0.0
K,400,0.711,134.138,0.0
K,401,2.842,135.368,0.0
K,402,2.132,136.599,0.0
K,403,4.263,137.83,0.0
K,404,2.842,137.83,0.0
K,405,4.974,139.06,0.0
K,406,4.263,140.291,0.0
K,407,6.395,141.522,0.0
K,408,4.974,141.522,0.0
K,409,7.105,142.752,0.0
K,410,6.395,143.983,0.0
K,411,8.526,145.213,0.0
K,412,7.105,145.213,0.0
K,413,9.237,146.444,0.0
K,414,8.526,147.675,0.0
K,415,10.658,148.905,0.0
K,416,9.237,148.905,0.0
K,417,11.368,150.136,0.0
K,418,10.658,151.367,0.0
K,419,12.789,152.597,0.0
K,420,11.368,152.597,0.0
K,421,13.5,153.828,0.0
K,422,12.789,155.058,0.0
K,423,14.921,156.289,0.0
K,424,13.5,156.289,0.0
K,425,15.631,157.52,0.0
K,426,14.921,158.75,0.0
K,427,17.052,159.981,0.0
K,428,15.631,159.981,0.0
K,429,17.763,161.212,0.0
K,430,17.052,162.442,0.0
K,431,19.184,163.673,0.0
K,432,17.763,163.673,0.0
K,433,19.894,164.903,0.0
K,434,19.184,166.134,0.0
K,435,19.894,167.365,0.0
K,436,0.0,125.524,0.0
K,437,0.71,126.754,0.0
K,438,0.0,127.985,0.0
K,439,2.131,129.215,0.0
K,440,0.71,129.215,0.0
K,441,2.842,130.446,0.0
K,442,2.131,131.677,0.0
K,443,4.263,132.907,0.0
K,444,2.842,132.907,0.0
K,445,4.973,134.138,0.0
K,446,4.263,135.368,0.0
K,447,6.394,136.599,0.0
K,448,4.973,136.599,0.0
K,449,7.105,137.83,0.0
K,450,6.394,139.06,0.0
K,451,8.526,140.291,0.0
K,452,7.105,140.291,0.0
K,453,9.236,141.522,0.0
K,454,8.526,142.752,0.0
K,455,10.658,143.983,0.0
K,456,9.237,143.983,0.0
K,457,11.368,145.213,0.0
K,458,10.658,146.444,0.0
K,459,12.789,147.675,0.0
K,460,11.368,147.675,0.0
K,461,13.5,148.905,0.0
K,462,12.789,150.136,0.0
K,463,14.921,151.367,0.0
K,464,13.5,151.367,0.0
K,465,15.631,152.597,0.0
K,466,14.921,153.828,0.0
K,467,17.052,155.058,0.0
K,468,15.631,155.058,0.0
K,469,17.763,156.289,0.0
K,470,17.052,157.52,0.0
K,471,19.184,158.75,0.0
K,472,17.763,158.75,0.0
K,473,19.894,159.981,0.0
K,474,19.184,161.212,0.0
K,475,21.315,162.442,0.0
K,476,19.894,162.442,0.0
K,477,0.0,120.601,0.0
K,478,0.71,121.832,0.0
K,479,0.0,123.062,0.0
K,480,2.131,124.293,0.0
K,481,0.71,124.293,0.0
K,482,2.842,125.523,0.0
K,483,2.132,126.754,0.0
K,484,4.263,127.985,0.0
K,485,2.842,127.985,0.0
K,486,4.973,129.215,0.0
K,487,4.263,130.446,0.0
K,488,6.394,131.677,0.0
K,490,7.105,132.907,0.0
K,491,6.395,134.138,0.0
K,492,8.526,135.368,0.0
K,493,7.105,135.368,0.0
K,494,9.236,136.599,0.0
K,495,8.526,137.83,0.0
K,496,10.658,139.06,0.0
K,497,9.236,139.06,0.0
K,498,11.368,140.291,0.0
K,499,10.658,141.522,0.0
K,500,12.789,142.752,0.0
K,501,11.368,142.752,0.0
K,502,13.5,143.983,0.0
K,503,12.789,145.213,0.0
K,504,14.921,146.444,0.0
K,505,13.5,146.444,0.0
K,506,15.631,147.675,0.0
K,507,14.921,148.905,0.0
K,508,17.052,150.136,0.0
K,509,15.631,150.136,0.0
K,510,17.763,151.367,0.0
K,511,17.052,152.597,0.0
K,512,19.184,153.828,0.0
K,513,17.763,153.828,0.0
K,514,19.894,155.058,0.0
K,515,19.184,156.289,0.0
K,516,19.894,157.52,0.0
K,517,0.0,115.679,0.0
K,518,0.711,116.909,0.0
K,519,0.0,118.14,0.0
K,520,2.132,119.37,0.0
K,521,0.71,119.37,0.0
K,522,2.842,120.601,0.0
K,523,2.132,121.832,0.0
K,524,4.263,123.062,0.0
K,525,2.842,123.062,0.0
K,526,4.974,124.293,0.0
K,527,4.263,125.524,0.0
K,528,6.395,126.754,0.0
K,529,4.974,126.754,0.0
K,530,7.105,127.985,0.0
K,531,6.395,129.215,0.0
K,532,8.526,130.446,0.0
K,533,7.105,130.446,0.0
K,534,9.237,131.677,0.0
K,535,8.526,132.907,0.0
K,536,10.658,134.138,0.0
K,537,9.237,134.138,0.0
K,538,11.368,135.368,0.0
K,539,10.658,136.599,0.0
K,540,12.789,137.83,0.0
K,541,11.368,137.83,0.0
K,542,13.5,139.06,0.0
K,543,12.789,140.291,0.0
K,544,14.921,141.522,0.0
K,545,13.5,141.522,0.0
K,546,15.631,142.752,0.0
K,547,14.921,143.983,0.0
K,548,17.052,145.213,0.0
K,549,15.631,145.213,0.0
K,550,17.763,146.444,0.0
K,551,17.052,147.675,0.0
K,552,19.184,148.905,0.0
K,553,17.763,148.905,0.0
K,554,19.894,150.136,0.0
K,555,19.184,151.367,0.0
K,556,19.894,152.597,0.0
K,557,0.0,110.756,0.0
K,558,0.71,111.987,0.0
K,559,0.0,113.217,0.0
K,560,2.131,114.448,0.0
K,561,0.71,114.448,0.0
K,562,2.842,115.679,0.0
K,563,2.131,116.909,0.0
K,564,4.263,118.14,0.0
K,565,2.842,118.14,0.0
K,566,4.973,119.37,0.0
K,567,4.263,120.601,0.0
K,568,6.394,121.832,0.0
K,569,4.973,121.832,0.0
K,570,7.105,123.062,0.0
K,571,6.394,124.293,0.0
K,572,8.526,125.524,0.0
K,573,7.105,125.524,0.0
K,574,9.236,126.754,0.0
K,575,8.526,127.985,0.0
K,576,10.658,129.215,0.0
K,577,9.236,129.215,0.0
K,578,11.368,130.446,0.0
K,579,10.658,131.677,0.0
K,580,12.789,132.907,0.0
K,581,11.368,132.907,0.0
K,582,13.5,134.138,0.0
K,583,12.789,135.368,0.0
K,584,14.921,136.599,0.0
K,585,13.5,136.599,0.0
K,586,15.631,137.83,0.0
K,587,14.921,139.06,0.0
K,588,17.052,140.291,0.0
K,589,15.631,140.291,0.0
K,590,17.763,141.522,0.0
K,591,17.052,142.752,0.0
K,592,19.184,143.983,0.0
K,593,17.763,143.983,0.0
K,594,19.894,145.213,0.0
K,595,19.184,146.444,0.0
K,596,21.315,147.675,0.0
K,598,21.315,150.136,0.0
K,599,0.0,105.834,0.0
K,600,0.71,107.064,0.0
K,601,0.0,108.295,0.0
K,602,2.132,109.525,0.0
K,603,0.711,109.525,0.0
K,604,2.842,110.756,0.0
K,605,2.132,111.987,0.0
K,606,4.263,113.217,0.0
K,607,2.842,113.217,0.0
K,608,4.974,114.448,0.0
K,609,4.263,115.679,0.0
K,610,6.394,116.909,0.0
K,611,4.973,116.909,0.0
K,612,7.105,118.14,0.0
K,613,6.394,119.37,0.0
K,614,8.526,120.601,0.0
K,615,7.105,120.601,0.0
K,616,9.236,121.832,0.0
K,617,8.526,123.062,0.0
K,618,10.658,124.293,0.0
K,619,9.236,124.293,0.0
K,620,11.368,125.524,0.0
K,621,10.658,126.754,0.0
K,622,12.789,127.985,0.0
K,623,11.368,127.985,0.0
K,624,13.5,129.215,0.0
K,625,12.789,130.446,0.0
K,626,14.921,131.677,0.0
K,627,13.5,131.677,0.0
K,628,15.631,132.907,0.0
K,629,14.921,134.138,0.0
K,630,17.052,135.368,0.0
K,631,15.631,135.368,0.0
K,632,17.763,136.599,0.0
K,633,17.052,137.83,0.0
K,634,19.184,139.06,0.0
K,635,17.763,139.06,0.0
K,636,19.894,140.291,0.0
K,637,19.184,141.522,0.0
K,638,21.315,142.752,0.0
K,639,19.894,142.752,0.0
K,640,0.0,100.911,0.0
K,641,0.711,102.142,0.0
K,642,0.0,103.372,0.0
K,643,2.132,104.603,0.0
K,644,0.711,104.603,0.0
K,645,2.842,105.834,0.0
K,646,2.132,107.064,0.0
K,647,4.263,108.295,0.0
K,648,2.842,108.295,0.0
K,649,4.974,109.525,0.0
K,650,4.263,110.756,0.0
K,651,6.395,111.987,0.0
K,652,4.974,111.987,0.0
K,653,7.105,113.217,0.0
K,654,6.395,114.448,0.0
K,655,8.526,115.679,0.0
K,656,7.105,115.679,0.0
K,657,9.236,116.909,0.0
K,658,8.526,118.14,0.0
K,659,10.658,119.37,0.0
K,660,9.237,119.37,0.0
K,661,11.368,120.601,0.0
K,662,10.658,121.832,0.0
K,663,12.789,123.062,0.0
K,664,11.368,123.062,0.0
K,665,13.5,124.293,0.0
K,666,12.789,125.524,0.0
K,667,14.921,126.754,0.0
K,668,13.5,126.754,0.0
K,669,15.631,127.985,0.0
K,670,14.921,129.215,0.0
K,671,17.052,130.446,0.0
K,672,15.631,130.446,0.0
K,673,17.763,131.677,0.0
K,674,17.052,132.907,0.0
K,675,19.184,134.138,0.0
K,676,17.763,134.138,0.0
K,677,19.894,135.368,0.0
K,678,19.184,136.599,0.0
K,679,19.894,137.83,0.0
K,680,0.0,95.989,0.0
K,681,0.711,97.219,0.0
K,682,0.0,98.45,0.0
K,684,0.711,99.68,0.0
K,686,2.132,102.142,0.0
K,687,4.263,103.372,0.0
K,688,2.842,103.372,0.0
K,689,4.974,104.603,0.0
K,690,4.263,105.834,0.0
K,691,6.395,107.064,0.0
K,692,4.974,107.064,0.0
K,693,7.105,108.295,0.0
K,694,6.395,109.525,0.0
K,695,8.526,110.756,0.0
K,696,7.105,110.756,0.0
K,697,9.237,111.987,0.0
K,698,8.526,113.217,0.0
K,699,10.658,114.448,0.0
K,700,9.237,114.448,0.0
K,701,11.368,115.679,0.0
K,702,10.658,116.909,0.0
K,703,12.789,118.14,0.0
K,704,11.368,118.14,0.0
K,705,13.5,119.37,0.0
K,706,12.789,120.601,0.0
K,707,14.921,121.832,0.0
K,708,13.5,121.832,0.0
K,709,15.631,123.062,0.0
K,710,14.921,124.293,0.0
K,711,17.052,125.524,0.0
K,712,15.631,125.523,0.0
K,713,17.763,126.754,0.0
K,714,17.052,127.985,0.0
K,715,19.184,129.215,0.0
K,716,17.763,129.215,0.0
K,717,19.894,130.446,0.0
K,718,19.184,131.677,0.0
K,719,19.894,132.907,0.0
K,720,0.0,91.066,0.0
K,721,0.71,92.297,0.0
K,722,0.0,93.527,0.0
K,723,2.132,94.758,0.0
K,724,0.71,94.758,0.0
K,725,2.842,95.989,0.0
K,726,2.132,97.219,0.0
K,727,4.263,98.45,0.0
K,728,2.842,98.45,0.0
K,729,4.973,99.68,0.0
K,730,4.263,100.911,0.0
K,731,6.395,102.142,0.0
K,732,4.973,102.142,0.0
K,733,7.105,103.372,0.0
K,734,6.395,104.603,0.0
K,735,8.526,105.834,0.0
K,736,7.105,105.834,0.0
K,737,9.236,107.064,0.0
K,738,8.526,108.295,0.0
K,739,10.658,109.525,0.0
K,740,9.237,109.525,0.0
K,741,11.368,110.756,0.0
K,742,10.658,111.987,0.0
K,743,12.789,113.217,0.0
K,744,11.368,113.217,0.0
K,745,13.5,114.448,0.0
K,746,12.789,115.679,0.0
K,747,14.921,116.909,0.0
K,748,13.5,116.909,0.0
K,749,15.631,118.14,0.0
K,750,14.921,119.37,0.0
K,751,17.052,120.601,0.0
K,752,15.631,120.601,0.0
K,753,17.763,121.832,0.0
K,754,17.052,123.062,0.0
K,755,19.184,124.293,0.0
K,756,17.763,124.293,0.0
K,757,19.894,125.524,0.0
K,758,19.184,126.754,0.0
K,759,21.315,127.985,0.0
K,760,19.894,127.985,0.0
K,761,21.315,130.446,0.0
K,762,0.0,86.144,0.0
K,763,0.71,87.374,0.0
K,764,0.0,88.605,0.0
K,765,2.132,89.835,0.0
K,766,0.711,89.835,0.0
K,767,2.842,91.066,0.0
K,768,2.132,92.297,0.0
K,769,4.263,93.527,0.0
K,770,2.842,93.527,0.0
K,771,4.974,94.758,0.0
K,772,4.263,95.989,0.0
K,773,6.395,97.219,0.0
K,774,4.974,97.219,0.0
K,775,7.105,98.45,0.0
K,776,6.395,99.68,0.0
K,777,8.526,100.911,0.0
K,778,7.105,100.911,0.0
K,779,9.237,102.142,0.0
K,780,8.526,103.372,0.0
K,781,10.658,104.603,0.0
K,782,9.237,104.603,0.0
K,783,11.368,105.834,0.0
K,785,12.789,108.295,0.0
K,786,11.368,108.295,0.0
K,788,12.789,110.756,0.0
K,789,14.921,111.987,0.0
K,790,13.5,111.987,0.0
K,791,15.631,113.217,0.0
K,792,14.921,114.448,0.0
K,793,17.052,115.679,0.0
K,794,15.631,115.679,0.0
K,795,17.763,116.909,0.0
K,796,17.052,118.14,0.0
K,797,19.184,119.37,0.0
K,798,17.763,119.37,0.0
K,799,19.894,120.601,0.0
K,800,19.184,121.832,0.0
K,801,19.894,123.062,0.0
K,802,0.0,81.221,0.0
K,803,0.711,82.452,0.0
K,804,0.0,83.682,0.0
K,805,2.132,84.913,0.0
K,806,0.711,84.913,0.0
K,807,2.842,86.144,0.0
K,808,2.132,87.374,0.0
K,809,4.263,88.605,0.0
K,810,2.842,88.605,0.0
K,811,4.974,89.835,0.0
K,812,4.263,91.066,0.0
K,813,6.395,92.297,0.0
K,814,4.974,92.297,0.0
K,815,7.105,93.527,0.0
K,816,6.395,94.758,0.0
K,817,8.526,95.989,0.0
K,818,7.105,95.989,0.0
K,819,9.237,97.219,0.0
K,820,8.526,98.45,0.0
K,821,10.658,99.68,0.0
K,822,9.237,99.68,0.0
K,823,11.368,100.911,0.0
K,824,10.658,102.142,0.0
K,825,12.789,103.372,0.0
K,826,11.368,103.372,0.0
K,827,13.5,104.603,0.0
K,828,12.789,105.834,0.0
K,829,14.921,107.064,0.0
K,830,13.5,107.064,0.0
K,831,15.631,108.295,0.0
K,832,14.921,109.525,0.0
K,833,17.052,110.756,0.0
K,834,15.631,110.756,0.0
K,835,17.763,111.987,0.0
K,836,17.052,113.217,0.0
K,837,19.184,114.448,0.0
K,838,17.763,114.448,0.0
K,839,19.894,115.679,0.0
K,840,19.184,116.909,0.0
K,841,19.894,118.14,0.0
K,842,0.0,76.299,0.0
K,843,0.711,77.529,0.0
K,844,0.0,78.76,0.0
K,845,2.132,79.99,0.0
K,846,0.711,79.99,0.0
K,847,2.842,81.221,0.0
K,849,4.263,83.682,0.0
K,850,2.842,83.682,0.0
K,851,4.974,84.913,0.0
K,852,4.263,86.144,0.0
K,853,6.395,87.374,0.0
K,854,4.974,87.374,0.0
K,855,7.105,88.605,0.0
K,856,6.395,89.835,0.0
K,857,8.526,91.066,0.0
K,858,7.105,91.066,0.0
K,859,9.237,92.297,0.0
K,860,8.526,93.527,0.0
K,861,10.658,94.758,0.0
K,862,9.237,94.758,0.0
K,863,11.368,95.989,0.0
K,864,10.658,97.219,0.0
K,865,12.789,98.45,0.0
K,866,11.368,98.45,0.0
K,867,13.5,99.68,0.0
K,868,12.789,100.911,0.0
K,869,14.921,102.142,0.0
K,870,13.5,102.142,0.0
K,871,15.631,103.372,0.0
K,872,14.921,104.603,0.0
K,873,17.052,105.834,0.0
K,874,15.631,105.834,0.0
K,875,17.763,107.064,0.0
K,876,17.052,108.295,0.0
K,877,19.184,109.525,0.0
K,878,17.763,109.525,0.0
K,879,19.894,110.756,0.0
K,880,19.184,111.987,0.0
K,881,19.894,113.217,0.0
K,882,0.0,71.376,0.0
K,883,0.711,72.607,0.0
K,884,0.0,73.837,0.0
K,885,2.132,75.068,0.0
K,886,0.71,75.068,0.0
K,887,2.842,76.299,0.0
K,888,2.132,77.529,0.0
K,889,4.263,78.76,0.0
K,890,2.842,78.76,0.0
K,891,4.973,79.99,0.0
K,892,4.263,81.221,0.0
K,893,6.395,82.452,0.0
K,894,4.974,82.452,0.0
K,895,7.105,83.682,0.0
K,896,6.395,84.913,0.0
K,897,8.526,86.144,0.0
K,898,7.105,86.144,0.0
K,899,9.237,87.374,0.0
K,900,8.526,88.605,0.0
K,901,10.658,89.835,0.0
K,902,9.237,89.835,0.0
K,903,11.368,91.066,0.0
K,904,10.658,92.297,0.0
K,905,12.789,93.527,0.0
K,906,11.368,93.527,0.0
K,907,13.5,94.758,0.0
K,908,12.789,95.989,0.0
K,909,14.921,97.219,0.0
K,910,13.5,97.219,0.0
K,911,15.631,98.45,0.0
K,912,14.921,99.68,0.0
K,913,17.052,100.911,0.0
K,915,17.763,102.142,0.0
K,916,17.052,103.372,0.0
K,917,19.184,104.603,0.0
K,918,17.763,104.603,0.0
K,919,19.894,105.834,0.0
K,920,19.184,107.064,0.0
K,921,21.315,108.295,0.0
K,922,19.894,108.295,0.0
K,923,21.315,110.756,0.0
K,924,0.0,66.454,0.0
K,925,0.711,67.684,0.0
K,926,0.0,68.915,0.0
K,927,2.132,70.145,0.0
K,928,0.711,70.145,0.0
K,929,2.842,71.376,0.0
K,930,2.132,72.607,0.0
K,931,4.263,73.837,0.0
K,932,2.842,73.837,0.0
K,933,4.974,75.068,0.0
K,934,4.263,76.299,0.0
K,935,6.395,77.529,0.0
K,936,4.974,77.529,0.0
K,937,7.105,78.76,0.0
K,938,6.395,79.99,0.0
K,939,8.526,81.221,0.0
K,940,7.105,81.221,0.0
K,941,9.237,82.452,0.0
K,942,8.526,83.682,0.0
K,943,10.658,84.913,0.0
K,944,9.237,84.913,0.0
K,945,11.368,86.144,0.0
K,946,10.658,87.374,0.0
K,947,12.789,88.605,0.0
K,948,11.368,88.605,0.0
K,949,13.5,89.835,0.0
K,950,12.789,91.066,0.0
K,951,14.921,92.297,0.0
K,952,13.5,92.297,0.0
K,953,15.631,93.527,0.0
K,954,14.921,94.758,0.0
K,955,17.052,95.989,0.0
K,956,15.631,95.989,0.0
K,957,17.763,97.219,0.0
K,958,17.052,98.45,0.0
K,959,19.184,99.68,0.0
K,960,17.763,99.68,0.0
K,961,19.894,100.911,0.0
K,962,19.184,102.142,0.0
K,963,19.894,103.372,0.0
K,964,0.0,61.531,0.0
K,965,0.71,62.762,0.0
K,966,0.0,63.992,0.0
K,967,2.131,65.223,0.0
K,968,0.71,65.223,0.0
K,969,2.842,66.454,0.0
K,970,2.131,67.684,0.0
K,971,4.263,68.915,0.0
K,972,2.842,68.915,0.0
K,973,4.973,70.145,0.0
K,974,4.263,71.376,0.0
K,975,6.394,72.607,0.0
K,976,4.973,72.607,0.0
K,977,7.105,73.837,0.0
K,978,6.395,75.068,0.0
K,979,8.526,76.299,0.0
K,980,7.105,76.299,0.0
K,981,9.236,77.529,0.0
K,982,8.526,78.76,0.0
K,983,10.658,79.99,0.0
K,984,9.236,79.99,0.0
K,985,11.368,81.221,0.0
K,986,10.658,82.452,0.0
K,987,12.789,83.682,0.0
K,988,11.368,83.682,0.0
K,989,13.5,84.913,0.0
K,990,12.789,86.144,0.0
K,991,14.921,87.374,0.0
K,992,13.5,87.374,0.0
K,993,15.631,88.605,0.0
K,994,14.921,89.835,0.0
K,995,17.052,91.066,0.0
K,996,15.631,91.066,0.0
K,997,17.763,92.297,0.0
K,998,17.052,93.527,0.0
K,999,19.184,94.758,0.0
K,1000,17.763,94.758,0.0
K,1001,19.894,95.989,0.0
K,1002,19.184,97.219,0.0
K,1003,19.894,98.45,0.0
K,1004,0.0,56.609,0.0
K,1005,0.711,57.839,0.0
K,1006,0.0,59.07,0.0
K,1007,2.132,60.3,0.0
K,1008,0.711,60.3,0.0
K,1009,2.842,61.531,0.0
K,1010,2.132,62.762,0.0
K,1011,4.263,63.992,0.0
K,1012,2.842,63.992,0.0
K,1013,4.974,65.223,0.0
K,1014,4.263,66.454,0.0
K,1015,6.395,67.684,0.0
K,1016,4.974,67.684,0.0
K,1017,7.105,68.915,0.0
K,1018,6.395,70.145,0.0
K,1019,8.526,71.376,0.0
K,1020,7.105,71.376,0.0
K,1021,9.237,72.607,0.0
K,1023,10.658,75.068,0.0
K,1024,9.237,75.068,0.0
K,1025,11.368,76.299,0.0
K,1026,10.658,77.529,0.0
K,1027,12.789,78.76,0.0
K,1028,11.368,78.76,0.0
K,1029,13.5,79.99,0.0
K,1030,12.789,81.221,0.0
K,1031,14.921,82.452,0.0
K,1032,13.5,82.452,0.0
K,1033,15.631,83.682,0.0
K,1034,14.921,84.913,0.0
K,1035,17.052,86.144,0.0
K,1036,15.631,86.144,0.0
K,1037,17.763,87.374,0.0
K,1038,17.052,88.605,0.0
K,1039,19.184,89.835,0.0
K,1040,17.763,89.835,0.0
K,1041,19.894,91.066,0.0
K,1042,19.184,92.297,0.0
K,1043,19.894,93.527,0.0
K,1044,0.0,51.686,0.0
K,1045,0.711,52.917,0.0
K,1046,0.0,54.147,0.0
K,1047,2.132,55.378,0.0
K,1048,0.711,55.378,0.0
K,1049,2.842,56.609,0.0
K,1050,2.131,57.839,0.0
K,1051,4.263,59.07,0.0
K,1052,2.842,59.07,0.0
K,1053,4.973,60.3,0.0
K,1054,4.263,61.531,0.0
K,1055,6.394,62.762,0.0
K,1056,4.974,62.762,0.0
K,1057,7.105,63.992,0.0
K,1058,6.395,65.223,0.0
K,1059,8.526,66.454,0.0
K,1060,7.105,66.454,0.0
K,1061,9.237,67.684,0.0
K,1062,8.526,68.915,0.0
K,1063,10.658,70.145,0.0
K,1064,9.236,70.145,0.0
K,1065,11.368,71.376,0.0
K,1066,10.658,72.607,0.0
K,1067,12.789,73.837,0.0
K,1068,11.368,73.837,0.0
K,1069,13.5,75.068,0.0
K,1070,12.789,76.299,0.0
K,1071,14.921,77.529,0.0
K,1072,13.5,77.529,0.0
K,1073,15.631,78.76,0.0
K,1074,14.921,79.99,0.0
K,1075,17.052,81.221,0.0
K,1076,15.631,81.221,0.0
K,1077,17.763,82.452,0.0
K,1078,17.052,83.682,0.0
K,1079,19.184,84.913,0.0
K,1080,17.763,84.913,0.0
K,1081,19.894,86.144,0.0
K,1082,19.184,87.374,0.0
K,1083,19.894,88.605,0.0
K,1084,0.0,46.764,0.0
K,1085,0.711,47.994,0.0
K,1086,0.0,49.225,0.0
K,1087,2.132,50.456,0.0
K,1088,0.711,50.456,0.0
K,1089,2.842,51.686,0.0
K,1090,2.132,52.917,0.0
K,1091,4.263,54.147,0.0
K,1092,2.842,54.147,0.0
K,1093,4.974,55.378,0.0
K,1094,4.263,56.609,0.0
K,1095,6.395,57.839,0.0
K,1096,4.974,57.839,0.0
K,1097,7.105,59.07,0.0
K,1098,6.395,60.3,0.0
K,1099,8.526,61.531,0.0
K,1100,7.105,61.531,0.0
K,1101,9.237,62.762,0.0
K,1102,8.526,63.992,0.0
K,1103,10.658,65.223,0.0
K,1104,9.237,65.223,0.0
K,1106,10.658,67.684,0.0
K,1107,12.789,68.915,0.0
K,1108,11.368,68.915,0.0
K,1109,13.5,70.145,0.0
K,1110,12.789,71.376,0.0
K,1111,14.921,72.607,0.0
K,1112,13.5,72.607,0.0
K,1113,15.631,73.837,0.0
K,1114,14.921,75.068,0.0
K,1115,17.052,76.299,0.0
K,1116,15.631,76.299,0.0
K,1117,17.763,77.529,0.0
K,1119,19.184,79.99,0.0
K,1120,17.763,79.99,0.0
K,1121,19.894,81.221,0.0
K,1122,19.184,82.452,0.0
K,1123,19.894,83.682,0.0
K,1124,0.0,41.841,0.0
K,1125,0.711,43.072,0.0
K,1126,0.0,44.302,0.0
K,1127,2.132,45.533,0.0
K,1128,0.711,45.533,0.0
K,1129,2.842,46.764,0.0
K,1130,2.132,47.994,0.0
K,1131,4.263,49.225,0.0
K,1132,2.842,49.225,0.0
K,1134,4.263,51.686,0.0
K,1135,6.395,52.917,0.0
K,1136,4.974,52.917,0.0
K,1137,7.105,54.147,0.0
K,1138,6.395,55.378,0.0
K,1139,8.526,56.609,0.0
K,1140,7.105,56.609,0.0
K,1141,9.237,57.839,0.0
K,1142,8.526,59.07,0.0
K,1143,10.658,60.3,0.0
K,1144,9.237,60.3,0.0
K,1145,11.368,61.531,0.0
K,1146,10.658,62.762,0.0
K,1147,12.789,63.992,0.0
K,1148,11.368,63.992,0.0
K,1149,13.5,65.223,0.0
K,1150,12.789,66.454,0.0
K,1151,14.921,67.684,0.0
K,1152,13.5,67.684,0.0
K,1153,15.631,68.915,0.0
K,1154,14.921,70.145,0.0
K,1155,17.052,71.376,0.0
K,1156,15.631,71.376,0.0
K,1157,17.763,72.607,0.0
K,1158,17.052,73.837,0.0
K,1159,19.184,75.068,0.0
K,1161,19.894,76.299,0.0
K,1162,19.184,77.529,0.0
K,1163,19.894,78.76,0.0
K,1164,0.0,36.919,0.0
K,1165,0.711,38.149,0.0
K,1166,0.0,39.38,0.0
K,1167,2.132,40.611,0.0
K,1168,0.711,40.611,0.0
K,1169,2.842,41.841,0.0
K,1170,2.132,43.072,0.0
K,1171,4.263,44.302,0.0
K,1172,2.842,44.302,0.0
K,1173,4.974,45.533,0.0
K,1174,4.263,46.764,0.0
K,1175,6.395,47.994,0.0
K,1176,4.974,47.994,0.0
K,1177,7.105,49.225,0.0
K,1178,6.395,50.456,0.0
K,1179,8.526,51.686,0.0
K,1181,9.237,52.917,0.0
K,1182,8.526,54.147,0.0
K,1183,10.658,55.378,0.0
K,1184,9.237,55.378,0.0
K,1186,10.658,57.839,0.0
K,1187,12.789,59.07,0.0
K,1188,11.368,59.07,0.0
K,1189,13.5,60.3,0.0
K,1190,12.789,61.531,0.0
K,1191,14.921,62.762,0.0
K,1193,15.631,63.992,0.0
K,1194,14.921,65.223,0.0
K,1195,17.052,66.454,0.0
K,1196,15.631,66.454,0.0
K,1197,17.763,67.684,0.0
K,1198,17.052,68.915,0.0
K,1199,19.184,70.145,0.0
K,1200,17.763,70.145,0.0
K,1201,19.894,71.376,0.0
K,1202,19.184,72.607,0.0
K,1203,19.894,73.837,0.0
K,1204,0.0,31.996,0.0
K,1205,0.711,33.227,0.0
K,1206,0.0,34.457,0.0
K,1207,2.132,35.688,0.0
K,1208,0.711,35.688,0.0
K,1209,2.842,36.919,0.0
K,1210,2.132,38.149,0.0
K,1211,4.263,39.38,0.0
K,1212,2.842,39.38,0.0
K,1213,4.974,40.611,0.0
K,1214,4.263,41.841,0.0
K,1215,6.395,43.072,0.0
K,1216,4.974,43.072,0.0
K,1217,7.105,44.302,0.0
K,1218,6.395,45.533,0.0
K,1219,8.526,46.764,0.0
K,1220,7.105,46.764,0.0
K,1221,9.237,47.994,0.0
K,1222,8.526,49.225,0.0
K,1223,10.658,50.456,0.0
K,1224,9.237,50.456,0.0
K,1225,11.368,51.686,0.0
K,1226,10.658,52.917,0.0
K,1227,12.789,54.147,0.0
K,1228,11.368,54.147,0.0
K,1229,13.5,55.378,0.0
K,1230,12.789,56.609,0.0
K,1231,14.921,57.839,0.0
K,1232,13.5,57.839,0.0
K,1233,15.631,59.07,0.0
K,1234,14.921,60.3,0.0
K,1235,17.052,61.531,0.0
K,1236,15.631,61.531,0.0
K,1237,17.763,62.762,0.0
K,1238,17.052,63.992,0.0
K,1239,19.184,65.223,0.0
K,1240,17.763,65.223,0.0
K,1241,19.894,66.454,0.0
K,1242,19.184,67.684,0.0
K,1243,19.894,68.915,0.0
K,1244,0.0,27.074,0.0
K,1245,0.711,28.304,0.0
K,1246,0.0,29.535,0.0
K,1247,2.132,30.766,0.0
K,1248,0.711,30.766,0.0
K,1249,2.842,31.996,0.0
K,1250,2.132,33.227,0.0
K,1251,4.263,34.457,0.0
K,1252,2.842,34.457,0.0
K,1253,4.974,35.688,0.0
K,1254,4.263,36.919,0.0
K,1255,6.395,38.149,0.0
K,1256,4.974,38.149,0.0
K,1257,7.105,39.38,0.0
K,1258,6.395,40.611,0.0
K,1259,8.526,41.841,0.0
K,1260,7.105,41.841,0.0
K,1261,9.237,43.072,0.0
K,1262,8.526,44.302,0.0
K,1263,10.658,45.533,0.0
K,1264,9.237,45.533,0.0
K,1265,11.368,46.764,0.0
K,1266,10.658,47.994,0.0
K,1267,12.789,49.225,0.0
K,1269,13.5,50.456,0.0
K,1270,12.789,51.686,0.0
K,1271,14.921,52.917,0.0
K,1272,13.5,52.917,0.0
K,1273,15.631,54.147,0.0
K,1274,14.921,55.378,0.0
K,1275,17.052,56.609,0.0
K,1276,15.631,56.609,0.0
K,1278,17.052,59.07,0.0
K,1279,19.184,60.3,0.0
K,1280,17.763,60.3,0.0
K,1281,19.894,61.531,0.0
K,1282,19.184,62.762,0.0
K,1283,19.894,63.992,0.0
K,1284,0.0,22.151,0.0
K,1285,0.711,23.382,0.0
K,1286,0.0,24.612,0.0
K,1287,2.132,25.843,0.0
K,1288,0.711,25.843,0.0
K,1289,2.842,27.074,0.0
K,1290,2.132,28.304,0.0
K,1291,4.263,29.535,0.0
K,1292,2.842,29.535,0.0
K,1293,4.974,30.766,0.0
K,1294,4.263,31.996,0.0
K,1295,6.395,33.227,0.0
K,1296,4.974,33.227,0.0
K,1297,7.105,34.457,0.0
K,1298,6.395,35.688,0.0
K,1299,8.526,36.919,0.0
K,1300,7.105,36.919,0.0
K,1301,9.237,38.149,0.0
K,1302,8.526,39.38,0.0
K,1303,10.658,40.611,0.0
K,1304,9.237,40.611,0.0
K,1305,11.368,41.841,0.0
K,1306,10.658,43.072,0.0
K,1307,12.789,44.302,0.0
K,1308,11.368,44.302,0.0
K,1309,13.5,45.533,0.0
K,1310,12.789,46.764,0.0
K,1311,14.921,47.994,0.0
K,1312,13.5,47.994,0.0
K,1313,15.631,49.225,0.0
K,1314,14.921,50.456,0.0
K,1315,17.052,51.686,0.0
K,1316,15.631,51.686,0.0
K,1317,17.763,52.917,0.0
K,1318,17.052,54.147,0.0
K,1319,19.184,55.378,0.0
K,1320,17.763,55.378,0.0
K,1322,19.184,57.839,0.0
K,1323,19.894,59.07,0.0
K,1324,0.0,17.229,0.0
K,1325,0.711,18.459,0.0
K,1326,0.0,19.69,0.0
K,1327,2.132,20.921,0.0
K,1328,0.711,20.921,0.0
K,1329,2.842,22.151,0.0
K,1330,2.132,23.382,0.0
K,1331,4.263,24.612,0.0
K,1332,2.842,24.612,0.0
K,1333,4.974,25.843,0.0
K,1334,4.263,27.074,0.0
K,1335,6.395,28.304,0.0
K,1336,4.974,28.304,0.0
K,1337,7.105,29.535,0.0
K,1338,6.395,30.766,0.0
K,1339,8.526,31.996,0.0
K,1340,7.105,31.996,0.0
K,1341,9.237,33.227,0.0
K,1342,8.526,34.457,0.0
K,1343,10.658,35.688,0.0
K,1344,9.237,35.688,0.0
K,1345,11.368,36.919,0.0
K,1346,10.658,38.149,0.0
K,1347,12.789,39.38,0.0
K,1348,11.368,39.38,0.0
K,1349,13.5,40.611,0.0
K,1350,12.789,41.841,0.0
K,1351,14.921,43.072,0.0
K,1352,13.5,43.072,0.0
K,1353,15.631,44.302,0.0
K,1354,14.921,45.533,0.0
K,1355,17.052,46.764,0.0
K,1356,15.631,46.764,0.0
K,1357,17.763,47.994,0.0
K,1358,17.052,49.225,0.0
K,1359,19.184,50.456,0.0
K,1360,17.763,50.456,0.0
K,1361,19.894,51.686,0.0
K,1362,19.184,52.917,0.0
K,1364,0.0,12.306,0.0
K,1365,0.711,13.537,0.0
K,1366,0.0,14.767,0.0
K,1367,2.132,15.998,0.0
K,1368,0.71,15.998,0.0
K,1369,2.842,17.229,0.0
K,1370,2.132,18.459,0.0
K,1371,4.263,19.69,0.0
K,1372,2.842,19.69,0.0
K,1373,4.974,20.921,0.0
K,1374,4.263,22.151,0.0
K,1375,6.395,23.382,0.0
K,1376,4.974,23.382,0.0
K,1377,7.105,24.612,0.0
K,1378,6.395,25.843,0.0
K,1379,8.526,27.074,0.0
K,1380,7.105,27.074,0.0
K,1381,9.237,28.304,0.0
K,1382,8.526,29.535,0.0
K,1383,10.658,30.766,0.0
K,1384,9.237,30.766,0.0
K,1385,11.368,31.996,0.0
K,1386,10.658,33.227,0.0
K,1387,12.789,34.457,0.0
K,1388,11.368,34.457,0.0
K,1389,13.5,35.688,0.0
K,1390,12.789,36.919,0.0
K,1391,14.921,38.149,0.0
K,1392,13.5,38.149,0.0
K,1393,15.631,39.38,0.0
K,1394,14.921,40.611,0.0
K,1395,17.052,41.841,0.0
K,1396,15.631,41.841,0.0
K,1397,17.763,43.072,0.0
K,1398,17.052,44.302,0.0
K,1399,19.184,45.533,0.0
K,1400,17.763,45.533,0.0
K,1401,19.894,46.764,0.0
K,1402,19.184,47.994,0.0
K,1403,21.315,49.225,0.0
K,1404,19.894,49.225,0.0
K,1405,0.0,7.384,0.0
K,1406,0.711,8.614,0.0
K,1407,0.0,9.845,0.0
K,1408,2.132,11.076,0.0
K,1409,0.711,11.076,0.0
K,1410,2.842,12.306,0.0
K,1411,2.132,13.537,0.0
K,1412,4.263,14.767,0.0
K,1413,2.842,14.767,0.0
K,1414,4.974,15.998,0.0
K,1415,4.263,17.229,0.0
K,1416,6.395,18.459,0.0
K,1417,4.974,18.459,0.0
K,1418,7.105,19.69,0.0
K,1419,6.395,20.921,0.0
K,1420,8.526,22.151,0.0
K,1421,7.105,22.151,0.0
K,1422,9.237,23.382,0.0
K,1423,8.526,24.612,0.0
K,1424,10.658,25.843,0.0
K,1425,9.237,25.843,0.0
K,1426,11.368,27.074,0.0
K,1427,10.658,28.304,0.0
K,1428,12.789,29.535,0.0
K,1429,11.368,29.535,0.0
K,1430,13.5,30.766,0.0
K,1431,12.789,31.996,0.0
K,1432,14.921,33.227,0.0
K,1433,13.5,33.227,0.0
K,1434,15.631,34.457,0.0
K,1435,14.921,35.688,0.0
K,1436,17.052,36.919,0.0
K,1437,15.631,36.919,0.0
K,1438,17.763,38.149,0.0
K,1439,17.052,39.38,0.0
K,1440,19.184,40.611,0.0
K,1441,17.763,40.611,0.0
K,1442,19.894,41.841,0.0
K,1443,19.184,43.072,0.0
K,1444,19.894,44.302,0.0
K,1445,21.315,46.764,0.0
K,1446,0.0,2.461,0.0
K,1447,0.711,3.692,0.0
K,1448,0.0,4.922,0.0
K,1449,2.132,6.153,0.0
K,1450,0.711,6.153,0.0
K,1451,2.842,7.384,0.0
K,1452,2.132,8.614,0.0
K,1453,4.263,9.845,0.0
K,1454,2.842,9.845,0.0
K,1455,4.974,11.076,0.0
K,1456,4.263,12.306,0.0
K,1457,6.395,13.537,0.0
K,1458,4.974,13.537,0.0
K,1459,7.105,14.767,0.0
K,1460,6.395,15.998,0.0
K,1461,8.526,17.229,0.0
K,1462,7.105,17.229,0.0
K,1463,9.237,18.459,0.0
K,1464,8.526,19.69,0.0
K,1465,10.658,20.921,0.0
K,1466,9.237,20.921,0.0
K,1467,11.368,22.151,0.0
K,1468,10.658,23.382,0.0
K,1469,12.789,24.612,0.0
K,1470,11.368,24.612,0.0
K,1471,13.5,25.843,0.0
K,1472,12.789,27.074,0.0
K,1473,14.921,28.304,0.0
K,1474,13.5,28.304,0.0
K,1475,15.631,29.535,0.0
K,1476,14.921,30.766,0.0
K,1477,17.052,31.996,0.0
K,1478,15.631,31.996,0.0
K,1479,17.763,33.227,0.0
K,1480,17.052,34.457,0.0
K,1481,19.184,35.688,0.0
K,1482,17.763,35.688,0.0
K,1483,19.894,36.919,0.0
K,1484,19.184,38.149,0.0
K,1485,19.894,39.38,0.0
K,1486,0.0,0.0,0.0
K,1487,2.132,1.231,0.0
K,1488,0.711,1.231,0.0
K,1489,2.842,2.461,0.0
K,1490,2.132,3.692,0.0
K,1491,4.263,4.922,0.0
K,1492,2.842,4.922,0.0
K,1493,4.974,6.153,0.0
K,1494,4.263,7.384,0.0
K,1495,6.395,8.614,0.0
K,1496,4.974,8.614,0.0
K,1497,7.105,9.845,0.0
K,1498,6.395,11.076,0.0
K,1499,8.526,12.306,0.0
K,1500,7.105,12.306,0.0
K,1501,9.237,13.537,0.0
K,1502,8.526,14.767,0.0
K,1503,10.658,15.998,0.0
K,1505,11.368,17.229,0.0
K,1506,10.658,18.459,0.0
K,1507,12.789,19.69,0.0
K,1508,11.368,19.69,0.0
K,1509,13.5,20.921,0.0
K,1510,12.789,22.151,0.0
K,1511,14.921,23.382,0.0
K,1512,13.5,23.382,0.0
K,1513,15.631,24.612,0.0
K,1514,14.921,25.843,0.0
K,1515,17.052,27.074,0.0
K,1517,17.763,28.304,0.0
K,1518,17.052,29.535,0.0
K,1519,19.184,30.766,0.0
K,1520,17.763,30.766,0.0
K,1521,19.894,31.996,0.0
K,1522,19.184,33.227,0.0
K,1523,19.894,34.457,0.0
K,1524,4.263,0.0,0.0
K,1525,2.842,0.0,0.0
K,1526,4.974,1.231,0.0
K,1527,4.263,2.461,0.0
K,1528,6.395,3.692,0.0
K,1529,4.974,3.692,0.0
K,1530,7.105,4.922,0.0
K,1531,6.395,6.153,0.0
K,1532,8.526,7.384,0.0
K,1533,7.105,7.384,0.0
K,1534,9.237,8.614,0.0
K,1535,8.526,9.845,0.0
K,1536,10.658,11.076,0.0
K,1537,9.237,11.076,0.0
K,1538,11.368,12.306,0.0
K,1539,10.658,13.537,0.0
K,1540,12.789,14.767,0.0
K,1541,11.368,14.767,0.0
K,1542,13.5,15.998,0.0
K,1543,12.789,17.229,0.0
K,1544,14.921,18.459,0.0
K,1545,13.5,18.459,0.0
K,1546,15.631,19.69,0.0
K,1547,14.921,20.921,0.0
K,1548,17.052,22.151,0.0
K,1549,15.631,22.151,0.0
K,1550,17.763,23.382,0.0
K,1551,17.052,24.612,0.0
K,1552,19.184,25.843,0.0
K,1553,17.763,25.843,0.0
K,1554,19.894,27.074,0.0
K,1555,19.184,28.304,0.0
K,1556,19.894,29.535,0.0
K,1557,7.105,0.0,0.0
K,1558,6.395,1.231,0.0
K,1559,8.526,2.461,0.0
K,1560,7.105,2.461,0.0
K,1561,9.237,3.692,0.0
K,1562,8.526,4.922,0.0
K,1563,10.658,6.153,0.0
K,1564,9.237,6.153,0.0
K,1565,11.368,7.384,0.0
K,1566,10.658,8.614,0.0
K,1567,12.789,9.845,0.0
K,1568,11.368,9.845,0.0
K,1570,12.789,12.306,0.0
K,1571,14.921,13.537,0.0
K,1572,13.5,13.537,0.0
K,1573,15.631,14.767,0.0
K,1574,14.921,15.998,0.0
K,1576,15.631,17.229,0.0
K,1577,17.763,18.459,0.0
K,1578,17.052,19.69,0.0
K,1579,19.184,20.921,0.0
K,1580,17.763,20.921,0.0
K,1581,19.894,22.151,0.0
K,1582,19.184,23.382,0.0
K,1583,19.894,24.612,0.0
K,1584,8.526,0.0,0.0
K,1585,10.658,1.231,0.0
K,1586,9.237,1.231,0.0
K,1587,11.368,2.461,0.0
K,1588,10.658,3.692,0.0
K,1589,12.789,4.922,0.0
K,1590,11.368,4.922,0.0
K,1591,13.5,6.153,0.0
K,1592,12.789,7.384,0.0
K,1593,14.921,8.614,0.0
K,1594,13.5,8.614,0.0
K,1595,15.631,9.845,0.0
K,1596,14.921,11.076,0.0
K,1597,17.052,12.306,0.0
K,1598,15.631,12.306,0.0
K,1599,17.763,13.537,0.0
K,1600,17.052,14.767,0.0
K,1601,19.184,15.998,0.0
K,1602,17.763,15.998,0.0
K,1603,19.894,17.229,0.0
K,1604,19.184,18.459,0.0
K,1605,21.315,19.69,0.0
K,1606,19.894,19.69,0.0
K,1607,21.315,22.151,0.0
K,1609,11.368,0.0,0.0
K,1610,13.5,1.231,0.0
K,1611,12.789,2.461,0.0
K,1612,14.921,3.692,0.0
K,1613,13.5,3.692,0.0
K,1614,15.631,4.922,0.0
K,1615,14.921,6.153,0.0
K,1616,17.052,7.384,0.0
K,1617,15.631,7.384,0.0
K,1618,17.763,8.614,0.0
K,1619,17.052,9.845,0.0
K,1620,19.184,11.076,0.0
K,1621,17.763,11.076,0.0
K,1622,19.894,12.306,0.0
K,1623,19.184,13.537,0.0
K,1624,19.894,14.767,0.0
K,1625,21.315,17.229,0.0
K,1626,15.631,0.0,0.0
K,1627,14.921,1.231,0.0
K,1628,17.052,2.461,0.0
K,1629,15.631,2.461,0.0
K,1630,17.763,3.692,0.0
K,1631,17.052,4.922,0.0
K,1632,19.184,6.153,0.0
K,1633,17.763,6.153,0.0
K,1634,19.894,7.384,0.0
K,1635,19.184,8.614,0.0
K,1636,21.315,9.845,0.0
K,1637,19.894,9.845,0.0
K,1638,21.315,12.306,0.0
K,1639,17.052,0.0,0.0
K,1641,17.763,1.231,0.0
K,1642,19.894,2.461,0.0
K,1643,19.184,3.692,0.0
K,1644,21.315,4.922,0.0
K,1645,19.894,4.922,0.0
K,1646,21.315,7.384,0.0
K,1647,21.315,0.0,0.0
K,1648,19.894,0.0,0.0
K,1649,21.315,2.461,0.0
L,1,6
L,2,3
L,2,12
L,3,2
L,3,4
L,4,3
L,4,6
L,5,6
L,5,7
L,6,1
L,6,4
L,7,5
L,7,18
L,8,9
L,8,23
L,9,8
L,9,10
L,10,9
L,10,12
L,11,12
L,11,13
L,12,2
L,12,10
L,13,11
L,13,14
L,14,3
L,14,13
L,15,16
L,15,17
L,16,5
L,16,14
L,17,15
L,17,18
L,18,7
L,18,17
L,19,20
L,19,40
L,20,19
L,22,23
L,22,24
L,23,8
L,24,22
L,24,25
L,25,9
L,25,24
L,26,27
L,26,28
L,27,11
L,27,25
L,28,26
L,28,29
L,29,13
L,29,28
L,30,31
L,30,32
L,31,15
L,31,29
L,32,30
L,32,33
L,33,17
L,33,32
L,34,35
L,34,56
L,35,33
L,35,34
L,36,37
L,36,62
L,37,36
L,37,38
L,38,37
L,38,40
L,39,40
L,39,41
L,40,19
L,40,38
L,41,39
L,41,42
L,42,20
L,42,41
L,43,44
L,43,45
L,44,22
L,44,42
L,45,43
L,45,46
L,46,24
L,46,45
L,47,48
L,47,49
L,48,26
L,48,46
L,49,47
L,49,50
L,50,28
L,50,49
L,52,30
L,52,50
L,54,32
L,55,56
L,55,57
L,56,34
L,56,54
L,57,55
L,57,84
L,58,59
L,58,89
L,59,58
L,59,60
L,60,59
L,60,62
L,61,62
L,61,63
L,62,36
L,62,60
L,63,61
L,63,64
L,64,37
L,64,63
L,65,66
L,65,67
L,66,39
L,66,64
L,67,65
L,67,68
L,68,41
L,68,67
L,69,70
L,69,71
L,70,43
L,70,68
L,71,69
L,71,72
L,72,45
L,72,71
L,73,74
L,73,75
L,74,47
L,74,72
L,75,73
L,75,76
L,76,49
L,76,75
L,77,78
L,77,79
L,78,76
L,79,77
L,79,80
L,80,79
L,81,82
L,81,83
L,82,55
L,82,80
L,83,81
L,83,84
L,84,57
L,84,83
L,85,86
L,85,122
L,86,85
L,86,87
L,87,86
L,87,89
L,88,89
L,88,90
L,89,58
L,89,87
L,90,88
L,90,91
L,91,59
L,91,90
L,92,93
L,92,94
L,93,61
L,93,91
L,94,92
L,94,95
L,95,63
L,95,94
L,96,97
L,96,98
L,97,65
L,97,95
L,98,96
L,98,99
L,99,67
L,99,98
L,100,101
L,100,102
L,101,69
L,101,99
L,102,100
L,102,103
L,103,71
L,103,102
L,104,105
L,104,106
L,105,73
L,105,103
L,106,104
L,106,107
L,107,75
L,107,106
L,108,110
L,110,108
L,110,111
L,111,79
L,111,110
L,112,113
L,112,114
L,113,81
L,113,111
L,114,112
L,114,115
L,115,83
L,115,114
L,116,117
L,116,154
L,117,115
L,117,116
L,118,119
L,118,160
L,119,118
L,119,120
L,120,119
L,120,122
L,121,122
L,121,123
L,122,85
L,122,120
L,123,121
L,123,124
L,124,86
L,124,123
L,125,126
L,125,127
L,126,88
L,126,124
L,127,125
L,127,128
L,128,90
L,128,127
L,129,130
L,129,131
L,130,92
L,130,128
L,131,129
L,131,132
L,132,94
L,132,131
L,133,134
L,133,135
L,134,96
L,134,132
L,135,133
L,135,136
L,136,98
L,136,135
L,137,138
L,137,139
L,138,100
L,138,136
L,139,137
L,139,140
L,140,102
L,140,139
L,141,142
L,141,143
L,142,104
L,142,140
L,143,141
L,143,144
L,144,106
L,144,143
L,145,146
L,145,147
L,146,108
L,146,144
L,147,145
L,147,148
L,148,110
L,148,147
L,149,150
L,149,151
L,150,112
L,150,148
L,151,149
L,151,152
L,152,114
L,152,151
L,153,154
L,153,155
L,154,116
L,154,152
L,155,153
L,156,157
L,156,200
L,157,156
L,157,158
L,158,157
L,158,160
L,159,160
L,159,161
L,160,118
L,160,158
L,161,159
L,161,162
L,162,119
L,162,161
L,163,164
L,163,165
L,164,121
L,164,162
L,165,163
L,165,166
L,166,123
L,166,165
L,167,168
L,167,169
L,168,125
L,168,166
L,169,167
L,169,170
L,170,127
L,170,169
L,171,172
L,171,173
L,172,129
L,172,170
L,173,171
L,173,174
L,174,131
L,174,173
L,175,176
L,175,177
L,176,133
L,176,174
L,177,175
L,177,178
L,178,135
L,178,177
L,179,180
L,179,181
L,180,137
L,180,178
L,181,179
L,181,182
L,182,139
L,182,181
L,183,184
L,183,185
L,184,141
L,184,182
L,185,183
L,185,186
L,186,143
L,186,185
L,187,188
L,187,189
L,188,145
L,188,186
L,189,187
L,189,190
L,190,147
L,190,189
L,191,192
L,191,193
L,192,149
L,192,190
L,193,191
L,193,194
L,194,151
L,194,193
L,195,153
L,195,194
L,196,197
L,196,240
L,197,196
L,197,198
L,198,197
L,198,200
L,199,200
L,199,201
L,200,156
L,200,198
L,201,199
L,201,202
L,202,157
L,202,201
L,203,204
L,203,205
L,204,159
L,204,202
L,205,203
L,205,206
L,206,161
L,206,205
L,207,208
L,207,209
L,208,163
L,208,206
L,209,207
L,209,210
L,210,165
L,210,209
L,211,212
L,211,213
L,212,167
L,212,210
L,213,211
L,213,214
L,214,169
L,214,213
L,215,216
L,215,217
L,216,171
L,216,214
L,217,215
L,217,218
L,218,173
L,218,217
L,219,220
L,219,221
L,220,175
L,220,218
L,221,219
L,221,222
L,222,177
L,222,221
L,223,224
L,223,225
L,224,179
L,224,222
L,225,223
L,225,226
L,226,181
L,226,225
L,227,228
L,227,229
L,228,183
L,228,226
L,229,227
L,229,230
L,230,185
L,230,229
L,231,232
L,232,187
L,232,230
L,234,189
L,235,191
L,235,234
L,236,237
L,236,280
L,237,236
L,237,238
L,238,237
L,238,240
L,239,240
L,239,241
L,240,196
L,240,238
L,241,239
L,241,242
L,242,197
L,242,241
L,243,244
L,243,245
L,244,199
L,244,242
L,245,243
L,245,246
L,246,201
L,246,245
L,247,248
L,247,249
L,248,203
L,248,246
L,249,247
L,249,250
L,250,205
L,250,249
L,251,252
L,251,253
L,252,207
L,252,250
L,253,251
L,253,254
L,254,209
L,254,253
L,255,256
L,255,257
L,256,211
L,256,254
L,257,255
L,257,258
L,258,213
L,258,257
L,259,260
L,259,261
L,260,215
L,260,258
L,261,259
L,261,262
L,262,217
L,262,261
L,263,264
L,263,265
L,264,219
L,264,262
L,265,263
L,265,266
L,266,221
L,266,265
L,267,268
L,267,269
L,268,223
L,268,266
L,269,267
L,269,270
L,270,225
L,270,269
L,271,272
L,271,273
L,272,227
L,272,270
L,273,271
L,273,274
L,274,229
L,274,273
L,275,231
L,275,274
L,276,277
L,276,320
L,277,276
L,277,278
L,278,277
L,278,280
L,279,280
L,279,281
L,280,236
L,280,278
L,281,279
L,281,282
L,282,237
L,282,281
L,283,284
L,283,285
L,284,239
L,284,282
L,285,283
L,285,286
L,286,241
L,286,285
L,287,288
L,287,289
L,288,243
L,288,286
L,289,287
L,289,290
L,290,245
L,290,289
L,291,292
L,292,247
L,292,290
L,294,249
L,295,296
L,295,297
L,296,251
L,296,294
L,297,295
L,297,298
L,298,253
L,298,297
L,299,300
L,299,301
L,300,255
L,300,298
L,301,299
L,301,302
L,302,257
L,302,301
L,303,304
L,303,305
L,304,259
L,304,302
L,305,303
L,305,306
L,306,261
L,306,305
L,307,308
L,307,309
L,308,263
L,308,306
L,309,307
L,309,310
L,310,265
L,310,309
L,311,312
L,311,313
L,312,267
L,312,310
L,313,311
L,313,314
L,314,269
L,314,313
L,315,271
L,315,314
L,316,317
L,316,360
L,317,316
L,317,318
L,318,317
L,318,320
L,319,320
L,319,321
L,320,276
L,320,318
L,321,319
L,321,322
L,322,277
L,322,321
L,323,324
L,323,325
L,324,279
L,324,322
L,325,323
L,325,326
L,326,281
L,326,325
L,327,328
L,327,329
L,328,283
L,328,326
L,329,327
L,329,330
L,330,285
L,330,329
L,331,332
L,331,333
L,332,287
L,332,330
L,333,331
L,333,334
L,334,289
L,334,333
L,335,336
L,335,337
L,336,291
L,336,334
L,337,335
L,337,338
L,338,337
L,339,340
L,339,341
L,340,295
L,340,338
L,341,339
L,341,342
L,342,297
L,342,341
L,343,344
L,343,345
L,344,299
L,344,342
L,345,343
L,345,346
L,346,301
L,346,345
L,347,348
L,347,349
L,348,303
L,348,346
L,349,347
L,349,350
L,350,305
L,350,349
L,351,352
L,351,353
L,352,307
L,352,350
L,353,351
L,355,311
L,356,357
L,356,400
L,357,356
L,357,358
L,358,357
L,358,360
L,359,360
L,359,361
L,360,316
L,360,358
L,361,359
L,361,362
L,362,317
L,362,361
L,363,364
L,363,365
L,364,319
L,364,362
L,365,363
L,365,366
L,366,321
L,366,365
L,367,368
L,367,369
L,368,323
L,368,366
L,369,367
L,369,370
L,370,325
L,370,369
L,371,372
L,371,373
L,372,327
L,372,370
L,373,371
L,373,374
L,374,329
L,374,373
L,375,376
L,375,377
L,376,331
L,376,374
L,377,375
L,377,378
L,378,333
L,378,377
L,379,380
L,379,381
L,380,335
L,380,378
L,381,379
L,381,382
L,382,337
L,382,381
L,383,384
L,383,385
L,384,339
L,384,382
L,385,383
L,385,386
L,386,341
L,386,385
L,387,388
L,387,389
L,388,343
L,388,386
L,389,387
L,389,390
L,390,345
L,390,389
L,391,392
L,391,393
L,392,347
L,392,390
L,393,391
L,393,394
L,394,349
L,394,393
L,395,351
L,395,394
L,396,397
L,396,440
L,397,396
L,397,398
L,398,397
L,398,400
L,399,400
L,399,401
L,400,356
L,400,398
L,401,399
L,401,402
L,402,357
L,402,401
L,403,404
L,403,405
L,404,359
L,404,402
L,405,403
L,405,406
L,406,361
L,406,405
L,407,408
L,407,409
L,408,363
L,408,406
L,409,407
L,409,410
L,410,365
L,410,409
L,411,412
L,411,413
L,412,367
L,412,410
L,413,411
L,413,414
L,414,369
L,414,413
L,415,416
L,415,417
L,416,371
L,416,414
L,417,415
L,417,418
L,418,373
L,418,417
L,419,420
L,419,421
L,420,375
L,420,418
L,421,419
L,421,422
L,422,377
L,422,421
L,423,424
L,423,425
L,424,379
L,424,422
L,425,423
L,425,426
L,426,381
L,426,425
L,427,428
L,427,429
L,428,383
L,428,426
L,429,427
L,429,430
L,430,385
L,430,429
L,431,432
L,431,433
L,432,387
L,432,430
L,433,431
L,433,434
L,434,389
L,434,433
L,435,391
L,435,434
L,436,437
L,436,481
L,437,436
L,437,438
L,438,437
L,438,440
L,439,440
L,439,441
L,440,396
L,440,438
L,441,439
L,441,442
L,442,397
L,442,441
L,443,444
L,443,445
L,444,399
L,444,442
L,445,443
L,445,446
L,446,401
L,446,445
L,447,448
L,447,449
L,448,403
L,448,446
L,449,447
L,449,450
L,450,405
L,450,449
L,451,452
L,451,453
L,452,407
L,452,450
L,453,451
L,453,454
L,454,409
L,454,453
L,455,456
L,455,457
L,456,411
L,456,454
L,457,455
L,457,458
L,458,413
L,458,457
L,459,460
L,459,461
L,460,415
L,460,458
L,461,459
L,461,462
L,462,417
L,462,461
L,463,464
L,463,465
L,464,419
L,464,462
L,465,463
L,465,466
L,466,421
L,466,465
L,467,468
L,467,469
L,468,423
L,468,466
L,469,467
L,469,470
L,470,425
L,470,469
L,471,472
L,471,473
L,472,427
L,472,470
L,473,471
L,473,474
L,474,429
L,474,473
L,475,476
L,476,431
L,476,474
L,477,478
L,477,521
L,478,477
L,478,479
L,479,478
L,479,481
L,480,481
L,480,482
L,481,436
L,481,479
L,482,480
L,482,483
L,483,437
L,483,482
L,484,485
L,484,486
L,485,439
L,485,483
L,486,484
L,486,487
L,487,441
L,487,486
L,488,490
L,490,488
L,490,491
L,491,445
L,491,490
L,492,493
L,492,494
L,493,447
L,493,491
L,494,492
L,494,495
L,495,449
L,495,494
L,496,497
L,496,498
L,497,451
L,497,495
L,498,496
L,498,499
L,499,453
L,499,498
L,500,501
L,500,502
L,501,455
L,501,499
L,502,500
L,502,503
L,503,457
L,503,502
L,504,505
L,504,506
L,505,459
L,505,503
L,506,504
L,506,507
L,507,461
L,507,506
L,508,509
L,508,510
L,509,463
L,509,507
L,510,508
L,510,511
L,511,465
L,511,510
L,512,513
L,512,514
L,513,467
L,513,511
L,514,512
L,514,515
L,515,469
L,515,514
L,516,471
L,516,515
L,517,518
L,517,561
L,518,517
L,518,519
L,519,518
L,519,521
L,520,521
L,520,522
L,521,477
L,521,519
L,522,520
L,522,523
L,523,478
L,523,522
L,524,525
L,524,526
L,525,480
L,525,523
L,526,524
L,526,527
L,527,482
L,527,526
L,528,529
L,528,530
L,529,484
L,529,527
L,530,528
L,530,531
L,531,486
L,531,530
L,532,533
L,532,534
L,533,488
L,533,531
L,534,532
L,534,535
L,535,490
L,535,534
L,536,537
L,536,538
L,537,492
L,537,535
L,538,536
L,538,539
L,539,494
L,539,538
L,540,541
L,540,542
L,541,496
L,541,539
L,542,540
L,542,543
L,543,498
L,543,542
L,544,545
L,544,546
L,545,500
L,545,543
L,546,544
L,546,547
L,547,502
L,547,546
L,548,549
L,548,550
L,549,504
L,549,547
L,550,548
L,550,551
L,551,506
L,551,550
L,552,553
L,552,554
L,553,508
L,553,551
L,554,552
L,554,555
L,555,510
L,555,554
L,556,512
L,556,555
L,557,558
L,557,603
L,558,557
L,558,559
L,559,558
L,559,561
L,560,561
L,560,562
L,561,517
L,561,559
L,562,560
L,562,563
L,563,518
L,563,562
L,564,565
L,564,566
L,565,520
L,565,563
L,566,564
L,566,567
L,567,522
L,567,566
L,568,569
L,568,570
L,569,524
L,569,567
L,570,568
L,570,571
L,571,526
L,571,570
L,572,573
L,572,574
L,573,528
L,573,571
L,574,572
L,574,575
L,575,530
L,575,574
L,576,577
L,576,578
L,577,532
L,577,575
L,578,576
L,578,579
L,579,534
L,579,578
L,580,581
L,580,582
L,581,536
L,581,579
L,582,580
L,582,583
L,583,538
L,583,582
L,584,585
L,584,586
L,585,540
L,585,583
L,586,584
L,586,587
L,587,542
L,587,586
L,588,589
L,588,590
L,589,544
L,589,587
L,590,588
L,590,591
L,591,546
L,591,590
L,592,593
L,592,594
L,593,548
L,593,591
L,594,592
L,594,595
L,595,550
L,595,594
L,598,554
L,599,600
L,599,644
L,600,599
L,600,601
L,601,600
L,601,603
L,602,603
L,602,604
L,603,557
L,603,601
L,604,602
L,604,605
L,605,558
L,605,604
L,606,607
L,606,608
L,607,560
L,607,605
L,608,606
L,608,609
L,609,562
L,609,608
L,610,611
L,610,612
L,611,564
L,611,609
L,612,610
L,612,613
L,613,566
L,613,612
L,614,615
L,614,616
L,615,568
L,615,613
L,616,614
L,616,617
L,617,570
L,617,616
L,618,619
L,618,620
L,619,572
L,619,617
L,620,618
L,620,621
L,621,574
L,621,620
L,622,623
L,622,624
L,623,576
L,623,621
L,624,622
L,624,625
L,625,578
L,625,624
L,626,627
L,626,628
L,627,580
L,627,625
L,628,626
L,628,629
L,629,582
L,629,628
L,630,631
L,630,632
L,631,584
L,631,629
L,632,630
L,632,633
L,633,586
L,633,632
L,634,635
L,634,636
L,635,588
L,635,633
L,636,634
L,636,637
L,637,590
L,637,636
L,638,639
L,639,592
L,639,637
L,640,641
L,640,684
L,641,640
L,641,642
L,642,641
L,642,644
L,643,644
L,643,645
L,644,599
L,644,642
L,645,643
L,645,646
L,646,600
L,646,645
L,647,648
L,647,649
L,648,602
L,648,646
L,649,647
L,649,650
L,650,604
L,650,649
L,651,652
L,651,653
L,652,606
L,652,650
L,653,651
L,653,654
L,654,608
L,654,653
L,655,656
L,655,657
L,656,610
L,656,654
L,657,655
L,657,658
L,658,612
L,658,657
L,659,660
L,659,661
L,660,614
L,660,658
L,661,659
L,661,662
L,662,616
L,662,661
L,663,664
L,663,665
L,664,618
L,664,662
L,665,663
L,665,666
L,666,620
L,666,665
L,667,668
L,667,669
L,668,622
L,668,666
L,669,667
L,669,670
L,670,624
L,670,669
L,671,672
L,671,673
L,672,626
L,672,670
L,673,671
L,673,674
L,674,628
L,674,673
L,675,676
L,675,677
L,676,630
L,676,674
L,677,675
L,677,678
L,678,632
L,678,677
L,679,634
L,679,678
L,680,681
L,680,724
L,681,680
L,681,682
L,682,681
L,682,684
L,684,640
L,684,682
L,686,641
L,687,688
L,687,689
L,688,643
L,688,686
L,689,687
L,689,690
L,690,645
L,690,689
L,691,692
L,691,693
L,692,647
L,692,690
L,693,691
L,693,694
L,694,649
L,694,693
L,695,696
L,695,697
L,696,651
L,696,694
L,697,695
L,697,698
L,698,653
L,698,697
L,699,700
L,699,701
L,700,655
L,700,698
L,701,699
L,701,702
L,702,657
L,702,701
L,703,704
L,703,705
L,704,659
L,704,702
L,705,703
L,705,706
L,706,661
L,706,705
L,707,708
L,707,709
L,708,663
L,708,706
L,709,707
L,709,710
L,710,665
L,710,709
L,711,712
L,711,713
L,712,667
L,712,710
L,713,711
L,713,714
L,714,669
L,714,713
L,715,716
L,715,717
L,716,671
L,716,714
L,717,715
L,717,718
L,718,673
L,718,717
L,719,675
L,719,718
L,720,721
L,720,766
L,721,720
L,721,722
L,722,721
L,722,724
L,723,724
L,723,725
L,724,680
L,724,722
L,725,723
L,725,726
L,726,681
L,726,725
L,727,728
L,727,729
L,728,726
L,729,727
L,729,730
L,730,729
L,731,732
L,731,733
L,732,687
L,732,730
L,733,731
L,733,734
L,734,689
L,734,733
L,735,736
L,735,737
L,736,691
L,736,734
L,737,735
L,737,738
L,738,693
L,738,737
L,739,740
L,739,741
L,740,695
L,740,738
L,741,739
L,741,742
L,742,697
L,742,741
L,743,744
L,743,745
L,744,699
L,744,742
L,745,743
L,745,746
L,746,701
L,746,745
L,747,748
L,747,749
L,748,703
L,748,746
L,749,747
L,749,750
L,750,705
L,750,749
L,751,752
L,751,753
L,752,707
L,752,750
L,753,751
L,753,754
L,754,709
L,754,753
L,755,756
L,755,757
L,756,711
L,756,754
L,757,755
L,757,758
L,758,713
L,758,757
L,759,760
L,760,715
L,760,758
L,761,717
L,762,763
L,762,806
L,763,762
L,763,764
L,764,763
L,764,766
L,765,766
L,765,767
L,766,720
L,766,764
L,767,765
L,767,768
L,768,721
L,768,767
L,769,770
L,769,771
L,770,723
L,770,768
L,771,769
L,771,772
L,772,725
L,772,771
L,773,774
L,773,775
L,774,727
L,774,772
L,775,773
L,775,776
L,776,729
L,776,775
L,777,778
L,777,779
L,778,731
L,778,776
L,779,777
L,779,780
L,780,733
L,780,779
L,781,782
L,781,783
L,782,735
L,782,780
L,783,781
L,785,786
L,786,739
L,788,741
L,789,790
L,789,791
L,790,743
L,790,788
L,791,789
L,791,792
L,792,745
L,792,791
L,793,794
L,793,795
L,794,747
L,794,792
L,795,793
L,795,796
L,796,749
L,796,795
L,797,798
L,797,799
L,798,751
L,798,796
L,799,797
L,799,800
L,800,753
L,800,799
L,801,755
L,801,800
L,802,803
L,802,846
L,803,802
L,803,804
L,804,803
L,804,806
L,805,806
L,805,807
L,806,762
L,806,804
L,807,805
L,807,808
L,808,763
L,808,807
L,809,810
L,809,811
L,810,765
L,810,808
L,811,809
L,811,812
L,812,767
L,812,811
L,813,814
L,813,815
L,814,769
L,814,812
L,815,813
L,815,816
L,816,771
L,816,815
L,817,818
L,817,819
L,818,773
L,818,816
L,819,817
L,819,820
L,820,775
L,820,819
L,821,822
L,821,823
L,822,777
L,822,820
L,823,821
L,823,824
L,824,779
L,824,823
L,825,826
L,825,827
L,826,781
L,826,824
L,827,825
L,827,828
L,828,783
L,828,827
L,829,830
L,829,831
L,830,785
L,830,828
L,831,829
L,831,832
L,832,831
L,833,834
L,833,835
L,834,789
L,834,832
L,835,833
L,835,836
L,836,791
L,836,835
L,837,838
L,837,839
L,838,793
L,838,836
L,839,837
L,839,840
L,840,795
L,840,839
L,841,797
L,841,840
L,842,843
L,842,886
L,843,842
L,843,844
L,844,843
L,844,846
L,845,846
L,845,847
L,846,802
L,846,844
L,847,845
L,849,850
L,849,851
L,850,805
L,851,849
L,851,852
L,852,807
L,852,851
L,853,854
L,853,855
L,854,809
L,854,852
L,855,853
L,855,856
L,856,811
L,856,855
L,857,858
L,857,859
L,858,813
L,858,856
L,859,857
L,859,860
L,860,815
L,860,859
L,861,862
L,861,863
L,862,817
L,862,860
L,863,861
L,863,864
L,864,819
L,864,863
L,865,866
L,865,867
L,866,821
L,866,864
L,867,865
L,867,868
L,868,823
L,868,867
L,869,870
L,869,871
L,870,825
L,870,868
L,871,869
L,871,872
L,872,827
L,872,871
L,873,874
L,873,875
L,874,829
L,874,872
L,875,873
L,875,876
L,876,831
L,876,875
L,877,878
L,877,879
L,878,833
L,878,876
L,879,877
L,879,880
L,880,835
L,880,879
L,881,837
L,881,880
L,882,883
L,882,928
L,883,882
L,883,884
L,884,883
L,884,886
L,885,886
L,885,887
L,886,842
L,886,884
L,887,885
L,887,888
L,888,843
L,888,887
L,889,890
L,889,891
L,890,845
L,890,888
L,891,889
L,891,892
L,892,847
L,892,891
L,893,894
L,893,895
L,894,849
L,894,892
L,895,893
L,895,896
L,896,851
L,896,895
L,897,898
L,897,899
L,898,853
L,898,896
L,899,897
L,899,900
L,900,855
L,900,899
L,901,902
L,901,903
L,902,857
L,902,900
L,903,901
L,903,904
L,904,859
L,904,903
L,905,906
L,905,907
L,906,861
L,906,904
L,907,905
L,907,908
L,908,863
L,908,907
L,909,910
L,909,911
L,910,865
L,910,908
L,911,909
L,911,912
L,912,867
L,912,911
L,913,915
L,915,913
L,915,916
L,916,871
L,916,915
L,917,918
L,917,919
L,918,873
L,918,916
L,919,917
L,919,920
L,920,875
L,920,919
L,921,922
L,922,877
L,922,920
L,923,879
L,924,925
L,924,968
L,925,924
L,925,926
L,926,925
L,926,928
L,927,928
L,927,929
L,928,882
L,928,926
L,929,927
L,929,930
L,930,883
L,930,929
L,931,932
L,931,933
L,932,885
L,932,930
L,933,931
L,933,934
L,934,887
L,934,933
L,935,936
L,935,937
L,936,889
L,936,934
L,937,935
L,937,938
L,938,891
L,938,937
L,939,940
L,939,941
L,940,893
L,940,938
L,941,939
L,941,942
L,942,895
L,942,941
L,943,944
L,943,945
L,944,897
L,944,942
L,945,943
L,945,946
L,946,899
L,946,945
L,947,948
L,947,949
L,948,901
L,948,946
L,949,947
L,949,950
L,950,903
L,950,949
L,951,952
L,951,953
L,952,905
L,952,950
L,953,951
L,953,954
L,954,907
L,954,953
L,955,956
L,955,957
L,956,909
L,956,954
L,957,955
L,957,958
L,958,911
L,958,957
L,959,960
L,959,961
L,960,913
L,960,958
L,961,959
L,961,962
L,962,915
L,962,961
L,963,917
L,963,962
L,964,965
L,964,1008
L,965,964
L,965,966
L,966,965
L,966,968
L,967,968
L,967,969
L,968,924
L,968,966
L,969,967
L,969,970
L,970,925
L,970,969
L,971,972
L,971,973
L,972,927
L,972,970
L,973,971
L,973,974
L,974,929
L,974,973
L,975,976
L,975,977
L,976,931
L,976,974
L,977,975
L,977,978
L,978,933
L,978,977
L,979,980
L,979,981
L,980,935
L,980,978
L,981,979
L,981,982
L,982,937
L,982,981
L,983,984
L,983,985
L,984,939
L,984,982
L,985,983
L,985,986
L,986,941
L,986,985
L,987,988
L,987,989
L,988,943
L,988,986
L,989,987
L,989,990
L,990,945
L,990,989
L,991,992
L,991,993
L,992,947
L,992,990
L,993,991
L,993,994
L,994,949
L,994,993
L,995,996
L,995,997
L,996,951
L,996,994
L,997,995
L,997,998
L,998,953
L,998,997
L,999,1000
L,999,1001
L,1000,955
L,1000,998
L,1001,999
L,1001,1002
L,1002,957
L,1002,1001
L,1003,959
L,1003,1002
L,1004,1005
L,1004,1048
L,1005,1004
L,1005,1006
L,1006,1005
L,1006,1008
L,1007,1008
L,1007,1009
L,1008,964
L,1008,1006
L,1009,1007
L,1009,1010
L,1010,965
L,1010,1009
L,1011,1012
L,1011,1013
L,1012,967
L,1012,1010
L,1013,1011
L,1013,1014
L,1014,969
L,1014,1013
L,1015,1016
L,1015,1017
L,1016,971
L,1016,1014
L,1017,1015
L,1017,1018
L,1018,973
L,1018,1017
L,1019,1020
L,1019,1021
L,1020,975
L,1020,1018
L,1021,1019
L,1023,1024
L,1023,1025
L,1024,979
L,1025,1023
L,1025,1026
L,1026,981
L,1026,1025
L,1027,1028
L,1027,1029
L,1028,983
L,1028,1026
L,1029,1027
L,1029,1030
L,1030,985
L,1030,1029
L,1031,1032
L,1031,1033
L,1032,987
L,1032,1030
L,1033,1031
L,1033,1034
L,1034,989
L,1034,1033
L,1035,1036
L,1035,1037
L,1036,991
L,1036,1034
L,1037,1035
L,1037,1038
L,1038,993
L,1038,1037
L,1039,1040
L,1039,1041
L,1040,995
L,1040,1038
L,1041,1039
L,1041,1042
L,1042,997
L,1042,1041
L,1043,999
L,1043,1042
L,1044,1045
L,1044,1088
L,1045,1044
L,1045,1046
L,1046,1045
L,1046,1048
L,1047,1048
L,1047,1049
L,1048,1004
L,1048,1046
L,1049,1047
L,1049,1050
L,1050,1005
L,1050,1049
L,1051,1052
L,1051,1053
L,1052,1007
L,1052,1050
L,1053,1051
L,1053,1054
L,1054,1009
L,1054,1053
L,1055,1056
L,1055,1057
L,1056,1011
L,1056,1054
L,1057,1055
L,1057,1058
L,1058,1013
L,1058,1057
L,1059,1060
L,1059,1061
L,1060,1015
L,1060,1058
L,1061,1059
L,1061,1062
L,1062,1017
L,1062,1061
L,1063,1064
L,1063,1065
L,1064,1019
L,1064,1062
L,1065,1063
L,1065,1066
L,1066,1021
L,1066,1065
L,1067,1068
L,1067,1069
L,1068,1023
L,1068,1066
L,1069,1067
L,1069,1070
L,1070,1025
L,1070,1069
L,1071,1072
L,1071,1073
L,1072,1027
L,1072,1070
L,1073,1071
L,1073,1074
L,1074,1029
L,1074,1073
L,1075,1076
L,1075,1077
L,1076,1031
L,1076,1074
L,1077,1075
L,1077,1078
L,1078,1033
L,1078,1077
L,1079,1080
L,1079,1081
L,1080,1035
L,1080,1078
L,1081,1079
L,1081,1082
L,1082,1037
L,1082,1081
L,1083,1039
L,1083,1082
L,1084,1085
L,1084,1128
L,1085,1084
L,1085,1086
L,1086,1085
L,1086,1088
L,1087,1088
L,1087,1089
L,1088,1044
L,1088,1086
L,1089,1087
L,1089,1090
L,1090,1045
L,1090,1089
L,1091,1092
L,1091,1093
L,1092,1047
L,1092,1090
L,1093,1091
L,1093,1094
L,1094,1049
L,1094,1093
L,1095,1096
L,1095,1097
L,1096,1051
L,1096,1094
L,1097,1095
L,1097,1098
L,1098,1053
L,1098,1097
L,1099,1100
L,1099,1101
L,1100,1055
L,1100,1098
L,1101,1099
L,1101,1102
L,1102,1057
L,1102,1101
L,1103,1104
L,1104,1059
L,1104,1102
L,1106,1061
L,1107,1108
L,1107,1109
L,1108,1063
L,1108,1106
L,1109,1107
L,1109,1110
L,1110,1065
L,1110,1109
L,1111,1112
L,1111,1113
L,1112,1067
L,1112,1110
L,1113,1111
L,1113,1114
L,1114,1069
L,1114,1113
L,1115,1116
L,1115,1117
L,1116,1071
L,1116,1114
L,1117,1115
L,1119,1120
L,1119,1121
L,1120,1075
L,1121,1119
L,1121,1122
L,1122,1077
L,1122,1121
L,1123,1079
L,1123,1122
L,1124,1125
L,1124,1168
L,1125,1124
L,1125,1126
L,1126,1125
L,1126,1128
L,1127,1128
L,1127,1129
L,1128,1084
L,1128,1126
L,1129,1127
L,1129,1130
L,1130,1085
L,1130,1129
L,1131,1132
L,1132,1087
L,1132,1130
L,1134,1089
L,1135,1136
L,1135,1137
L,1136,1091
L,1136,1134
L,1137,1135
L,1137,1138
L,1138,1093
L,1138,1137
L,1139,1140
L,1139,1141
L,1140,1095
L,1140,1138
L,1141,1139
L,1141,1142
L,1142,1097
L,1142,1141
L,1143,1144
L,1143,1145
L,1144,1099
L,1144,1142
L,1145,1143
L,1145,1146
L,1146,1101
L,1146,1145
L,1147,1148
L,1147,1149
L,1148,1103
L,1148,1146
L,1149,1147
L,1149,1150
L,1150,1149
L,1151,1152
L,1151,1153
L,1152,1107
L,1152,1150
L,1153,1151
L,1153,1154
L,1154,1109
L,1154,1153
L,1155,1156
L,1155,1157
L,1156,1111
L,1156,1154
L,1157,1155
L,1157,1158
L,1158,1113
L,1158,1157
L,1159,1161
L,1161,1159
L,1161,1162
L,1162,1117
L,1162,1161
L,1163,1119
L,1163,1162
L,1164,1165
L,1164,1208
L,1165,1164
L,1165,1166
L,1166,1165
L,1166,1168
L,1167,1168
L,1167,1169
L,1168,1124
L,1168,1166
L,1169,1167
L,1169,1170
L,1170,1125
L,1170,1169
L,1171,1172
L,1171,1173
L,1172,1127
L,1172,1170
L,1173,1171
L,1173,1174
L,1174,1129
L,1174,1173
L,1175,1176
L,1175,1177
L,1176,1131
L,1176,1174
L,1177,1175
L,1177,1178
L,1178,1177
L,1179,1181
L,1181,1179
L,1181,1182
L,1182,1137
L,1182,1181
L,1183,1184
L,1184,1139
L,1184,1182
L,1186,1141
L,1187,1188
L,1187,1189
L,1188,1143
L,1188,1186
L,1189,1187
L,1189,1190
L,1190,1145
L,1190,1189
L,1191,1193
L,1193,1191
L,1193,1194
L,1194,1149
L,1194,1193
L,1195,1196
L,1195,1197
L,1196,1151
L,1196,1194
L,1197,1195
L,1197,1198
L,1198,1153
L,1198,1197
L,1199,1200
L,1199,1201
L,1200,1155
L,1200,1198
L,1201,1199
L,1201,1202
L,1202,1157
L,1202,1201
L,1203,1159
L,1203,1202
L,1204,1205
L,1204,1248
L,1205,1204
L,1205,1206
L,1206,1205
L,1206,1208
L,1207,1208
L,1207,1209
L,1208,1164
L,1208,1206
L,1209,1207
L,1209,1210
L,1210,1165
L,1210,1209
L,1211,1212
L,1211,1213
L,1212,1167
L,1212,1210
L,1213,1211
L,1213,1214
L,1214,1169
L,1214,1213
L,1215,1216
L,1215,1217
L,1216,1171
L,1216,1214
L,1217,1215
L,1217,1218
L,1218,1173
L,1218,1217
L,1219,1220
L,1219,1221
L,1220,1175
L,1220,1218
L,1221,1219
L,1221,1222
L,1222,1177
L,1222,1221
L,1223,1224
L,1223,1225
L,1224,1179
L,1224,1222
L,1225,1223
L,1225,1226
L,1226,1181
L,1226,1225
L,1227,1228
L,1227,1229
L,1228,1183
L,1228,1226
L,1229,1227
L,1229,1230
L,1230,1229
L,1231,1232
L,1231,1233
L,1232,1187
L,1232,1230
L,1233,1231
L,1233,1234
L,1234,1189
L,1234,1233
L,1235,1236
L,1235,1237
L,1236,1191
L,1236,1234
L,1237,1235
L,1237,1238
L,1238,1193
L,1238,1237
L,1239,1240
L,1239,1241
L,1240,1195
L,1240,1238
L,1241,1239
L,1241,1242
L,1242,1197
L,1242,1241
L,1243,1199
L,1243,1242
L,1244,1245
L,1244,1288
L,1245,1244
L,1245,1246
L,1246,1245
L,1246,1248
L,1247,1248
L,1247,1249
L,1248,1204
L,1248,1246
L,1249,1247
L,1249,1250
L,1250,1205
L,1250,1249
L,1251,1252
L,1251,1253
L,1252,1207
L,1252,1250
L,1253,1251
L,1253,1254
L,1254,1209
L,1254,1253
L,1255,1256
L,1255,1257
L,1256,1211
L,1256,1254
L,1257,1255
L,1257,1258
L,1258,1213
L,1258,1257
L,1259,1260
L,1259,1261
L,1260,1215
L,1260,1258
L,1261,1259
L,1261,1262
L,1262,1217
L,1262,1261
L,1263,1264
L,1263,1265
L,1264,1219
L,1264,1262
L,1265,1263
L,1265,1266
L,1266,1221
L,1266,1265
L,1267,1269
L,1269,1267
L,1269,1270
L,1270,1225
L,1270,1269
L,1271,1272
L,1271,1273
L,1272,1227
L,1272,1270
L,1273,1271
L,1273,1274
L,1274,1229
L,1274,1273
L,1275,1276
L,1276,1231
L,1276,1274
L,1278,1233
L,1279,1280
L,1279,1281
L,1280,1235
L,1280,1278
L,1281,1279
L,1281,1282
L,1282,1237
L,1282,1281
L,1283,1239
L,1283,1282
L,1284,1285
L,1284,1328
L,1285,1284
L,1285,1286
L,1286,1285
L,1286,1288
L,1287,1288
L,1287,1289
L,1288,1244
L,1288,1286
L,1289,1287
L,1289,1290
L,1290,1245
L,1290,1289
L,1291,1292
L,1291,1293
L,1292,1247
L,1292,1290
L,1293,1291
L,1293,1294
L,1294,1249
L,1294,1293
L,1295,1296
L,1295,1297
L,1296,1251
L,1296,1294
L,1297,1295
L,1297,1298
L,1298,1253
L,1298,1297
L,1299,1300
L,1299,1301
L,1300,1255
L,1300,1298
L,1301,1299
L,1301,1302
L,1302,1257
L,1302,1301
L,1303,1304
L,1303,1305
L,1304,1259
L,1304,1302
L,1305,1303
L,1305,1306
L,1306,1261
L,1306,1305
L,1307,1308
L,1307,1309
L,1308,1263
L,1308,1306
L,1309,1307
L,1309,1310
L,1310,1265
L,1310,1309
L,1311,1312
L,1311,1313
L,1312,1267
L,1312,1310
L,1313,1311
L,1313,1314
L,1314,1269
L,1314,1313
L,1315,1316
L,1315,1317
L,1316,1271
L,1316,1314
L,1317,1315
L,1317,1318
L,1318,1273
L,1318,1317
L,1319,1320
L,1320,1275
L,1320,1318
L,1323,1279
L,1323,1322
L,1324,1325
L,1324,1368
L,1325,1324
L,1325,1326
L,1326,1325
L,1326,1328
L,1327,1328
L,1327,1329
L,1328,1284
L,1328,1326
L,1329,1327
L,1329,1330
L,1330,1285
L,1330,1329
L,1331,1332
L,1331,1333
L,1332,1287
L,1332,1330
L,1333,1331
L,1333,1334
L,1334,1289
L,1334,1333
L,1335,1336
L,1335,1337
L,1336,1291
L,1336,1334
L,1337,1335
L,1337,1338
L,1338,1293
L,1338,1337
L,1339,1340
L,1339,1341
L,1340,1295
L,1340,1338
L,1341,1339
L,1341,1342
L,1342,1297
L,1342,1341
L,1343,1344
L,1343,1345
L,1344,1299
L,1344,1342
L,1345,1343
L,1345,1346
L,1346,1301
L,1346,1345
L,1347,1348
L,1347,1349
L,1348,1303
L,1348,1346
L,1349,1347
L,1349,1350
L,1350,1305
L,1350,1349
L,1351,1352
L,1351,1353
L,1352,1307
L,1352,1350
L,1353,1351
L,1353,1354
L,1354,1309
L,1354,1353
L,1355,1356
L,1355,1357
L,1356,1311
L,1356,1354
L,1357,1355
L,1357,1358
L,1358,1313
L,1358,1357
L,1359,1360
L,1359,1361
L,1360,1315
L,1360,1358
L,1361,1359
L,1361,1362
L,1362,1317
L,1362,1361
L,1364,1365
L,1364,1409
L,1365,1364
L,1365,1366
L,1366,1365
L,1366,1368
L,1367,1368
L,1367,1369
L,1368,1324
L,1368,1366
L,1369,1367
L,1369,1370
L,1370,1325
L,1370,1369
L,1371,1372
L,1371,1373
L,1372,1327
L,1372,1370
L,1373,1371
L,1373,1374
L,1374,1329
L,1374,1373
L,1375,1376
L,1375,1377
L,1376,1331
L,1376,1374
L,1377,1375
L,1377,1378
L,1378,1333
L,1378,1377
L,1379,1380
L,1379,1381
L,1380,1335
L,1380,1378
L,1381,1379
L,1381,1382
L,1382,1337
L,1382,1381
L,1383,1384
L,1383,1385
L,1384,1339
L,1384,1382
L,1385,1383
L,1385,1386
L,1386,1341
L,1386,1385
L,1387,1388
L,1387,1389
L,1388,1343
L,1388,1386
L,1389,1387
L,1389,1390
L,1390,1345
L,1390,1389
L,1391,1392
L,1391,1393
L,1392,1347
L,1392,1390
L,1393,1391
L,1393,1394
L,1394,1349
L,1394,1393
L,1395,1396
L,1395,1397
L,1396,1351
L,1396,1394
L,1397,1395
L,1397,1398
L,1398,1353
L,1398,1397
L,1399,1400
L,1399,1401
L,1400,1355
L,1400,1398
L,1401,1399
L,1401,1402
L,1402,1357
L,1402,1401
L,1403,1404
L,1404,1359
L,1404,1402
L,1405,1406
L,1405,1450
L,1406,1405
L,1406,1407
L,1407,1406
L,1407,1409
L,1408,1409
L,1408,1410
L,1409,1364
L,1409,1407
L,1410,1408
L,1410,1411
L,1411,1365
L,1411,1410
L,1412,1413
L,1412,1414
L,1413,1367
L,1413,1411
L,1414,1412
L,1414,1415
L,1415,1369
L,1415,1414
L,1416,1417
L,1416,1418
L,1417,1371
L,1417,1415
L,1418,1416
L,1418,1419
L,1419,1373
L,1419,1418
L,1420,1421
L,1420,1422
L,1421,1375
L,1421,1419
L,1422,1420
L,1422,1423
L,1423,1377
L,1423,1422
L,1424,1425
L,1424,1426
L,1425,1379
L,1425,1423
L,1426,1424
L,1426,1427
L,1427,1381
L,1427,1426
L,1428,1429
L,1428,1430
L,1429,1383
L,1429,1427
L,1430,1428
L,1430,1431
L,1431,1385
L,1431,1430
L,1432,1433
L,1432,1434
L,1433,1387
L,1433,1431
L,1434,1432
L,1434,1435
L,1435,1389
L,1435,1434
L,1436,1437
L,1436,1438
L,1437,1391
L,1437,1435
L,1438,1436
L,1438,1439
L,1439,1393
L,1439,1438
L,1440,1441
L,1440,1442
L,1441,1395
L,1441,1439
L,1442,1440
L,1442,1443
L,1443,1397
L,1443,1442
L,1444,1399
L,1444,1443
L,1445,1401
L,1446,1447
L,1446,1488
L,1447,1446
L,1447,1448
L,1448,1447
L,1448,1450
L,1449,1450
L,1449,1451
L,1450,1405
L,1450,1448
L,1451,1449
L,1451,1452
L,1452,1406
L,1452,1451
L,1453,1454
L,1453,1455
L,1454,1408
L,1454,1452
L,1455,1453
L,1455,1456
L,1456,1410
L,1456,1455
L,1457,1458
L,1457,1459
L,1458,1412
L,1458,1456
L,1459,1457
L,1459,1460
L,1460,1414
L,1460,1459
L,1461,1462
L,1461,1463
L,1462,1416
L,1462,1460
L,1463,1461
L,1463,1464
L,1464,1418
L,1464,1463
L,1465,1466
L,1465,1467
L,1466,1420
L,1466,1464
L,1467,1465
L,1467,1468
L,1468,1422
L,1468,1467
L,1469,1470
L,1469,1471
L,1470,1424
L,1470,1468
L,1471,1469
L,1471,1472
L,1472,1426
L,1472,1471
L,1473,1474
L,1473,1475
L,1474,1428
L,1474,1472
L,1475,1473
L,1475,1476
L,1476,1430
L,1476,1475
L,1477,1478
L,1477,1479
L,1478,1432
L,1478,1476
L,1479,1477
L,1479,1480
L,1480,1434
L,1480,1479
L,1481,1482
L,1481,1483
L,1482,1436
L,1482,1480
L,1483,1481
L,1483,1484
L,1484,1438
L,1484,1483
L,1485,1440
L,1485,1484
L,1486,1488
L,1487,1488
L,1487,1489
L,1488,1446
L,1488,1486
L,1489,1487
L,1489,1490
L,1490,1447
L,1490,1489
L,1491,1492
L,1491,1493
L,1492,1449
L,1492,1490
L,1493,1491
L,1493,1494
L,1494,1451
L,1494,1493
L,1495,1496
L,1495,1497
L,1496,1453
L,1496,1494
L,1497,1495
L,1497,1498
L,1498,1455
L,1498,1497
L,1499,1500
L,1499,1501
L,1500,1457
L,1500,1498
L,1501,1499
L,1501,1502
L,1502,1459
L,1502,1501
L,1503,1505
L,1505,1503
L,1505,1506
L,1506,1463
L,1506,1505
L,1507,1508
L,1507,1509
L,1508,1465
L,1508,1506
L,1509,1507
L,1509,1510
L,1510,1467
L,1510,1509
L,1511,1512
L,1511,1513
L,1512,1469
L,1512,1510
L,1513,1511
L,1513,1514
L,1514,1471
L,1514,1513
L,1515,1517
L,1517,1515
L,1517,1518
L,1518,1475
L,1518,1517
L,1519,1520
L,1519,1521
L,1520,1477
L,1520,1518
L,1521,1519
L,1521,1522
L,1522,1479
L,1522,1521
L,1523,1481
L,1523,1522
L,1524,1525
L,1524,1526
L,1525,1487
L,1525,1524
L,1526,1524
L,1526,1527
L,1527,1489
L,1527,1526
L,1528,1529
L,1528,1530
L,1529,1491
L,1529,1527
L,1530,1528
L,1530,1531
L,1531,1493
L,1531,1530
L,1532,1533
L,1532,1534
L,1533,1495
L,1533,1531
L,1534,1532
L,1534,1535
L,1535,1497
L,1535,1534
L,1536,1537
L,1536,1538
L,1537,1499
L,1537,1535
L,1538,1536
L,1538,1539
L,1539,1501
L,1539,1538
L,1540,1541
L,1540,1542
L,1541,1503
L,1541,1539
L,1542,1540
L,1542,1543
L,1543,1505
L,1543,1542
L,1544,1545
L,1544,1546
L,1545,1507
L,1545,1543
L,1546,1544
L,1546,1547
L,1547,1509
L,1547,1546
L,1548,1549
L,1548,1550
L,1549,1511
L,1549,1547
L,1550,1548
L,1550,1551
L,1551,1513
L,1551,1550
L,1552,1553
L,1552,1554
L,1553,1515
L,1553,1551
L,1554,1552
L,1554,1555
L,1555,1517
L,1555,1554
L,1556,1519
L,1556,1555
L,1557,1558
L,1557,1584
L,1558,1526
L,1558,1557
L,1559,1560
L,1559,1561
L,1560,1528
L,1560,1558
L,1561,1559
L,1561,1562
L,1562,1530
L,1562,1561
L,1563,1564
L,1563,1565
L,1564,1532
L,1564,1562
L,1565,1563
L,1565,1566
L,1566,1534
L,1566,1565
L,1567,1568
L,1568,1536
L,1568,1566
L,1570,1538
L,1571,1572
L,1571,1573
L,1572,1540
L,1572,1570
L,1573,1571
L,1573,1574
L,1574,1542
L,1574,1573
L,1576,1544
L,1576,1574
L,1577,1578
L,1578,1546
L,1578,1577
L,1579,1580
L,1579,1581
L,1580,1548
L,1580,1578
L,1581,1579
L,1581,1582
L,1582,1550
L,1582,1581
L,1583,1552
L,1583,1582
L,1584,1557
L,1584,1586
L,1585,1586
L,1585,1587
L,1586,1559
L,1586,1584
L,1587,1585
L,1587,1588
L,1588,1561
L,1588,1587
L,1589,1590
L,1589,1591
L,1590,1563
L,1590,1588
L,1591,1589
L,1591,1592
L,1592,1565
L,1592,1591
L,1593,1594
L,1593,1595
L,1594,1567
L,1594,1592
L,1595,1593
L,1595,1596
L,1596,1595
L,1597,1598
L,1597,1599
L,1598,1571
L,1598,1596
L,1599,1597
L,1599,1600
L,1600,1573
L,1600,1599
L,1601,1602
L,1601,1603
L,1602,1600
L,1603,1601
L,1603,1604
L,1604,1577
L,1604,1603
L,1605,1606
L,1606,1579
L,1606,1604
L,1607,1581
L,1609,1585
L,1610,1611
L,1611,1587
L,1611,1610
L,1612,1613
L,1612,1614
L,1613,1589
L,1613,1611
L,1614,1612
L,1614,1615
L,1615,1591
L,1615,1614
L,1616,1617
L,1616,1618
L,1617,1593
L,1617,1615
L,1618,1616
L,1618,1619
L,1619,1595
L,1619,1618
L,1620,1621
L,1620,1622
L,1621,1597
L,1621,1619
L,1622,1620
L,1622,1623
L,1623,1599
L,1623,1622
L,1624,1601
L,1624,1623
L,1625,1603
L,1626,1627
L,1626,1639
L,1627,1610
L,1627,1626
L,1628,1629
L,1628,1630
L,1629,1612
L,1629,1627
L,1630,1628
L,1630,1631
L,1631,1614
L,1631,1630
L,1632,1633
L,1632,1634
L,1633,1616
L,1633,1631
L,1634,1632
L,1634,1635
L,1635,1618
L,1635,1634
L,1636,1637
L,1637,1620
L,1637,1635
L,1638,1622
L,1639,1626
L,1639,1641
L,1641,1628
L,1641,1639
L,1642,1643
L,1643,1630
L,1643,1642
L,1644,1645
L,1645,1632
L,1645,1643
L,1646,1634
L,1647,1648
L,1648,1647
L,1649,1642
