/PREP7
N,1,0.0,199.816,0.0
N,2,0.341,190.949,0.0
N,3,0.683,192.328,0.0
N,4,1.365,195.087,0.0
N,5,0.0,194.693,0.0
N,6,1.707,196.466,0.0
N,7,0.683,197.451,0.0
N,8,2.389,199.225,0.0
N,9,1.024,198.831,0.0
N,10,0.0,179.322,0.0
N,11,0.683,182.081,0.0
N,12,1.024,183.46,0.0
N,13,0.0,184.446,0.0
N,14,1.707,186.219,0.0
N,15,0.341,185.825,0.0
N,16,2.048,187.599,0.0
N,17,1.024,188.584,0.0
N,18,2.731,190.357,0.0
N,19,1.365,189.963,0.0
N,20,3.072,191.737,0.0
N,21,2.048,192.722,0.0
N,22,3.754,194.496,0.0
N,24,4.096,195.875,0.0
N,25,3.072,196.86,0.0
N,26,4.778,198.634,0.0
N,27,3.413,198.24,0.0
N,28,5.12,200.013,0.0
N,29,0.0,169.075,0.0
N,30,0.341,170.455,0.0
N,31,1.024,173.213,0.0
N,32,1.365,174.593,0.0
N,33,0.341,175.578,0.0
N,34,2.048,177.352,0.0
N,35,0.683,176.957,0.0
N,36,2.389,178.731,0.0
N,37,1.365,179.716,0.0
N,38,3.072,181.49,0.0
N,39,1.707,181.096,0.0
N,40,3.413,182.869,0.0
N,41,2.389,183.854,0.0
N,42,4.096,185.628,0.0
N,43,2.731,185.234,0.0
N,44,4.437,187.007,0.0
N,45,3.413,187.993,0.0
N,46,5.12,189.766,0.0
N,47,3.754,189.372,0.0
N,48,5.461,191.146,0.0
N,49,4.437,192.131,0.0
N,50,6.144,193.904,0.0
N,51,4.778,193.51,0.0
N,52,6.485,195.284,0.0
N,53,5.461,196.269,0.0
N,54,7.168,198.043,0.0
N,55,5.802,197.648,0.0
N,56,7.509,199.422,0.0
N,57,0.341,160.208,0.0
N,58,0.683,161.587,0.0
N,59,1.365,164.346,0.0
N,60,0.0,163.952,0.0
N,61,1.707,165.725,0.0
N,62,0.683,166.71,0.0
N,63,2.389,168.484,0.0
N,64,1.024,168.09,0.0
N,65,2.731,169.863,0.0
N,66,1.707,170.849,0.0
N,67,3.413,172.622,0.0
N,68,2.048,172.228,0.0
N,69,3.754,174.002,0.0
N,70,2.731,174.987,0.0
N,71,4.437,176.76,0.0
N,72,3.072,176.366,0.0
N,73,4.778,178.14,0.0
N,74,3.754,179.125,0.0
N,75,5.461,180.899,0.0
N,76,4.096,180.505,0.0
N,77,5.802,182.278,0.0
N,78,4.778,183.263,0.0
N,80,5.12,184.643,0.0
N,81,6.826,186.416,0.0
N,82,5.802,187.401,0.0
N,83,7.509,189.175,0.0
N,84,6.144,188.781,0.0
N,85,7.85,190.554,0.0
N,86,6.826,191.54,0.0
N,87,8.533,193.313,0.0
N,88,7.168,192.919,0.0
N,89,8.874,194.693,0.0
N,90,7.85,195.678,0.0
N,91,9.557,197.451,0.0
N,92,8.192,197.057,0.0
N,93,9.898,198.831,0.0
N,94,8.874,199.816,0.0
N,95,0.0,148.581,0.0
N,96,0.683,151.34,0.0
N,97,1.024,152.719,0.0
N,98,0.0,153.705,0.0
N,99,1.707,155.478,0.0
N,100,0.341,155.084,0.0
N,101,2.048,156.858,0.0
N,102,1.024,157.843,0.0
N,103,2.731,159.616,0.0
N,104,1.365,159.222,0.0
N,106,2.048,161.981,0.0
N,107,3.754,163.755,0.0
N,108,2.389,163.361,0.0
N,109,4.096,165.134,0.0
N,110,3.072,166.119,0.0
N,111,4.778,167.893,0.0
N,112,3.413,167.499,0.0
N,113,5.12,169.272,0.0
N,114,4.096,170.258,0.0
N,115,5.802,172.031,0.0
N,116,4.437,171.637,0.0
N,117,6.144,173.41,0.0
N,118,5.12,174.396,0.0
N,119,6.826,176.169,0.0
N,120,5.461,175.775,0.0
N,121,7.168,177.549,0.0
N,122,6.144,178.534,0.0
N,123,7.85,180.307,0.0
N,124,6.485,179.913,0.0
N,125,8.192,181.687,0.0
N,126,7.168,182.672,0.0
N,127,8.874,184.446,0.0
N,128,7.509,184.052,0.0
N,129,9.215,185.825,0.0
N,130,8.192,186.81,0.0
N,131,9.898,188.584,0.0
N,132,8.533,188.19,0.0
N,133,10.239,189.963,0.0
N,134,9.215,190.949,0.0
N,135,10.922,192.722,0.0
N,136,9.557,192.328,0.0
N,137,11.263,194.101,0.0
N,138,10.239,195.087,0.0
N,139,11.946,196.86,0.0
N,140,10.581,196.466,0.0
N,141,12.287,198.24,0.0
N,142,11.263,199.225,0.0
N,143,0.0,138.334,0.0
N,144,0.341,139.714,0.0
N,145,1.024,142.472,0.0
N,146,1.365,143.852,0.0
N,147,0.341,144.837,0.0
N,148,2.048,146.611,0.0
N,149,0.683,146.217,0.0
N,150,2.389,147.99,0.0
N,151,1.365,148.975,0.0
N,152,3.072,150.749,0.0
N,153,1.707,150.355,0.0
N,154,3.413,152.128,0.0
N,155,2.389,153.114,0.0
N,156,4.096,154.887,0.0
N,157,2.731,154.493,0.0
N,158,4.437,156.266,0.0
N,159,3.413,157.252,0.0
N,160,5.12,159.025,0.0
N,161,3.754,158.631,0.0
N,162,5.461,160.405,0.0
N,163,4.437,161.39,0.0
N,164,6.144,163.163,0.0
N,165,4.778,162.769,0.0
N,166,6.485,164.543,0.0
N,167,5.461,165.528,0.0
N,168,7.168,167.302,0.0
N,169,5.802,166.908,0.0
N,170,7.509,168.681,0.0
N,171,6.485,169.666,0.0
N,172,8.192,171.44,0.0
N,173,6.826,171.046,0.0
N,174,8.533,172.819,0.0
N,175,7.509,173.805,0.0
N,176,9.215,175.578,0.0
N,177,7.85,175.184,0.0
N,178,9.557,176.957,0.0
N,179,8.533,177.943,0.0
N,180,10.239,179.716,0.0
N,181,8.874,179.322,0.0
N,182,10.581,181.096,0.0
N,183,9.557,182.081,0.0
N,184,11.263,183.854,0.0
N,185,9.898,183.46,0.0
N,186,11.605,185.234,0.0
N,187,10.581,186.219,0.0
N,188,12.287,187.993,0.0
N,189,10.922,187.599,0.0
N,190,12.629,189.372,0.0
N,191,11.605,190.357,0.0
N,192,13.311,192.131,0.0
N,193,11.946,191.737,0.0
N,194,13.653,193.51,0.0
N,195,12.629,194.496,0.0
N,196,14.335,196.269,0.0
N,197,12.97,195.875,0.0
N,198,14.676,197.648,0.0
N,200,13.994,200.013,0.0
N,201,0.341,129.467,0.0
N,202,0.683,130.846,0.0
N,203,1.365,133.605,0.0
N,204,0.0,133.211,0.0
N,205,1.707,134.984,0.0
N,206,0.683,135.97,0.0
N,207,2.389,137.743,0.0
N,208,1.024,137.349,0.0
N,209,2.731,139.122,0.0
N,210,1.707,140.108,0.0
N,211,3.413,141.881,0.0
N,212,2.048,141.487,0.0
N,213,3.754,143.261,0.0
N,214,2.731,144.246,0.0
N,215,4.437,146.019,0.0
N,216,3.072,145.625,0.0
N,217,4.778,147.399,0.0
N,218,3.754,148.384,0.0
N,219,5.461,150.158,0.0
N,220,4.096,149.764,0.0
N,221,5.802,151.537,0.0
N,222,4.778,152.522,0.0
N,223,6.485,154.296,0.0
N,224,5.12,153.902,0.0
N,225,6.826,155.675,0.0
N,226,5.802,156.661,0.0
N,227,7.509,158.434,0.0
N,228,6.144,158.04,0.0
N,230,6.826,160.799,0.0
N,231,8.533,162.572,0.0
N,232,7.168,162.178,0.0
N,233,8.874,163.952,0.0
N,234,7.85,164.937,0.0
N,235,9.557,166.71,0.0
N,236,8.192,166.316,0.0
N,237,9.898,168.09,0.0
N,238,8.874,169.075,0.0
N,239,10.581,170.849,0.0
N,240,9.215,170.455,0.0
N,241,10.922,172.228,0.0
N,242,9.898,173.213,0.0
N,243,11.605,174.987,0.0
N,244,10.239,174.593,0.0
N,245,11.946,176.366,0.0
N,246,10.922,177.352,0.0
N,247,12.629,179.125,0.0
N,248,11.263,178.731,0.0
N,249,12.97,180.505,0.0
N,250,11.946,181.49,0.0
N,251,13.653,183.263,0.0
N,252,12.287,182.869,0.0
N,253,13.994,184.643,0.0
N,254,12.97,185.628,0.0
N,255,14.676,187.401,0.0
N,256,13.311,187.007,0.0
N,257,15.018,188.781,0.0
N,258,13.994,189.766,0.0
N,259,15.7,191.54,0.0
N,261,16.042,192.919,0.0
N,262,15.018,193.904,0.0
N,263,16.724,195.678,0.0
N,264,15.359,195.284,0.0
N,265,17.066,197.057,0.0
N,266,16.042,198.043,0.0
N,267,16.383,199.422,0.0
N,268,0.0,117.84,0.0
N,269,0.683,120.599,0.0
N,270,1.024,121.978,0.0
N,271,0.0,122.964,0.0
N,272,1.707,124.737,0.0
N,273,0.341,124.343,0.0
N,274,2.048,126.117,0.0
N,275,1.024,127.102,0.0
N,276,2.731,128.875,0.0
N,277,1.365,128.481,0.0
N,278,3.072,130.255,0.0
N,279,2.048,131.24,0.0
N,280,3.754,133.014,0.0
N,281,2.389,132.62,0.0
N,282,4.096,134.393,0.0
N,283,3.072,135.378,0.0
N,284,4.778,137.152,0.0
N,285,3.413,136.758,0.0
N,286,5.12,138.531,0.0
N,287,4.096,139.517,0.0
N,288,5.802,141.29,0.0
N,289,4.437,140.896,0.0
N,290,6.144,142.669,0.0
N,291,5.12,143.655,0.0
N,292,6.826,145.428,0.0
N,293,5.461,145.034,0.0
N,294,7.168,146.808,0.0
N,295,6.144,147.793,0.0
N,296,7.85,149.567,0.0
N,297,6.485,149.172,0.0
N,298,8.192,150.946,0.0
N,299,7.168,151.931,0.0
N,300,8.874,153.705,0.0
N,301,7.509,153.311,0.0
N,302,9.215,155.084,0.0
N,303,8.192,156.069,0.0
N,304,9.898,157.843,0.0
N,305,8.533,157.449,0.0
N,306,10.239,159.222,0.0
N,307,9.215,160.208,0.0
N,308,10.922,161.981,0.0
N,309,9.557,161.587,0.0
N,311,10.239,164.346,0.0
N,312,11.946,166.119,0.0
N,313,10.581,165.725,0.0
N,314,12.287,167.499,0.0
N,315,11.263,168.484,0.0
N,316,12.97,170.258,0.0
N,317,11.605,169.863,0.0
N,318,13.311,171.637,0.0
N,319,12.287,172.622,0.0
N,320,13.994,174.396,0.0
N,321,12.629,174.002,0.0
N,322,14.335,175.775,0.0
N,323,13.311,176.76,0.0
N,324,15.018,178.534,0.0
N,325,13.653,178.14,0.0
N,326,15.359,179.913,0.0
N,327,14.335,180.899,0.0
N,328,16.042,182.672,0.0
N,329,14.676,182.278,0.0
N,330,16.383,184.052,0.0
N,331,15.359,185.037,0.0
N,332,17.066,186.81,0.0
N,333,15.7,186.416,0.0
N,334,17.407,188.19,0.0
N,335,16.383,189.175,0.0
N,336,16.724,190.554,0.0
N,337,17.407,193.313,0.0
N,338,0.0,107.593,0.0
N,339,0.341,108.973,0.0
N,340,1.024,111.732,0.0
N,341,1.365,113.111,0.0
N,342,0.341,114.096,0.0
N,343,2.048,115.87,0.0
N,344,0.683,115.476,0.0
N,345,2.389,117.249,0.0
N,346,1.365,118.234,0.0
N,347,3.072,120.008,0.0
N,348,1.707,119.614,0.0
N,349,3.413,121.387,0.0
N,350,2.389,122.373,0.0
N,351,4.096,124.146,0.0
N,352,2.731,123.752,0.0
N,353,4.437,125.526,0.0
N,354,3.413,126.511,0.0
N,355,5.12,128.284,0.0
N,356,3.754,127.89,0.0
N,357,5.461,129.664,0.0
N,358,4.437,130.649,0.0
N,359,6.144,132.423,0.0
N,360,4.778,132.028,0.0
N,361,6.485,133.802,0.0
N,362,5.461,134.787,0.0
N,363,7.168,136.561,0.0
N,364,5.802,136.167,0.0
N,365,7.509,137.94,0.0
N,366,6.485,138.925,0.0
N,367,8.192,140.699,0.0
N,368,6.826,140.305,0.0
N,369,8.533,142.078,0.0
N,370,7.509,143.064,0.0
N,371,9.215,144.837,0.0
N,372,7.85,144.443,0.0
N,373,9.557,146.217,0.0
N,374,8.533,147.202,0.0
N,375,10.239,148.975,0.0
N,376,8.874,148.581,0.0
N,377,10.581,150.355,0.0
N,378,9.557,151.34,0.0
N,379,11.263,153.114,0.0
N,380,9.898,152.719,0.0
N,381,11.605,154.493,0.0
N,382,10.581,155.478,0.0
N,383,12.287,157.252,0.0
N,384,10.922,156.858,0.0
N,385,12.629,158.631,0.0
N,386,11.605,159.616,0.0
N,387,13.311,161.39,0.0
N,388,11.946,160.996,0.0
N,389,13.653,162.769,0.0
N,390,12.629,163.755,0.0
N,391,14.335,165.528,0.0
N,392,12.97,165.134,0.0
N,393,14.676,166.908,0.0
N,394,13.653,167.893,0.0
N,395,15.359,169.666,0.0
N,396,13.994,169.272,0.0
N,397,15.7,171.046,0.0
N,398,14.676,172.031,0.0
N,399,16.383,173.805,0.0
N,400,15.018,173.41,0.0
N,401,16.724,175.184,0.0
N,402,15.7,176.169,0.0
N,403,17.407,177.943,0.0
N,404,16.042,177.549,0.0
N,405,16.724,180.307,0.0
N,406,17.066,181.687,0.0
N,407,0.341,98.726,0.0
N,408,0.683,100.105,0.0
N,409,1.365,102.864,0.0
N,410,0.0,102.47,0.0
N,411,1.707,104.243,0.0
N,412,0.683,105.229,0.0
N,413,2.389,107.002,0.0
N,414,1.024,106.608,0.0
N,415,2.731,108.382,0.0
N,416,1.707,109.367,0.0
N,417,3.413,111.14,0.0
N,418,2.048,110.746,0.0
N,419,3.754,112.52,0.0
N,420,2.731,113.505,0.0
N,421,4.437,115.279,0.0
N,422,3.072,114.884,0.0
N,423,4.778,116.658,0.0
N,424,3.754,117.643,0.0
N,425,5.461,119.417,0.0
N,426,4.096,119.023,0.0
N,427,5.802,120.796,0.0
N,428,4.778,121.781,0.0
N,429,6.485,123.555,0.0
N,430,5.12,123.161,0.0
N,431,6.826,124.934,0.0
N,432,5.802,125.92,0.0
N,433,7.509,127.693,0.0
N,434,6.144,127.299,0.0
N,435,7.85,129.073,0.0
N,436,6.826,130.058,0.0
N,437,8.533,131.831,0.0
N,438,7.168,131.437,0.0
N,439,8.874,133.211,0.0
N,440,7.85,134.196,0.0
N,441,9.557,135.97,0.0
N,442,8.192,135.575,0.0
N,443,9.898,137.349,0.0
N,444,8.874,138.334,0.0
N,445,10.581,140.108,0.0
N,446,9.215,139.714,0.0
N,447,10.922,141.487,0.0
N,448,9.898,142.472,0.0
N,449,11.605,144.246,0.0
N,450,10.239,143.852,0.0
N,451,11.946,145.625,0.0
N,452,10.922,146.611,0.0
N,453,12.629,148.384,0.0
N,454,11.263,147.99,0.0
N,455,12.97,149.764,0.0
N,456,11.946,150.749,0.0
N,457,13.653,152.522,0.0
N,458,12.287,152.128,0.0
N,459,13.994,153.902,0.0
N,460,12.97,154.887,0.0
N,461,14.676,156.661,0.0
N,462,13.311,156.266,0.0
N,463,15.018,158.04,0.0
N,464,13.994,159.025,0.0
N,465,15.7,160.799,0.0
N,466,14.335,160.405,0.0
N,467,16.042,162.178,0.0
N,468,15.018,163.163,0.0
N,469,16.724,164.937,0.0
N,470,15.359,164.543,0.0
N,471,17.066,166.316,0.0
N,472,16.042,167.302,0.0
N,473,16.383,168.681,0.0
N,474,17.066,171.44,0.0
N,475,17.407,172.819,0.0
N,476,0.0,87.099,0.0
N,477,0.683,89.858,0.0
N,478,1.024,91.238,0.0
N,479,0.0,92.223,0.0
N,480,1.707,93.996,0.0
N,481,0.341,93.602,0.0
N,482,2.048,95.376,0.0
N,483,1.024,96.361,0.0
N,484,2.731,98.135,0.0
N,485,1.365,97.74,0.0
N,486,3.072,99.514,0.0
N,487,2.048,100.499,0.0
N,488,3.754,102.273,0.0
N,490,4.096,103.652,0.0
N,491,3.072,104.637,0.0
N,492,4.778,106.411,0.0
N,493,3.413,106.017,0.0
N,494,5.12,107.79,0.0
N,495,4.096,108.776,0.0
N,496,5.802,110.549,0.0
N,497,4.437,110.155,0.0
N,498,6.144,111.929,0.0
N,499,5.12,112.914,0.0
N,500,6.826,114.687,0.0
N,501,5.461,114.293,0.0
N,502,7.168,116.067,0.0
N,503,6.144,117.052,0.0
N,504,7.85,118.826,0.0
N,505,6.485,118.431,0.0
N,506,8.192,120.205,0.0
N,507,7.168,121.19,0.0
N,508,8.874,122.964,0.0
N,509,7.509,122.57,0.0
N,510,9.215,124.343,0.0
N,511,8.192,125.328,0.0
N,512,9.898,127.102,0.0
N,513,8.533,126.708,0.0
N,514,10.239,128.481,0.0
N,515,9.215,129.467,0.0
N,516,10.922,131.24,0.0
N,517,9.557,130.846,0.0
N,518,11.263,132.62,0.0
N,519,10.239,133.605,0.0
N,520,11.946,135.378,0.0
N,521,10.581,134.984,0.0
N,522,12.287,136.758,0.0
N,523,11.263,137.743,0.0
N,524,12.97,139.517,0.0
N,525,11.605,139.122,0.0
N,526,13.311,140.896,0.0
N,527,12.287,141.881,0.0
N,528,13.994,143.655,0.0
N,529,12.629,143.261,0.0
N,530,14.335,145.034,0.0
N,531,13.311,146.019,0.0
N,532,15.018,147.793,0.0
N,533,13.653,147.399,0.0
N,534,15.359,149.172,0.0
N,535,14.335,150.158,0.0
N,536,16.042,151.931,0.0
N,537,14.676,151.537,0.0
N,538,16.383,153.311,0.0
N,539,15.359,154.296,0.0
N,540,17.066,156.069,0.0
N,541,15.7,155.675,0.0
N,542,17.407,157.449,0.0
N,543,16.383,158.434,0.0
N,545,17.407,162.572,0.0
N,546,0.0,76.852,0.0
N,547,0.341,78.232,0.0
N,548,1.024,80.991,0.0
N,549,1.365,82.37,0.0
N,550,0.341,83.355,0.0
N,551,2.048,85.129,0.0
N,552,0.683,84.735,0.0
N,553,2.389,86.508,0.0
N,554,1.365,87.493,0.0
N,555,3.072,89.267,0.0
N,556,1.707,88.873,0.0
N,557,3.413,90.646,0.0
N,558,2.389,91.632,0.0
N,559,4.096,93.405,0.0
N,560,2.731,93.011,0.0
N,561,4.437,94.785,0.0
N,562,3.413,95.77,0.0
N,563,5.12,97.543,0.0
N,564,3.754,97.149,0.0
N,565,5.461,98.923,0.0
N,566,4.437,99.908,0.0
N,567,6.144,101.682,0.0
N,568,4.778,101.287,0.0
N,569,6.485,103.061,0.0
N,570,5.461,104.046,0.0
N,571,7.168,105.82,0.0
N,572,5.802,105.426,0.0
N,573,7.509,107.199,0.0
N,574,6.485,108.184,0.0
N,575,8.192,109.958,0.0
N,576,6.826,109.564,0.0
N,577,8.533,111.337,0.0
N,579,9.215,114.096,0.0
N,580,7.85,113.702,0.0
N,581,9.557,115.476,0.0
N,582,8.533,116.461,0.0
N,583,10.239,118.234,0.0
N,584,8.874,117.84,0.0
N,585,10.581,119.614,0.0
N,586,9.557,120.599,0.0
N,587,11.263,122.373,0.0
N,588,9.898,121.978,0.0
N,589,11.605,123.752,0.0
N,590,10.581,124.737,0.0
N,591,12.287,126.511,0.0
N,592,10.922,126.117,0.0
N,593,12.629,127.89,0.0
N,594,11.605,128.875,0.0
N,595,13.311,130.649,0.0
N,596,11.946,130.255,0.0
N,597,13.653,132.028,0.0
N,598,12.629,133.014,0.0
N,599,14.335,134.787,0.0
N,601,14.676,136.167,0.0
N,602,13.653,137.152,0.0
N,603,15.359,138.925,0.0
N,604,13.994,138.531,0.0
N,605,15.7,140.305,0.0
N,606,14.676,141.29,0.0
N,607,16.383,143.064,0.0
N,608,15.018,142.669,0.0
N,609,16.724,144.443,0.0
N,610,15.7,145.428,0.0
N,611,17.407,147.202,0.0
N,612,16.042,146.808,0.0
N,613,16.724,149.567,0.0
N,614,17.066,150.946,0.0
N,615,0.341,67.985,0.0
N,616,0.683,69.364,0.0
N,617,1.365,72.123,0.0
N,618,0.0,71.729,0.0
N,619,1.707,73.502,0.0
N,620,0.683,74.488,0.0
N,621,2.389,76.261,0.0
N,622,1.024,75.867,0.0
N,623,2.731,77.641,0.0
N,624,1.707,78.626,0.0
N,625,3.413,80.399,0.0
N,626,2.048,80.005,0.0
N,627,3.754,81.779,0.0
N,628,2.731,82.764,0.0
N,629,4.437,84.538,0.0
N,630,3.072,84.143,0.0
N,631,4.778,85.917,0.0
N,632,3.754,86.902,0.0
N,633,5.461,88.676,0.0
N,634,4.096,88.282,0.0
N,635,5.802,90.055,0.0
N,636,4.778,91.04,0.0
N,637,6.485,92.814,0.0
N,638,5.12,92.42,0.0
N,639,6.826,94.193,0.0
N,640,5.802,95.179,0.0
N,641,7.509,96.952,0.0
N,642,6.144,96.558,0.0
N,643,7.85,98.332,0.0
N,644,6.826,99.317,0.0
N,645,8.533,101.09,0.0
N,646,7.168,100.696,0.0
N,647,8.874,102.47,0.0
N,648,7.85,103.455,0.0
N,649,9.557,105.229,0.0
N,650,8.192,104.834,0.0
N,651,9.898,106.608,0.0
N,652,8.874,107.593,0.0
N,653,10.581,109.367,0.0
N,654,9.215,108.973,0.0
N,656,9.898,111.732,0.0
N,657,11.605,113.505,0.0
N,658,10.239,113.111,0.0
N,659,11.946,114.884,0.0
N,660,10.922,115.87,0.0
N,661,12.629,117.643,0.0
N,662,11.263,117.249,0.0
N,663,12.97,119.023,0.0
N,664,11.946,120.008,0.0
N,665,13.653,121.781,0.0
N,666,12.287,121.387,0.0
N,667,13.994,123.161,0.0
N,668,12.97,124.146,0.0
N,669,14.676,125.92,0.0
N,670,13.311,125.526,0.0
N,671,15.018,127.299,0.0
N,672,13.994,128.284,0.0
N,673,15.7,130.058,0.0
N,674,14.335,129.664,0.0
N,675,16.042,131.437,0.0
N,676,15.018,132.423,0.0
N,677,16.724,134.196,0.0
N,678,15.359,133.802,0.0
N,679,17.066,135.575,0.0
N,680,16.042,136.561,0.0
N,682,17.066,140.699,0.0
N,683,17.407,142.078,0.0
N,684,0.0,56.358,0.0
N,685,0.683,59.117,0.0
N,686,1.024,60.497,0.0
N,687,0.0,61.482,0.0
N,688,1.707,63.255,0.0
N,689,0.341,62.861,0.0
N,690,2.048,64.635,0.0
N,691,1.024,65.62,0.0
N,693,1.365,66.999,0.0
N,694,3.072,68.773,0.0
N,695,2.048,69.758,0.0
N,696,3.754,71.532,0.0
N,697,2.389,71.138,0.0
N,698,4.096,72.911,0.0
N,699,3.072,73.896,0.0
N,700,4.778,75.67,0.0
N,701,3.413,75.276,0.0
N,702,5.12,77.049,0.0
N,703,4.096,78.035,0.0
N,704,5.802,79.808,0.0
N,705,4.437,79.414,0.0
N,706,6.144,81.188,0.0
N,707,5.12,82.173,0.0
N,708,6.826,83.946,0.0
N,709,5.461,83.552,0.0
N,710,7.168,85.326,0.0
N,711,6.144,86.311,0.0
N,712,7.85,88.085,0.0
N,713,6.485,87.69,0.0
N,714,8.192,89.464,0.0
N,715,7.168,90.449,0.0
N,716,8.874,92.223,0.0
N,717,7.509,91.829,0.0
N,718,9.215,93.602,0.0
N,719,8.192,94.587,0.0
N,721,8.533,95.967,0.0
N,722,10.239,97.74,0.0
N,724,10.922,100.499,0.0
N,725,9.557,100.105,0.0
N,726,11.263,101.879,0.0
N,727,10.239,102.864,0.0
N,728,11.946,104.637,0.0
N,729,10.581,104.243,0.0
N,730,12.287,106.017,0.0
N,731,11.263,107.002,0.0
N,732,12.97,108.776,0.0
N,733,11.605,108.382,0.0
N,734,13.311,110.155,0.0
N,735,12.287,111.14,0.0
N,736,13.994,112.914,0.0
N,737,12.629,112.52,0.0
N,738,14.335,114.293,0.0
N,739,13.311,115.279,0.0
N,740,15.018,117.052,0.0
N,741,13.653,116.658,0.0
N,743,14.335,119.417,0.0
N,744,16.042,121.19,0.0
N,745,14.676,120.796,0.0
N,746,16.383,122.57,0.0
N,747,15.359,123.555,0.0
N,748,17.066,125.328,0.0
N,749,15.7,124.934,0.0
N,750,17.407,126.708,0.0
N,751,16.383,127.693,0.0
N,752,16.724,129.073,0.0
N,753,17.407,131.831,0.0
N,754,0.0,46.111,0.0
N,755,0.341,47.491,0.0
N,756,1.024,50.25,0.0
N,757,1.365,51.629,0.0
N,758,0.341,52.614,0.0
N,759,2.048,54.388,0.0
N,760,0.683,53.994,0.0
N,761,2.389,55.767,0.0
N,762,1.365,56.752,0.0
N,763,3.072,58.526,0.0
N,764,1.707,58.132,0.0
N,765,3.413,59.905,0.0
N,766,2.389,60.891,0.0
N,767,4.096,62.664,0.0
N,768,2.731,62.27,0.0
N,769,4.437,64.044,0.0
N,770,3.413,65.029,0.0
N,771,5.12,66.802,0.0
N,772,3.754,66.408,0.0
N,773,5.461,68.182,0.0
N,774,4.437,69.167,0.0
N,775,6.144,70.941,0.0
N,776,4.778,70.546,0.0
N,777,6.485,72.32,0.0
N,778,5.461,73.305,0.0
N,779,7.168,75.079,0.0
N,780,5.802,74.685,0.0
N,781,7.509,76.458,0.0
N,782,6.485,77.444,0.0
N,783,8.192,79.217,0.0
N,784,6.826,78.823,0.0
N,785,8.533,80.596,0.0
N,786,7.509,81.582,0.0
N,787,9.215,83.355,0.0
N,788,7.85,82.961,0.0
N,789,9.557,84.735,0.0
N,790,8.533,85.72,0.0
N,791,10.239,87.493,0.0
N,792,8.874,87.099,0.0
N,793,10.581,88.873,0.0
N,794,9.557,89.858,0.0
N,795,11.263,91.632,0.0
N,797,11.605,93.011,0.0
N,798,10.581,93.996,0.0
N,799,12.287,95.77,0.0
N,800,10.922,95.376,0.0
N,801,12.629,97.149,0.0
N,803,13.311,99.908,0.0
N,804,11.946,99.514,0.0
N,805,13.653,101.287,0.0
N,806,12.629,102.273,0.0
N,807,14.335,104.046,0.0
N,808,12.97,103.652,0.0
N,809,14.676,105.426,0.0
N,810,13.653,106.411,0.0
N,811,15.359,108.184,0.0
N,812,13.994,107.79,0.0
N,813,15.7,109.564,0.0
N,814,14.676,110.549,0.0
N,815,16.383,112.323,0.0
N,816,15.018,111.929,0.0
N,817,16.724,113.702,0.0
N,818,15.7,114.687,0.0
N,819,17.407,116.461,0.0
N,820,16.042,116.067,0.0
N,821,16.724,118.826,0.0
N,822,17.066,120.205,0.0
N,824,0.683,38.623,0.0
N,825,1.365,41.382,0.0
N,826,0.0,40.988,0.0
N,827,1.707,42.761,0.0
N,828,0.683,43.747,0.0
N,829,2.389,45.52,0.0
N,830,1.024,45.126,0.0
N,831,2.731,46.9,0.0
N,832,1.707,47.885,0.0
N,833,3.413,49.658,0.0
N,834,2.048,49.264,0.0
N,835,3.754,51.038,0.0
N,836,2.731,52.023,0.0
N,837,4.437,53.797,0.0
N,838,3.072,53.403,0.0
N,839,4.778,55.176,0.0
N,840,3.754,56.161,0.0
N,841,5.461,57.935,0.0
N,842,4.096,57.541,0.0
N,843,5.802,59.314,0.0
N,844,4.778,60.3,0.0
N,845,6.485,62.073,0.0
N,846,5.12,61.679,0.0
N,847,6.826,63.452,0.0
N,848,5.802,64.438,0.0
N,849,7.509,66.211,0.0
N,850,6.144,65.817,0.0
N,851,7.85,67.591,0.0
N,852,6.826,68.576,0.0
N,853,8.533,70.349,0.0
N,854,7.168,69.955,0.0
N,855,8.874,71.729,0.0
N,857,9.557,74.488,0.0
N,858,8.192,74.094,0.0
N,859,9.898,75.867,0.0
N,860,8.874,76.852,0.0
N,861,10.581,78.626,0.0
N,862,9.215,78.232,0.0
N,863,10.922,80.005,0.0
N,864,9.898,80.991,0.0
N,865,11.605,82.764,0.0
N,866,10.239,82.37,0.0
N,867,11.946,84.143,0.0
N,868,10.922,85.129,0.0
N,869,12.629,86.902,0.0
N,870,11.263,86.508,0.0
N,871,12.97,88.282,0.0
N,872,11.946,89.267,0.0
N,874,12.287,90.646,0.0
N,875,13.994,92.42,0.0
N,876,12.97,93.405,0.0
N,877,14.676,95.179,0.0
N,878,13.311,94.785,0.0
N,879,15.018,96.558,0.0
N,880,13.994,97.543,0.0
N,881,15.7,99.317,0.0
N,882,14.335,98.923,0.0
N,883,16.042,100.696,0.0
N,884,15.018,101.682,0.0
N,885,16.724,103.455,0.0
N,886,15.359,103.061,0.0
N,887,17.066,104.834,0.0
N,888,16.042,105.82,0.0
N,889,16.383,107.199,0.0
N,890,17.066,109.958,0.0
N,891,17.407,111.337,0.0
N,892,0.0,25.617,0.0
N,893,0.683,28.376,0.0
N,894,1.024,29.756,0.0
N,895,0.0,30.741,0.0
N,896,1.707,32.514,0.0
N,898,2.048,33.894,0.0
N,899,1.024,34.879,0.0
N,900,2.731,36.653,0.0
N,901,1.365,36.259,0.0
N,902,3.072,38.032,0.0
N,903,2.048,39.017,0.0
N,904,3.754,40.791,0.0
N,905,2.389,40.397,0.0
N,906,4.096,42.17,0.0
N,907,3.072,43.156,0.0
N,908,4.778,44.929,0.0
N,910,5.12,46.308,0.0
N,911,4.096,47.294,0.0
N,912,5.802,49.067,0.0
N,913,4.437,48.673,0.0
N,914,6.144,50.447,0.0
N,915,5.12,51.432,0.0
N,916,6.826,53.205,0.0
N,917,5.461,52.811,0.0
N,918,7.168,54.585,0.0
N,919,6.144,55.57,0.0
N,920,7.85,57.344,0.0
N,921,6.485,56.95,0.0
N,922,8.192,58.723,0.0
N,923,7.168,59.708,0.0
N,924,8.874,61.482,0.0
N,925,7.509,61.088,0.0
N,926,9.215,62.861,0.0
N,927,8.192,63.847,0.0
N,928,9.898,65.62,0.0
N,929,8.533,65.226,0.0
N,930,10.239,66.999,0.0
N,931,9.215,67.985,0.0
N,932,10.922,69.758,0.0
N,933,9.557,69.364,0.0
N,934,11.263,71.138,0.0
N,935,10.239,72.123,0.0
N,936,11.946,73.896,0.0
N,937,10.581,73.502,0.0
N,938,12.287,75.276,0.0
N,939,11.263,76.261,0.0
N,940,12.97,78.035,0.0
N,941,11.605,77.641,0.0
N,942,13.311,79.414,0.0
N,943,12.287,80.399,0.0
N,944,13.994,82.173,0.0
N,945,12.629,81.779,0.0
N,946,14.335,83.552,0.0
N,947,13.311,84.538,0.0
N,948,15.018,86.311,0.0
N,949,13.653,85.917,0.0
N,950,15.359,87.69,0.0
N,951,14.335,88.676,0.0
N,952,16.042,90.449,0.0
N,953,14.676,90.055,0.0
N,954,16.383,91.829,0.0
N,955,15.359,92.814,0.0
N,956,17.066,94.587,0.0
N,957,15.7,94.193,0.0
N,958,17.407,95.967,0.0
N,959,16.383,96.952,0.0
N,960,16.724,98.332,0.0
N,961,17.407,101.09,0.0
N,962,0.0,15.37,0.0
N,963,0.341,16.75,0.0
N,964,1.024,19.509,0.0
N,965,1.365,20.888,0.0
N,966,0.341,21.873,0.0
N,967,2.048,23.647,0.0
N,968,0.683,23.253,0.0
N,969,2.389,25.026,0.0
N,970,1.365,26.012,0.0
N,971,3.072,27.785,0.0
N,972,1.707,27.391,0.0
N,973,3.413,29.164,0.0
N,974,2.389,30.15,0.0
N,975,4.096,31.923,0.0
N,976,2.731,31.529,0.0
N,978,3.413,34.288,0.0
N,979,5.12,36.061,0.0
N,980,3.754,35.667,0.0
N,981,5.461,37.441,0.0
N,982,4.437,38.426,0.0
N,983,6.144,40.2,0.0
N,984,4.778,39.806,0.0
N,985,6.485,41.579,0.0
N,986,5.461,42.564,0.0
N,987,7.168,44.338,0.0
N,988,5.802,43.944,0.0
N,989,7.509,45.717,0.0
N,990,6.485,46.703,0.0
N,991,8.192,48.476,0.0
N,992,6.826,48.082,0.0
N,993,8.533,49.855,0.0
N,994,7.509,50.841,0.0
N,995,9.215,52.614,0.0
N,996,7.85,52.22,0.0
N,997,9.557,53.994,0.0
N,998,8.533,54.979,0.0
N,999,10.239,56.752,0.0
N,1000,8.874,56.358,0.0
N,1001,10.581,58.132,0.0
N,1002,9.557,59.117,0.0
N,1003,11.263,60.891,0.0
N,1004,9.898,60.497,0.0
N,1006,10.581,63.255,0.0
N,1007,12.287,65.029,0.0
N,1008,10.922,64.635,0.0
N,1009,12.629,66.408,0.0
N,1010,11.605,67.394,0.0
N,1011,13.311,69.167,0.0
N,1012,11.946,68.773,0.0
N,1013,13.653,70.546,0.0
N,1014,12.629,71.532,0.0
N,1015,14.335,73.305,0.0
N,1016,12.97,72.911,0.0
N,1017,14.676,74.685,0.0
N,1018,13.653,75.67,0.0
N,1019,15.359,77.444,0.0
N,1021,15.7,78.823,0.0
N,1022,14.676,79.808,0.0
N,1023,16.383,81.582,0.0
N,1024,15.018,81.188,0.0
N,1025,16.724,82.961,0.0
N,1026,15.7,83.946,0.0
N,1027,17.407,85.72,0.0
N,1028,16.042,85.326,0.0
N,1029,16.724,88.085,0.0
N,1030,17.066,89.464,0.0
N,1031,0.341,6.503,0.0
N,1032,0.683,7.882,0.0
N,1033,1.365,10.641,0.0
N,1034,0.0,10.247,0.0
N,1035,1.707,12.02,0.0
N,1036,0.683,13.006,0.0
N,1037,2.389,14.779,0.0
N,1038,1.024,14.385,0.0
N,1039,2.731,16.159,0.0
N,1040,1.707,17.144,0.0
N,1041,3.413,18.918,0.0
N,1042,2.048,18.523,0.0
N,1043,3.754,20.297,0.0
N,1045,4.437,23.056,0.0
N,1046,3.072,22.662,0.0
N,1047,4.778,24.435,0.0
N,1048,3.754,25.42,0.0
N,1049,5.461,27.194,0.0
N,1050,4.096,26.8,0.0
N,1051,5.802,28.573,0.0
N,1052,4.778,29.559,0.0
N,1054,5.12,30.938,0.0
N,1055,6.826,32.712,0.0
N,1056,5.802,33.697,0.0
N,1057,7.509,35.47,0.0
N,1058,6.144,35.076,0.0
N,1059,7.85,36.85,0.0
N,1060,6.826,37.835,0.0
N,1061,8.533,39.609,0.0
N,1062,7.168,39.214,0.0
N,1063,8.874,40.988,0.0
N,1064,7.85,41.973,0.0
N,1065,9.557,43.747,0.0
N,1066,8.192,43.353,0.0
N,1067,9.898,45.126,0.0
N,1068,8.874,46.111,0.0
N,1069,10.581,47.885,0.0
N,1070,9.215,47.491,0.0
N,1071,10.922,49.264,0.0
N,1072,9.898,50.25,0.0
N,1073,11.605,52.023,0.0
N,1074,10.239,51.629,0.0
N,1075,11.946,53.403,0.0
N,1076,10.922,54.388,0.0
N,1077,12.629,56.161,0.0
N,1078,11.263,55.767,0.0
N,1079,12.97,57.541,0.0
N,1080,11.946,58.526,0.0
N,1081,13.653,60.3,0.0
N,1082,12.287,59.905,0.0
N,1083,13.994,61.679,0.0
N,1084,12.97,62.664,0.0
N,1086,13.311,64.044,0.0
N,1087,15.018,65.817,0.0
N,1088,13.994,66.802,0.0
N,1090,14.335,68.182,0.0
N,1091,16.042,69.955,0.0
N,1092,15.018,70.941,0.0
N,1093,16.724,72.714,0.0
N,1094,15.359,72.32,0.0
N,1095,17.066,74.094,0.0
N,1096,16.042,75.079,0.0
N,1097,16.383,76.458,0.0
N,1098,17.066,79.217,0.0
N,1099,17.407,80.596,0.0
N,1101,1.707,1.774,0.0
N,1102,0.341,1.379,0.0
N,1103,2.048,3.153,0.0
N,1104,1.024,4.138,0.0
N,1105,2.731,5.912,0.0
N,1106,1.365,5.518,0.0
N,1107,3.072,7.291,0.0
N,1108,2.048,8.276,0.0
N,1109,3.754,10.05,0.0
N,1110,2.389,9.656,0.0
N,1111,4.096,11.429,0.0
N,1112,3.072,12.415,0.0
N,1113,4.778,14.188,0.0
N,1114,3.413,13.794,0.0
N,1115,5.12,15.568,0.0
N,1116,4.096,16.553,0.0
N,1117,5.802,18.326,0.0
N,1118,4.437,17.932,0.0
N,1119,6.144,19.706,0.0
N,1120,5.12,20.691,0.0
N,1121,6.826,22.465,0.0
N,1122,5.461,22.07,0.0
N,1123,7.168,23.844,0.0
N,1124,6.144,24.829,0.0
N,1125,7.85,26.603,0.0
N,1126,6.485,26.209,0.0
N,1127,8.192,27.982,0.0
N,1128,7.168,28.967,0.0
N,1129,8.874,30.741,0.0
N,1130,7.509,30.347,0.0
N,1132,8.192,33.106,0.0
N,1133,9.898,34.879,0.0
N,1134,8.533,34.485,0.0
N,1135,10.239,36.259,0.0
N,1136,9.215,37.244,0.0
N,1137,10.922,39.017,0.0
N,1138,9.557,38.623,0.0
N,1139,11.263,40.397,0.0
N,1140,10.239,41.382,0.0
N,1141,11.946,43.156,0.0
N,1142,10.581,42.761,0.0
N,1143,12.287,44.535,0.0
N,1144,11.263,45.52,0.0
N,1145,12.97,47.294,0.0
N,1146,11.605,46.9,0.0
N,1147,13.311,48.673,0.0
N,1148,12.287,49.658,0.0
N,1149,13.994,51.432,0.0
N,1150,12.629,51.038,0.0
N,1151,14.335,52.811,0.0
N,1152,13.311,53.797,0.0
N,1153,15.018,55.57,0.0
N,1154,13.653,55.176,0.0
N,1155,15.359,56.95,0.0
N,1156,14.335,57.935,0.0
N,1157,16.042,59.708,0.0
N,1158,14.676,59.314,0.0
N,1159,16.383,61.088,0.0
N,1160,15.359,62.073,0.0
N,1161,17.066,63.847,0.0
N,1162,15.7,63.452,0.0
N,1163,17.407,65.226,0.0
N,1165,16.724,67.591,0.0
N,1167,4.096,1.182,0.0
N,1168,2.731,0.788,0.0
N,1169,4.437,2.562,0.0
N,1170,3.413,3.547,0.0
N,1171,5.12,5.321,0.0
N,1172,3.754,4.926,0.0
N,1173,5.461,6.7,0.0
N,1174,4.437,7.685,0.0
N,1175,6.144,9.459,0.0
N,1176,4.778,9.065,0.0
N,1177,6.485,10.838,0.0
N,1178,5.461,11.823,0.0
N,1179,7.168,13.597,0.0
N,1180,5.802,13.203,0.0
N,1181,7.509,14.976,0.0
N,1182,6.485,15.962,0.0
N,1183,8.192,17.735,0.0
N,1184,6.826,17.341,0.0
N,1185,8.533,19.115,0.0
N,1186,7.509,20.1,0.0
N,1187,9.215,21.873,0.0
N,1188,7.85,21.479,0.0
N,1189,9.557,23.253,0.0
N,1190,8.533,24.238,0.0
N,1191,10.239,26.012,0.0
N,1192,8.874,25.617,0.0
N,1193,10.581,27.391,0.0
N,1194,9.557,28.376,0.0
N,1195,11.263,30.15,0.0
N,1196,9.898,29.756,0.0
N,1197,11.605,31.529,0.0
N,1198,10.581,32.514,0.0
N,1199,12.287,34.288,0.0
N,1202,11.605,36.653,0.0
N,1203,13.311,38.426,0.0
N,1204,11.946,38.032,0.0
N,1205,13.653,39.806,0.0
N,1206,12.629,40.791,0.0
N,1207,14.335,42.564,0.0
N,1208,12.97,42.17,0.0
N,1209,14.676,43.944,0.0
N,1210,13.653,44.929,0.0
N,1211,15.359,46.703,0.0
N,1212,13.994,46.308,0.0
N,1213,15.7,48.082,0.0
N,1214,14.676,49.067,0.0
N,1215,16.383,50.841,0.0
N,1216,15.018,50.447,0.0
N,1217,16.724,52.22,0.0
N,1218,15.7,53.205,0.0
N,1219,17.407,54.979,0.0
N,1220,16.042,54.585,0.0
N,1221,16.724,57.344,0.0
N,1222,17.066,58.723,0.0
N,1223,6.485,0.591,0.0
N,1224,5.12,0.197,0.0
N,1225,6.826,1.971,0.0
N,1226,5.802,2.956,0.0
N,1227,7.509,4.729,0.0
N,1228,6.144,4.335,0.0
N,1229,7.85,6.109,0.0
N,1230,6.826,7.094,0.0
N,1231,8.533,8.868,0.0
N,1232,7.168,8.473,0.0
N,1233,8.874,10.247,0.0
N,1235,9.557,13.006,0.0
N,1236,8.192,12.612,0.0
N,1237,9.898,14.385,0.0
N,1238,8.874,15.37,0.0
N,1239,10.581,17.144,0.0
N,1240,9.215,16.75,0.0
N,1241,10.922,18.523,0.0
N,1242,9.898,19.509,0.0
N,1243,11.605,21.282,0.0
N,1244,10.239,20.888,0.0
N,1245,11.946,22.662,0.0
N,1246,10.922,23.647,0.0
N,1247,12.629,25.42,0.0
N,1248,11.263,25.026,0.0
N,1249,12.97,26.8,0.0
N,1250,11.946,27.785,0.0
N,1252,12.287,29.164,0.0
N,1253,13.994,30.938,0.0
N,1254,12.97,31.923,0.0
N,1255,14.676,33.697,0.0
N,1256,13.311,33.303,0.0
N,1257,15.018,35.076,0.0
N,1258,13.994,36.061,0.0
N,1259,15.7,37.835,0.0
N,1260,14.335,37.441,0.0
N,1261,16.042,39.214,0.0
N,1262,15.018,40.2,0.0
N,1263,16.724,41.973,0.0
N,1264,15.359,41.579,0.0
N,1265,17.066,43.353,0.0
N,1266,16.042,44.338,0.0
N,1267,16.383,45.717,0.0
N,1270,8.874,0.0,0.0
N,1271,9.215,1.379,0.0
N,1272,8.192,2.365,0.0
N,1273,9.898,4.138,0.0
N,1274,8.533,3.744,0.0
N,1275,10.239,5.518,0.0
N,1276,9.215,6.503,0.0
N,1277,10.922,8.276,0.0
N,1278,9.557,7.882,0.0
N,1279,11.263,9.656,0.0
N,1280,10.239,10.641,0.0
N,1281,11.946,12.415,0.0
N,1282,10.581,12.02,0.0
N,1283,12.287,13.794,0.0
N,1284,11.263,14.779,0.0
N,1285,12.97,16.553,0.0
N,1286,11.605,16.159,0.0
N,1287,13.311,17.932,0.0
N,1288,12.287,18.918,0.0
N,1289,13.994,20.691,0.0
N,1290,12.629,20.297,0.0
N,1291,14.335,22.07,0.0
N,1292,13.311,23.056,0.0
N,1293,15.018,24.829,0.0
N,1294,13.653,24.435,0.0
N,1295,15.359,26.209,0.0
N,1296,14.335,27.194,0.0
N,1297,16.042,28.967,0.0
N,1298,14.676,28.573,0.0
N,1299,16.383,30.347,0.0
N,1300,15.359,31.332,0.0
N,1301,17.066,33.106,0.0
N,1302,15.7,32.712,0.0
N,1303,17.407,34.485,0.0
N,1304,16.383,35.47,0.0
N,1305,16.724,36.85,0.0
N,1306,17.407,39.609,0.0
N,1307,11.605,0.788,0.0
N,1308,10.581,1.774,0.0
N,1309,12.287,3.547,0.0
N,1310,10.922,3.153,0.0
N,1311,12.629,4.926,0.0
N,1312,11.605,5.912,0.0
N,1313,13.311,7.685,0.0
N,1314,11.946,7.291,0.0
N,1315,13.653,9.065,0.0
N,1316,12.629,10.05,0.0
N,1317,14.335,11.823,0.0
N,1318,12.97,11.429,0.0
N,1319,14.676,13.203,0.0
N,1320,13.653,14.188,0.0
N,1321,15.359,15.962,0.0
N,1322,13.994,15.568,0.0
N,1323,15.7,17.341,0.0
N,1324,14.676,18.326,0.0
N,1325,16.383,20.1,0.0
N,1326,15.018,19.706,0.0
N,1327,16.724,21.479,0.0
N,1328,15.7,22.465,0.0
N,1329,17.407,24.238,0.0
N,1330,16.042,23.844,0.0
N,1331,16.724,26.603,0.0
N,1332,17.066,27.982,0.0
N,1333,13.994,0.197,0.0
N,1334,12.97,1.182,0.0
N,1335,14.676,2.956,0.0
N,1336,13.311,2.562,0.0
N,1337,15.018,4.335,0.0
N,1338,13.994,5.321,0.0
N,1339,15.7,7.094,0.0
N,1340,14.335,6.7,0.0
N,1341,16.042,8.473,0.0
N,1342,15.018,9.459,0.0
N,1343,16.724,11.232,0.0
N,1344,15.359,10.838,0.0
N,1345,17.066,12.612,0.0
N,1346,16.042,13.597,0.0
N,1347,16.383,14.976,0.0
N,1348,17.066,17.735,0.0
N,1349,17.407,19.115,0.0
N,1350,15.359,0.591,0.0
N,1351,17.066,2.365,0.0
N,1352,15.7,1.971,0.0
N,1353,17.407,3.744,0.0
N,1354,16.383,4.729,0.0
N,1355,16.724,6.109,0.0
N,1356,17.407,8.868,0.0
