/PREP7
N, 1, 0.000, 199.361, 0.000
N, 2, 0.000, 194.438, 0.000
N, 3, 0.711, 195.669, 0.000
N, 4, 0.000, 196.900, 0.000
N, 5, 2.132, 198.130, 0.000
N, 6, 0.711, 198.130, 0.000
N, 7, 2.842, 199.361, 0.000
N, 8, 0.000, 189.516, 0.000
N, 9, 0.711, 190.746, 0.000
N, 10, 0.000, 191.977, 0.000
N, 11, 2.132, 193.208, 0.000
N, 12, 0.711, 193.208, 0.000
N, 13, 2.842, 194.438, 0.000
N, 14, 2.132, 195.669, 0.000
N, 15, 4.263, 196.900, 0.000
N, 16, 2.842, 196.900, 0.000
N, 17, 4.974, 198.130, 0.000
N, 18, 4.263, 199.361, 0.000
N, 19, 0.000, 184.593, 0.000
N, 20, 0.711, 185.824, 0.000
N, 21, 0.000, 187.055, 0.000
N, 22, 2.132, 188.285, 0.000
N, 23, 0.711, 188.285, 0.000
N, 24, 2.842, 189.516, 0.000
N, 25, 2.132, 190.746, 0.000
N, 26, 4.263, 191.977, 0.000
N, 27, 2.842, 191.977, 0.000
N, 28, 4.974, 193.208, 0.000
N, 29, 4.263, 194.438, 0.000
N, 30, 6.395, 195.669, 0.000
N, 31, 4.974, 195.669, 0.000
N, 32, 7.105, 196.900, 0.000
N, 33, 6.395, 198.130, 0.000
N, 34, 8.526, 199.361, 0.000
N, 35, 7.105, 199.361, 0.000
N, 36, 0.000, 179.671, 0.000
N, 37, 0.711, 180.902, 0.000
N, 38, 0.000, 182.132, 0.000
N, 39, 2.132, 183.363, 0.000
N, 40, 0.711, 183.363, 0.000
N, 41, 2.842, 184.593, 0.000
N, 42, 2.132, 185.824, 0.000
N, 43, 4.263, 187.055, 0.000
N, 44, 2.842, 187.055, 0.000
N, 45, 4.974, 188.285, 0.000
N, 46, 4.263, 189.516, 0.000
N, 47, 6.395, 190.746, 0.000
N, 48, 4.974, 190.746, 0.000
N, 49, 7.105, 191.977, 0.000
N, 50, 6.395, 193.208, 0.000
N, 51, 8.526, 194.438, 0.000
N, 52, 7.105, 194.438, 0.000
N, 53, 9.237, 195.669, 0.000
N, 54, 8.526, 196.900, 0.000
N, 55, 10.658, 198.130, 0.000
N, 56, 9.237, 198.130, 0.000
N, 57, 11.368, 199.361, 0.000
N, 58, 0.000, 174.748, 0.000
N, 59, 0.711, 175.979, 0.000
N, 60, 0.000, 177.210, 0.000
N, 61, 2.132, 178.440, 0.000
N, 62, 0.711, 178.440, 0.000
N, 63, 2.842, 179.671, 0.000
N, 64, 2.132, 180.901, 0.000
N, 65, 4.263, 182.132, 0.000
N, 66, 2.842, 182.132, 0.000
N, 67, 4.974, 183.363, 0.000
N, 68, 4.263, 184.593, 0.000
N, 69, 6.395, 185.824, 0.000
N, 70, 4.974, 185.824, 0.000
N, 71, 7.105, 187.055, 0.000
N, 72, 6.395, 188.285, 0.000
N, 73, 8.526, 189.516, 0.000
N, 74, 7.105, 189.516, 0.000
N, 75, 9.237, 190.746, 0.000
N, 76, 8.526, 191.977, 0.000
N, 77, 10.658, 193.208, 0.000
N, 78, 9.237, 193.208, 0.000
N, 79, 11.368, 194.438, 0.000
N, 80, 10.658, 195.669, 0.000
N, 81, 12.789, 196.900, 0.000
N, 82, 11.368, 196.900, 0.000
N, 83, 13.500, 198.130, 0.000
N, 84, 12.789, 199.361, 0.000
N, 85, 0.000, 169.826, 0.000
N, 86, 0.711, 171.057, 0.000
N, 87, 0.000, 172.287, 0.000
N, 88, 2.132, 173.518, 0.000
N, 89, 0.711, 173.518, 0.000
N, 90, 2.842, 174.748, 0.000
N, 91, 2.132, 175.979, 0.000
N, 92, 4.263, 177.210, 0.000
N, 93, 2.842, 177.210, 0.000
N, 94, 4.974, 178.440, 0.000
N, 95, 4.263, 179.671, 0.000
N, 96, 6.395, 180.901, 0.000
N, 97, 4.974, 180.902, 0.000
N, 98, 7.105, 182.132, 0.000
N, 99, 6.395, 183.363, 0.000
N, 100, 8.526, 184.593, 0.000
N, 101, 7.105, 184.593, 0.000
N, 102, 9.237, 185.824, 0.000
N, 103, 8.526, 187.055, 0.000
N, 104, 10.658, 188.285, 0.000
N, 105, 9.237, 188.285, 0.000
N, 106, 11.368, 189.516, 0.000
N, 107, 10.658, 190.746, 0.000
N, 108, 12.789, 191.977, 0.000
N, 109, 11.368, 191.977, 0.000
N, 110, 13.500, 193.208, 0.000
N, 111, 12.789, 194.438, 0.000
N, 112, 14.921, 195.669, 0.000
N, 113, 13.500, 195.669, 0.000
N, 114, 15.631, 196.900, 0.000
N, 115, 14.921, 198.130, 0.000
N, 116, 17.052, 199.361, 0.000
N, 117, 15.631, 199.361, 0.000
N, 118, 0.000, 164.903, 0.000
N, 119, 0.711, 166.134, 0.000
N, 120, 0.000, 167.365, 0.000
N, 121, 2.132, 168.595, 0.000
N, 122, 0.711, 168.595, 0.000
N, 123, 2.842, 169.826, 0.000
N, 124, 2.132, 171.057, 0.000
N, 125, 4.263, 172.287, 0.000
N, 126, 2.842, 172.287, 0.000
N, 127, 4.974, 173.518, 0.000
N, 128, 4.263, 174.748, 0.000
N, 129, 6.395, 175.979, 0.000
N, 130, 4.974, 175.979, 0.000
N, 131, 7.105, 177.210, 0.000
N, 132, 6.395, 178.440, 0.000
N, 133, 8.526, 179.671, 0.000
N, 134, 7.105, 179.671, 0.000
N, 135, 9.237, 180.901, 0.000
N, 136, 8.526, 182.132, 0.000
N, 137, 10.658, 183.363, 0.000
N, 138, 9.237, 183.363, 0.000
N, 139, 11.368, 184.593, 0.000
N, 140, 10.658, 185.824, 0.000
N, 141, 12.789, 187.055, 0.000
N, 142, 11.368, 187.055, 0.000
N, 143, 13.500, 188.285, 0.000
N, 144, 12.789, 189.516, 0.000
N, 145, 14.921, 190.746, 0.000
N, 146, 13.500, 190.746, 0.000
N, 147, 15.631, 191.977, 0.000
N, 148, 14.921, 193.208, 0.000
N, 149, 17.052, 194.438, 0.000
N, 150, 15.631, 194.438, 0.000
N, 151, 17.763, 195.669, 0.000
N, 152, 17.052, 196.900, 0.000
N, 153, 19.184, 198.130, 0.000
N, 154, 17.763, 198.130, 0.000
N, 155, 19.894, 199.361, 0.000
N, 156, 0.000, 159.981, 0.000
N, 157, 0.711, 161.212, 0.000
N, 158, 0.000, 162.442, 0.000
N, 159, 2.131, 163.673, 0.000
N, 160, 0.711, 163.673, 0.000
N, 161, 2.842, 164.903, 0.000
N, 162, 2.131, 166.134, 0.000
N, 163, 4.263, 167.365, 0.000
N, 164, 2.842, 167.365, 0.000
N, 165, 4.974, 168.595, 0.000
N, 166, 4.263, 169.826, 0.000
N, 167, 6.394, 171.057, 0.000
N, 168, 4.974, 171.057, 0.000
N, 169, 7.105, 172.287, 0.000
N, 170, 6.395, 173.518, 0.000
N, 171, 8.526, 174.748, 0.000
N, 172, 7.105, 174.748, 0.000
N, 173, 9.237, 175.979, 0.000
N, 174, 8.526, 177.210, 0.000
N, 175, 10.658, 178.440, 0.000
N, 176, 9.237, 178.440, 0.000
N, 177, 11.368, 179.671, 0.000
N, 178, 10.658, 180.901, 0.000
N, 179, 12.789, 182.132, 0.000
N, 180, 11.368, 182.132, 0.000
N, 181, 13.500, 183.363, 0.000
N, 182, 12.789, 184.593, 0.000
N, 183, 14.921, 185.824, 0.000
N, 184, 13.500, 185.824, 0.000
N, 185, 15.631, 187.055, 0.000
N, 186, 14.921, 188.285, 0.000
N, 187, 17.052, 189.516, 0.000
N, 188, 15.631, 189.516, 0.000
N, 189, 17.763, 190.746, 0.000
N, 190, 17.052, 191.977, 0.000
N, 191, 19.184, 193.208, 0.000
N, 192, 17.763, 193.208, 0.000
N, 193, 19.894, 194.438, 0.000
N, 194, 19.184, 195.669, 0.000
N, 195, 21.315, 196.900, 0.000
N, 196, 19.894, 196.900, 0.000
N, 197, 22.026, 198.130, 0.000
N, 198, 21.315, 199.361, 0.000
N, 199, 0.000, 155.058, 0.000
N, 200, 0.711, 156.289, 0.000
N, 201, 0.000, 157.520, 0.000
N, 202, 2.132, 158.750, 0.000
N, 203, 0.711, 158.750, 0.000
N, 204, 2.842, 159.981, 0.000
N, 205, 2.132, 161.212, 0.000
N, 206, 4.263, 162.442, 0.000
N, 207, 2.842, 162.442, 0.000
N, 208, 4.974, 163.673, 0.000
N, 209, 4.263, 164.903, 0.000
N, 210, 6.395, 166.134, 0.000
N, 211, 4.974, 166.134, 0.000
N, 212, 7.105, 167.365, 0.000
N, 213, 6.395, 168.595, 0.000
N, 214, 8.526, 169.826, 0.000
N, 215, 7.105, 169.826, 0.000
N, 216, 9.237, 171.057, 0.000
N, 217, 8.526, 172.287, 0.000
N, 218, 10.658, 173.518, 0.000
N, 219, 9.237, 173.518, 0.000
N, 220, 11.368, 174.748, 0.000
N, 221, 10.658, 175.979, 0.000
N, 222, 12.789, 177.210, 0.000
N, 223, 11.368, 177.210, 0.000
N, 224, 13.500, 178.440, 0.000
N, 225, 12.789, 179.671, 0.000
N, 226, 14.921, 180.901, 0.000
N, 227, 13.500, 180.902, 0.000
N, 228, 15.631, 182.132, 0.000
N, 229, 14.921, 183.363, 0.000
N, 230, 17.052, 184.593, 0.000
N, 231, 15.631, 184.593, 0.000
N, 232, 17.763, 185.824, 0.000
N, 233, 17.052, 187.055, 0.000
N, 234, 19.184, 188.285, 0.000
N, 235, 17.763, 188.285, 0.000
N, 236, 19.894, 189.516, 0.000
N, 237, 19.184, 190.746, 0.000
N, 238, 21.315, 191.977, 0.000
N, 239, 19.894, 191.977, 0.000
N, 240, 22.026, 193.208, 0.000
N, 241, 21.315, 194.438, 0.000
N, 242, 23.447, 195.669, 0.000
N, 243, 22.026, 195.669, 0.000
N, 244, 24.157, 196.900, 0.000
N, 245, 23.447, 198.130, 0.000
N, 246, 25.578, 199.361, 0.000
N, 247, 24.157, 199.361, 0.000
N, 248, 0.000, 150.136, 0.000
N, 249, 0.711, 151.367, 0.000
N, 250, 0.000, 152.597, 0.000
N, 251, 2.132, 153.828, 0.000
N, 252, 0.711, 153.828, 0.000
N, 253, 2.842, 155.058, 0.000
N, 254, 2.132, 156.289, 0.000
N, 255, 4.263, 157.520, 0.000
N, 256, 2.842, 157.520, 0.000
N, 257, 4.974, 158.750, 0.000
N, 258, 4.263, 159.981, 0.000
N, 259, 6.395, 161.212, 0.000
N, 260, 4.974, 161.212, 0.000
N, 261, 7.105, 162.442, 0.000
N, 262, 6.395, 163.673, 0.000
N, 263, 8.526, 164.903, 0.000
N, 264, 7.105, 164.903, 0.000
N, 265, 9.237, 166.134, 0.000
N, 266, 8.526, 167.365, 0.000
N, 267, 10.658, 168.595, 0.000
N, 268, 9.237, 168.595, 0.000
N, 269, 11.368, 169.826, 0.000
N, 270, 10.658, 171.057, 0.000
N, 271, 12.789, 172.287, 0.000
N, 272, 11.368, 172.287, 0.000
N, 273, 13.500, 173.518, 0.000
N, 274, 12.789, 174.748, 0.000
N, 275, 14.921, 175.979, 0.000
N, 276, 13.500, 175.979, 0.000
N, 277, 15.631, 177.210, 0.000
N, 278, 14.921, 178.440, 0.000
N, 279, 17.052, 179.671, 0.000
N, 280, 15.631, 179.671, 0.000
N, 281, 17.763, 180.902, 0.000
N, 282, 17.052, 182.132, 0.000
N, 283, 19.184, 183.363, 0.000
N, 284, 17.763, 183.363, 0.000
N, 285, 19.894, 184.593, 0.000
N, 286, 19.184, 185.824, 0.000
N, 287, 21.315, 187.055, 0.000
N, 288, 19.894, 187.055, 0.000
N, 289, 22.026, 188.285, 0.000
N, 290, 21.315, 189.516, 0.000
N, 291, 23.447, 190.746, 0.000
N, 292, 22.026, 190.746, 0.000
N, 293, 24.157, 191.977, 0.000
N, 294, 23.447, 193.208, 0.000
N, 295, 25.578, 194.438, 0.000
N, 296, 24.157, 194.438, 0.000
N, 297, 26.289, 195.669, 0.000
N, 298, 25.578, 196.900, 0.000
N, 299, 27.710, 198.130, 0.000
N, 300, 26.289, 198.130, 0.000
N, 301, 28.420, 199.361, 0.000
N, 302, 0.000, 145.213, 0.000
N, 303, 0.710, 146.444, 0.000
N, 304, 0.000, 147.675, 0.000
N, 305, 2.132, 148.905, 0.000
N, 306, 0.711, 148.905, 0.000
N, 307, 2.842, 150.136, 0.000
N, 308, 2.132, 151.367, 0.000
N, 309, 4.263, 152.597, 0.000
N, 310, 2.842, 152.597, 0.000
N, 311, 4.974, 153.828, 0.000
N, 312, 4.263, 155.058, 0.000
N, 313, 6.395, 156.289, 0.000
N, 314, 4.974, 156.289, 0.000
N, 315, 7.105, 157.520, 0.000
N, 316, 6.395, 158.750, 0.000
N, 317, 8.526, 159.981, 0.000
N, 318, 7.105, 159.981, 0.000
N, 319, 9.237, 161.212, 0.000
N, 320, 8.526, 162.442, 0.000
N, 321, 10.658, 163.673, 0.000
N, 322, 9.237, 163.673, 0.000
N, 323, 11.368, 164.903, 0.000
N, 324, 10.658, 166.134, 0.000
N, 325, 12.789, 167.365, 0.000
N, 326, 11.368, 167.365, 0.000
N, 327, 13.500, 168.595, 0.000
N, 328, 12.789, 169.826, 0.000
N, 329, 14.921, 171.057, 0.000
N, 330, 13.500, 171.057, 0.000
N, 331, 15.631, 172.287, 0.000
N, 332, 14.921, 173.518, 0.000
N, 333, 17.052, 174.748, 0.000
N, 334, 15.631, 174.748, 0.000
N, 335, 17.763, 175.979, 0.000
N, 336, 17.052, 177.210, 0.000
N, 337, 19.184, 178.440, 0.000
N, 338, 17.763, 178.440, 0.000
N, 339, 19.894, 179.671, 0.000
N, 340, 19.184, 180.901, 0.000
N, 341, 21.315, 182.132, 0.000
N, 342, 19.894, 182.132, 0.000
N, 343, 22.026, 183.363, 0.000
N, 344, 21.315, 184.593, 0.000
N, 345, 23.447, 185.824, 0.000
N, 346, 22.026, 185.824, 0.000
N, 347, 24.157, 187.055, 0.000
N, 348, 23.447, 188.285, 0.000
N, 349, 25.578, 189.516, 0.000
N, 350, 24.157, 189.516, 0.000
N, 351, 26.289, 190.746, 0.000
N, 352, 25.578, 191.977, 0.000
N, 353, 27.710, 193.208, 0.000
N, 354, 26.289, 193.208, 0.000
N, 355, 28.420, 194.438, 0.000
N, 356, 27.710, 195.669, 0.000
N, 357, 28.420, 196.900, 0.000
N, 358, 0.000, 140.291, 0.000
N, 359, 0.710, 141.522, 0.000
N, 360, 0.000, 142.752, 0.000
N, 361, 2.131, 143.983, 0.000
N, 362, 0.710, 143.983, 0.000
N, 363, 2.842, 145.213, 0.000
N, 364, 2.131, 146.444, 0.000
N, 365, 4.263, 147.675, 0.000
N, 366, 2.842, 147.675, 0.000
N, 367, 4.974, 148.905, 0.000
N, 368, 4.263, 150.136, 0.000
N, 369, 6.394, 151.367, 0.000
N, 370, 4.974, 151.367, 0.000
N, 371, 7.105, 152.597, 0.000
N, 372, 6.395, 153.828, 0.000
N, 373, 8.526, 155.058, 0.000
N, 374, 7.105, 155.058, 0.000
N, 375, 9.237, 156.289, 0.000
N, 376, 8.526, 157.520, 0.000
N, 377, 10.658, 158.750, 0.000
N, 378, 9.237, 158.750, 0.000
N, 379, 11.368, 159.981, 0.000
N, 380, 10.658, 161.212, 0.000
N, 381, 12.789, 162.442, 0.000
N, 382, 11.368, 162.442, 0.000
N, 383, 13.500, 163.673, 0.000
N, 384, 12.789, 164.903, 0.000
N, 385, 14.921, 166.134, 0.000
N, 386, 13.500, 166.134, 0.000
N, 387, 15.631, 167.365, 0.000
N, 388, 14.921, 168.595, 0.000
N, 389, 17.052, 169.826, 0.000
N, 390, 15.631, 169.826, 0.000
N, 391, 17.763, 171.057, 0.000
N, 392, 17.052, 172.287, 0.000
N, 393, 19.184, 173.518, 0.000
N, 394, 17.763, 173.518, 0.000
N, 395, 19.894, 174.748, 0.000
N, 396, 19.184, 175.979, 0.000
N, 397, 21.315, 177.210, 0.000
N, 398, 19.894, 177.210, 0.000
N, 399, 22.026, 178.440, 0.000
N, 400, 21.315, 179.671, 0.000
N, 401, 23.447, 180.901, 0.000
N, 402, 22.026, 180.902, 0.000
N, 403, 24.157, 182.132, 0.000
N, 404, 23.447, 183.363, 0.000
N, 405, 25.578, 184.593, 0.000
N, 406, 24.157, 184.593, 0.000
N, 407, 26.289, 185.824, 0.000
N, 408, 25.578, 187.055, 0.000
N, 409, 27.710, 188.285, 0.000
N, 410, 26.289, 188.285, 0.000
N, 411, 28.420, 189.516, 0.000
N, 412, 27.710, 190.746, 0.000
N, 413, 28.420, 191.977, 0.000
N, 414, 0.000, 135.368, 0.000
N, 415, 0.711, 136.599, 0.000
N, 416, 0.000, 137.830, 0.000
N, 417, 2.132, 139.060, 0.000
N, 418, 0.711, 139.060, 0.000
N, 419, 2.842, 140.291, 0.000
N, 420, 2.132, 141.522, 0.000
N, 421, 4.263, 142.752, 0.000
N, 422, 2.842, 142.752, 0.000
N, 423, 4.974, 143.983, 0.000
N, 424, 4.263, 145.213, 0.000
N, 425, 6.395, 146.444, 0.000
N, 426, 4.974, 146.444, 0.000
N, 427, 7.105, 147.675, 0.000
N, 428, 6.395, 148.905, 0.000
N, 429, 8.526, 150.136, 0.000
N, 430, 7.105, 150.136, 0.000
N, 431, 9.237, 151.367, 0.000
N, 432, 8.526, 152.597, 0.000
N, 433, 10.658, 153.828, 0.000
N, 434, 9.237, 153.828, 0.000
N, 435, 11.368, 155.058, 0.000
N, 436, 10.658, 156.289, 0.000
N, 437, 12.789, 157.520, 0.000
N, 438, 11.368, 157.520, 0.000
N, 439, 13.500, 158.750, 0.000
N, 440, 12.789, 159.981, 0.000
N, 441, 14.921, 161.212, 0.000
N, 442, 13.500, 161.212, 0.000
N, 443, 15.631, 162.442, 0.000
N, 444, 14.921, 163.673, 0.000
N, 445, 17.052, 164.903, 0.000
N, 446, 15.631, 164.903, 0.000
N, 447, 17.763, 166.134, 0.000
N, 448, 17.052, 167.365, 0.000
N, 449, 19.184, 168.595, 0.000
N, 450, 17.763, 168.595, 0.000
N, 451, 19.894, 169.826, 0.000
N, 452, 19.184, 171.057, 0.000
N, 453, 21.315, 172.287, 0.000
N, 454, 19.894, 172.287, 0.000
N, 455, 22.026, 173.518, 0.000
N, 456, 21.315, 174.748, 0.000
N, 457, 23.447, 175.979, 0.000
N, 458, 22.026, 175.979, 0.000
N, 459, 24.157, 177.210, 0.000
N, 460, 23.447, 178.440, 0.000
N, 461, 25.578, 179.671, 0.000
N, 462, 24.157, 179.671, 0.000
N, 463, 26.289, 180.902, 0.000
N, 464, 25.578, 182.132, 0.000
N, 465, 27.710, 183.363, 0.000
N, 466, 26.289, 183.363, 0.000
N, 467, 28.420, 184.593, 0.000
N, 468, 27.710, 185.824, 0.000
N, 469, 28.420, 187.055, 0.000
N, 470, 0.000, 130.446, 0.000
N, 471, 0.711, 131.677, 0.000
N, 472, 0.000, 132.907, 0.000
N, 473, 2.132, 134.138, 0.000
N, 474, 0.711, 134.138, 0.000
N, 475, 2.842, 135.368, 0.000
N, 476, 2.132, 136.599, 0.000
N, 477, 4.263, 137.830, 0.000
N, 478, 2.842, 137.830, 0.000
N, 479, 4.974, 139.060, 0.000
N, 480, 4.263, 140.291, 0.000
N, 481, 6.395, 141.522, 0.000
N, 482, 4.974, 141.522, 0.000
N, 483, 7.105, 142.752, 0.000
N, 484, 6.395, 143.983, 0.000
N, 485, 8.526, 145.213, 0.000
N, 486, 7.105, 145.213, 0.000
N, 487, 9.237, 146.444, 0.000
N, 488, 8.526, 147.675, 0.000
N, 489, 10.658, 148.905, 0.000
N, 490, 9.237, 148.905, 0.000
N, 491, 11.368, 150.136, 0.000
N, 492, 10.658, 151.367, 0.000
N, 493, 12.789, 152.597, 0.000
N, 494, 11.368, 152.597, 0.000
N, 495, 13.500, 153.828, 0.000
N, 496, 12.789, 155.058, 0.000
N, 497, 14.921, 156.289, 0.000
N, 498, 13.500, 156.289, 0.000
N, 499, 15.631, 157.520, 0.000
N, 500, 14.921, 158.750, 0.000
N, 501, 17.052, 159.981, 0.000
N, 502, 15.631, 159.981, 0.000
N, 503, 17.763, 161.212, 0.000
N, 504, 17.052, 162.442, 0.000
N, 505, 19.184, 163.673, 0.000
N, 506, 17.763, 163.673, 0.000
N, 507, 19.894, 164.903, 0.000
N, 508, 19.184, 166.134, 0.000
N, 509, 21.315, 167.365, 0.000
N, 510, 19.894, 167.365, 0.000
N, 511, 22.026, 168.595, 0.000
N, 512, 21.315, 169.826, 0.000
N, 513, 23.447, 171.057, 0.000
N, 514, 22.026, 171.057, 0.000
N, 515, 24.157, 172.287, 0.000
N, 516, 23.447, 173.518, 0.000
N, 517, 25.578, 174.748, 0.000
N, 518, 24.157, 174.748, 0.000
N, 519, 26.289, 175.979, 0.000
N, 520, 25.578, 177.210, 0.000
N, 521, 27.710, 178.440, 0.000
N, 522, 26.289, 178.440, 0.000
N, 523, 28.420, 179.671, 0.000
N, 524, 27.710, 180.901, 0.000
N, 525, 28.420, 182.132, 0.000
N, 526, 0.000, 125.524, 0.000
N, 527, 0.710, 126.754, 0.000
N, 528, 0.000, 127.985, 0.000
N, 529, 2.131, 129.215, 0.000
N, 530, 0.710, 129.215, 0.000
N, 531, 2.842, 130.446, 0.000
N, 532, 2.131, 131.677, 0.000
N, 533, 4.263, 132.907, 0.000
N, 534, 2.842, 132.907, 0.000
N, 535, 4.973, 134.138, 0.000
N, 536, 4.263, 135.368, 0.000
N, 537, 6.394, 136.599, 0.000
N, 538, 4.973, 136.599, 0.000
N, 539, 7.105, 137.830, 0.000
N, 540, 6.394, 139.060, 0.000
N, 541, 8.526, 140.291, 0.000
N, 542, 7.105, 140.291, 0.000
N, 543, 9.236, 141.522, 0.000
N, 544, 8.526, 142.752, 0.000
N, 545, 10.658, 143.983, 0.000
N, 546, 9.237, 143.983, 0.000
N, 547, 11.368, 145.213, 0.000
N, 548, 10.658, 146.444, 0.000
N, 549, 12.789, 147.675, 0.000
N, 550, 11.368, 147.675, 0.000
N, 551, 13.500, 148.905, 0.000
N, 552, 12.789, 150.136, 0.000
N, 553, 14.921, 151.367, 0.000
N, 554, 13.500, 151.367, 0.000
N, 555, 15.631, 152.597, 0.000
N, 556, 14.921, 153.828, 0.000
N, 557, 17.052, 155.058, 0.000
N, 558, 15.631, 155.058, 0.000
N, 559, 17.763, 156.289, 0.000
N, 560, 17.052, 157.520, 0.000
N, 561, 19.184, 158.750, 0.000
N, 562, 17.763, 158.750, 0.000
N, 563, 19.894, 159.981, 0.000
N, 564, 19.184, 161.212, 0.000
N, 565, 21.315, 162.442, 0.000
N, 566, 19.894, 162.442, 0.000
N, 567, 22.026, 163.673, 0.000
N, 568, 21.315, 164.903, 0.000
N, 569, 23.447, 166.134, 0.000
N, 570, 22.026, 166.134, 0.000
N, 571, 24.157, 167.365, 0.000
N, 572, 23.447, 168.595, 0.000
N, 573, 25.578, 169.826, 0.000
N, 574, 24.157, 169.826, 0.000
N, 575, 26.289, 171.057, 0.000
N, 576, 25.578, 172.287, 0.000
N, 577, 27.710, 173.518, 0.000
N, 578, 26.289, 173.518, 0.000
N, 579, 28.420, 174.748, 0.000
N, 580, 27.710, 175.979, 0.000
N, 581, 28.420, 177.210, 0.000
N, 582, 0.000, 120.601, 0.000
N, 583, 0.710, 121.832, 0.000
N, 584, 0.000, 123.062, 0.000
N, 585, 2.131, 124.293, 0.000
N, 586, 0.710, 124.293, 0.000
N, 587, 2.842, 125.523, 0.000
N, 588, 2.132, 126.754, 0.000
N, 589, 4.263, 127.985, 0.000
N, 590, 2.842, 127.985, 0.000
N, 591, 4.973, 129.215, 0.000
N, 592, 4.263, 130.446, 0.000
N, 593, 6.394, 131.677, 0.000
N, 594, 4.973, 131.677, 0.000
N, 595, 7.105, 132.907, 0.000
N, 596, 6.395, 134.138, 0.000
N, 597, 8.526, 135.368, 0.000
N, 598, 7.105, 135.368, 0.000
N, 599, 9.236, 136.599, 0.000
N, 600, 8.526, 137.830, 0.000
N, 601, 10.658, 139.060, 0.000
N, 602, 9.236, 139.060, 0.000
N, 603, 11.368, 140.291, 0.000
N, 604, 10.658, 141.522, 0.000
N, 605, 12.789, 142.752, 0.000
N, 606, 11.368, 142.752, 0.000
N, 607, 13.500, 143.983, 0.000
N, 608, 12.789, 145.213, 0.000
N, 609, 14.921, 146.444, 0.000
N, 610, 13.500, 146.444, 0.000
N, 611, 15.631, 147.675, 0.000
N, 612, 14.921, 148.905, 0.000
N, 613, 17.052, 150.136, 0.000
N, 614, 15.631, 150.136, 0.000
N, 615, 17.763, 151.367, 0.000
N, 616, 17.052, 152.597, 0.000
N, 617, 19.184, 153.828, 0.000
N, 618, 17.763, 153.828, 0.000
N, 619, 19.894, 155.058, 0.000
N, 620, 19.184, 156.289, 0.000
N, 621, 21.315, 157.520, 0.000
N, 622, 19.894, 157.520, 0.000
N, 623, 22.026, 158.750, 0.000
N, 624, 21.315, 159.981, 0.000
N, 625, 23.447, 161.212, 0.000
N, 626, 22.026, 161.212, 0.000
N, 627, 24.157, 162.442, 0.000
N, 628, 23.447, 163.673, 0.000
N, 629, 25.578, 164.903, 0.000
N, 630, 24.157, 164.903, 0.000
N, 631, 26.289, 166.134, 0.000
N, 632, 25.578, 167.365, 0.000
N, 633, 27.710, 168.595, 0.000
N, 634, 26.289, 168.595, 0.000
N, 635, 28.420, 169.826, 0.000
N, 636, 27.710, 171.057, 0.000
N, 637, 28.420, 172.287, 0.000
N, 638, 0.000, 115.679, 0.000
N, 639, 0.711, 116.909, 0.000
N, 640, 0.000, 118.140, 0.000
N, 641, 2.132, 119.370, 0.000
N, 642, 0.710, 119.370, 0.000
N, 643, 2.842, 120.601, 0.000
N, 644, 2.132, 121.832, 0.000
N, 645, 4.263, 123.062, 0.000
N, 646, 2.842, 123.062, 0.000
N, 647, 4.974, 124.293, 0.000
N, 648, 4.263, 125.524, 0.000
N, 649, 6.395, 126.754, 0.000
N, 650, 4.974, 126.754, 0.000
N, 651, 7.105, 127.985, 0.000
N, 652, 6.395, 129.215, 0.000
N, 653, 8.526, 130.446, 0.000
N, 654, 7.105, 130.446, 0.000
N, 655, 9.237, 131.677, 0.000
N, 656, 8.526, 132.907, 0.000
N, 657, 10.658, 134.138, 0.000
N, 658, 9.237, 134.138, 0.000
N, 659, 11.368, 135.368, 0.000
N, 660, 10.658, 136.599, 0.000
N, 661, 12.789, 137.830, 0.000
N, 662, 11.368, 137.830, 0.000
N, 663, 13.500, 139.060, 0.000
N, 664, 12.789, 140.291, 0.000
N, 665, 14.921, 141.522, 0.000
N, 666, 13.500, 141.522, 0.000
N, 667, 15.631, 142.752, 0.000
N, 668, 14.921, 143.983, 0.000
N, 669, 17.052, 145.213, 0.000
N, 670, 15.631, 145.213, 0.000
N, 671, 17.763, 146.444, 0.000
N, 672, 17.052, 147.675, 0.000
N, 673, 19.184, 148.905, 0.000
N, 674, 17.763, 148.905, 0.000
N, 675, 19.894, 150.136, 0.000
N, 676, 19.184, 151.367, 0.000
N, 677, 21.315, 152.597, 0.000
N, 678, 19.894, 152.597, 0.000
N, 679, 22.026, 153.828, 0.000
N, 680, 21.315, 155.058, 0.000
N, 681, 23.447, 156.289, 0.000
N, 682, 22.026, 156.289, 0.000
N, 683, 24.157, 157.520, 0.000
N, 684, 23.447, 158.750, 0.000
N, 685, 25.578, 159.981, 0.000
N, 686, 24.157, 159.981, 0.000
N, 687, 26.289, 161.212, 0.000
N, 688, 25.578, 162.442, 0.000
N, 689, 27.710, 163.673, 0.000
N, 690, 26.289, 163.673, 0.000
N, 691, 28.420, 164.903, 0.000
N, 692, 27.710, 166.134, 0.000
N, 693, 28.420, 167.365, 0.000
N, 694, 0.000, 110.756, 0.000
N, 695, 0.710, 111.987, 0.000
N, 696, 0.000, 113.217, 0.000
N, 697, 2.131, 114.448, 0.000
N, 698, 0.710, 114.448, 0.000
N, 699, 2.842, 115.679, 0.000
N, 700, 2.131, 116.909, 0.000
N, 701, 4.263, 118.140, 0.000
N, 702, 2.842, 118.140, 0.000
N, 703, 4.973, 119.370, 0.000
N, 704, 4.263, 120.601, 0.000
N, 705, 6.394, 121.832, 0.000
N, 706, 4.973, 121.832, 0.000
N, 707, 7.105, 123.062, 0.000
N, 708, 6.394, 124.293, 0.000
N, 709, 8.526, 125.524, 0.000
N, 710, 7.105, 125.524, 0.000
N, 711, 9.236, 126.754, 0.000
N, 712, 8.526, 127.985, 0.000
N, 713, 10.658, 129.215, 0.000
N, 714, 9.236, 129.215, 0.000
N, 715, 11.368, 130.446, 0.000
N, 716, 10.658, 131.677, 0.000
N, 717, 12.789, 132.907, 0.000
N, 718, 11.368, 132.907, 0.000
N, 719, 13.500, 134.138, 0.000
N, 720, 12.789, 135.368, 0.000
N, 721, 14.921, 136.599, 0.000
N, 722, 13.500, 136.599, 0.000
N, 723, 15.631, 137.830, 0.000
N, 724, 14.921, 139.060, 0.000
N, 725, 17.052, 140.291, 0.000
N, 726, 15.631, 140.291, 0.000
N, 727, 17.763, 141.522, 0.000
N, 728, 17.052, 142.752, 0.000
N, 729, 19.184, 143.983, 0.000
N, 730, 17.763, 143.983, 0.000
N, 731, 19.894, 145.213, 0.000
N, 732, 19.184, 146.444, 0.000
N, 733, 21.315, 147.675, 0.000
N, 734, 19.894, 147.675, 0.000
N, 735, 22.026, 148.905, 0.000
N, 736, 21.315, 150.136, 0.000
N, 737, 23.447, 151.367, 0.000
N, 738, 22.026, 151.367, 0.000
N, 739, 24.157, 152.597, 0.000
N, 740, 23.447, 153.828, 0.000
N, 741, 25.578, 155.058, 0.000
N, 742, 24.157, 155.058, 0.000
N, 743, 26.289, 156.289, 0.000
N, 744, 25.578, 157.520, 0.000
N, 745, 27.710, 158.750, 0.000
N, 746, 26.289, 158.750, 0.000
N, 747, 28.420, 159.981, 0.000
N, 748, 27.710, 161.212, 0.000
N, 749, 28.420, 162.442, 0.000
N, 750, 0.000, 105.834, 0.000
N, 751, 0.710, 107.064, 0.000
N, 752, 0.000, 108.295, 0.000
N, 753, 2.132, 109.525, 0.000
N, 754, 0.711, 109.525, 0.000
N, 755, 2.842, 110.756, 0.000
N, 756, 2.132, 111.987, 0.000
N, 757, 4.263, 113.217, 0.000
N, 758, 2.842, 113.217, 0.000
N, 759, 4.974, 114.448, 0.000
N, 760, 4.263, 115.679, 0.000
N, 761, 6.394, 116.909, 0.000
N, 762, 4.973, 116.909, 0.000
N, 763, 7.105, 118.140, 0.000
N, 764, 6.394, 119.370, 0.000
N, 765, 8.526, 120.601, 0.000
N, 766, 7.105, 120.601, 0.000
N, 767, 9.236, 121.832, 0.000
N, 768, 8.526, 123.062, 0.000
N, 769, 10.658, 124.293, 0.000
N, 770, 9.236, 124.293, 0.000
N, 771, 11.368, 125.524, 0.000
N, 772, 10.658, 126.754, 0.000
N, 773, 12.789, 127.985, 0.000
N, 774, 11.368, 127.985, 0.000
N, 775, 13.500, 129.215, 0.000
N, 776, 12.789, 130.446, 0.000
N, 777, 14.921, 131.677, 0.000
N, 778, 13.500, 131.677, 0.000
N, 779, 15.631, 132.907, 0.000
N, 780, 14.921, 134.138, 0.000
N, 781, 17.052, 135.368, 0.000
N, 782, 15.631, 135.368, 0.000
N, 783, 17.763, 136.599, 0.000
N, 784, 17.052, 137.830, 0.000
N, 785, 19.184, 139.060, 0.000
N, 786, 17.763, 139.060, 0.000
N, 787, 19.894, 140.291, 0.000
N, 788, 19.184, 141.522, 0.000
N, 789, 21.315, 142.752, 0.000
N, 790, 19.894, 142.752, 0.000
N, 791, 22.026, 143.983, 0.000
N, 792, 21.315, 145.213, 0.000
N, 793, 23.447, 146.444, 0.000
N, 794, 22.026, 146.444, 0.000
N, 795, 24.157, 147.675, 0.000
N, 796, 23.447, 148.905, 0.000
N, 797, 25.578, 150.136, 0.000
N, 798, 24.157, 150.136, 0.000
N, 799, 26.289, 151.367, 0.000
N, 800, 25.578, 152.597, 0.000
N, 801, 27.710, 153.828, 0.000
N, 802, 26.289, 153.828, 0.000
N, 803, 28.420, 155.058, 0.000
N, 804, 27.710, 156.289, 0.000
N, 805, 28.420, 157.520, 0.000
N, 806, 0.000, 100.911, 0.000
N, 807, 0.711, 102.142, 0.000
N, 808, 0.000, 103.372, 0.000
N, 809, 2.132, 104.603, 0.000
N, 810, 0.711, 104.603, 0.000
N, 811, 2.842, 105.834, 0.000
N, 812, 2.132, 107.064, 0.000
N, 813, 4.263, 108.295, 0.000
N, 814, 2.842, 108.295, 0.000
N, 815, 4.974, 109.525, 0.000
N, 816, 4.263, 110.756, 0.000
N, 817, 6.395, 111.987, 0.000
N, 818, 4.974, 111.987, 0.000
N, 819, 7.105, 113.217, 0.000
N, 820, 6.395, 114.448, 0.000
N, 821, 8.526, 115.679, 0.000
N, 822, 7.105, 115.679, 0.000
N, 823, 9.236, 116.909, 0.000
N, 824, 8.526, 118.140, 0.000
N, 825, 10.658, 119.370, 0.000
N, 826, 9.237, 119.370, 0.000
N, 827, 11.368, 120.601, 0.000
N, 828, 10.658, 121.832, 0.000
N, 829, 12.789, 123.062, 0.000
N, 830, 11.368, 123.062, 0.000
N, 831, 13.500, 124.293, 0.000
N, 832, 12.789, 125.524, 0.000
N, 833, 14.921, 126.754, 0.000
N, 834, 13.500, 126.754, 0.000
N, 835, 15.631, 127.985, 0.000
N, 836, 14.921, 129.215, 0.000
N, 837, 17.052, 130.446, 0.000
N, 838, 15.631, 130.446, 0.000
N, 839, 17.763, 131.677, 0.000
N, 840, 17.052, 132.907, 0.000
N, 841, 19.184, 134.138, 0.000
N, 842, 17.763, 134.138, 0.000
N, 843, 19.894, 135.368, 0.000
N, 844, 19.184, 136.599, 0.000
N, 845, 21.315, 137.830, 0.000
N, 846, 19.894, 137.830, 0.000
N, 847, 22.026, 139.060, 0.000
N, 848, 21.315, 140.291, 0.000
N, 849, 23.447, 141.522, 0.000
N, 850, 22.026, 141.522, 0.000
N, 851, 24.157, 142.752, 0.000
N, 852, 23.447, 143.983, 0.000
N, 853, 25.578, 145.213, 0.000
N, 854, 24.157, 145.213, 0.000
N, 855, 26.289, 146.444, 0.000
N, 856, 25.578, 147.675, 0.000
N, 857, 27.710, 148.905, 0.000
N, 858, 26.289, 148.905, 0.000
N, 859, 28.420, 150.136, 0.000
N, 860, 27.710, 151.367, 0.000
N, 861, 28.420, 152.597, 0.000
N, 862, 0.000, 95.989, 0.000
N, 863, 0.711, 97.219, 0.000
N, 864, 0.000, 98.450, 0.000
N, 865, 2.132, 99.680, 0.000
N, 866, 0.711, 99.680, 0.000
N, 867, 2.842, 100.911, 0.000
N, 868, 2.132, 102.142, 0.000
N, 869, 4.263, 103.372, 0.000
N, 870, 2.842, 103.372, 0.000
N, 871, 4.974, 104.603, 0.000
N, 872, 4.263, 105.834, 0.000
N, 873, 6.395, 107.064, 0.000
N, 874, 4.974, 107.064, 0.000
N, 875, 7.105, 108.295, 0.000
N, 876, 6.395, 109.525, 0.000
N, 877, 8.526, 110.756, 0.000
N, 878, 7.105, 110.756, 0.000
N, 879, 9.237, 111.987, 0.000
N, 880, 8.526, 113.217, 0.000
N, 881, 10.658, 114.448, 0.000
N, 882, 9.237, 114.448, 0.000
N, 883, 11.368, 115.679, 0.000
N, 884, 10.658, 116.909, 0.000
N, 885, 12.789, 118.140, 0.000
N, 886, 11.368, 118.140, 0.000
N, 887, 13.500, 119.370, 0.000
N, 888, 12.789, 120.601, 0.000
N, 889, 14.921, 121.832, 0.000
N, 890, 13.500, 121.832, 0.000
N, 891, 15.631, 123.062, 0.000
N, 892, 14.921, 124.293, 0.000
N, 893, 17.052, 125.524, 0.000
N, 894, 15.631, 125.523, 0.000
N, 895, 17.763, 126.754, 0.000
N, 896, 17.052, 127.985, 0.000
N, 897, 19.184, 129.215, 0.000
N, 898, 17.763, 129.215, 0.000
N, 899, 19.894, 130.446, 0.000
N, 900, 19.184, 131.677, 0.000
N, 901, 21.315, 132.907, 0.000
N, 902, 19.894, 132.907, 0.000
N, 903, 22.026, 134.138, 0.000
N, 904, 21.315, 135.368, 0.000
N, 905, 23.447, 136.599, 0.000
N, 906, 22.026, 136.599, 0.000
N, 907, 24.157, 137.830, 0.000
N, 908, 23.447, 139.060, 0.000
N, 909, 25.578, 140.291, 0.000
N, 910, 24.157, 140.291, 0.000
N, 911, 26.289, 141.522, 0.000
N, 912, 25.578, 142.752, 0.000
N, 913, 27.710, 143.983, 0.000
N, 914, 26.289, 143.983, 0.000
N, 915, 28.420, 145.213, 0.000
N, 916, 27.710, 146.444, 0.000
N, 917, 28.420, 147.675, 0.000
N, 918, 0.000, 91.066, 0.000
N, 919, 0.710, 92.297, 0.000
N, 920, 0.000, 93.527, 0.000
N, 921, 2.132, 94.758, 0.000
N, 922, 0.710, 94.758, 0.000
N, 923, 2.842, 95.989, 0.000
N, 924, 2.132, 97.219, 0.000
N, 925, 4.263, 98.450, 0.000
N, 926, 2.842, 98.450, 0.000
N, 927, 4.973, 99.680, 0.000
N, 928, 4.263, 100.911, 0.000
N, 929, 6.395, 102.142, 0.000
N, 930, 4.973, 102.142, 0.000
N, 931, 7.105, 103.372, 0.000
N, 932, 6.395, 104.603, 0.000
N, 933, 8.526, 105.834, 0.000
N, 934, 7.105, 105.834, 0.000
N, 935, 9.236, 107.064, 0.000
N, 936, 8.526, 108.295, 0.000
N, 937, 10.658, 109.525, 0.000
N, 938, 9.237, 109.525, 0.000
N, 939, 11.368, 110.756, 0.000
N, 940, 10.658, 111.987, 0.000
N, 941, 12.789, 113.217, 0.000
N, 942, 11.368, 113.217, 0.000
N, 943, 13.500, 114.448, 0.000
N, 944, 12.789, 115.679, 0.000
N, 945, 14.921, 116.909, 0.000
N, 946, 13.500, 116.909, 0.000
N, 947, 15.631, 118.140, 0.000
N, 948, 14.921, 119.370, 0.000
N, 949, 17.052, 120.601, 0.000
N, 950, 15.631, 120.601, 0.000
N, 951, 17.763, 121.832, 0.000
N, 952, 17.052, 123.062, 0.000
N, 953, 19.184, 124.293, 0.000
N, 954, 17.763, 124.293, 0.000
N, 955, 19.894, 125.524, 0.000
N, 956, 19.184, 126.754, 0.000
N, 957, 21.315, 127.985, 0.000
N, 958, 19.894, 127.985, 0.000
N, 959, 22.026, 129.215, 0.000
N, 960, 21.315, 130.446, 0.000
N, 961, 23.447, 131.677, 0.000
N, 962, 22.026, 131.677, 0.000
N, 963, 24.157, 132.907, 0.000
N, 964, 23.447, 134.138, 0.000
N, 965, 25.578, 135.368, 0.000
N, 966, 24.157, 135.368, 0.000
N, 967, 26.289, 136.599, 0.000
N, 968, 25.578, 137.830, 0.000
N, 969, 27.710, 139.060, 0.000
N, 970, 26.289, 139.060, 0.000
N, 971, 28.420, 140.291, 0.000
N, 972, 27.710, 141.522, 0.000
N, 973, 28.420, 142.752, 0.000
N, 974, 0.000, 86.144, 0.000
N, 975, 0.710, 87.374, 0.000
N, 976, 0.000, 88.605, 0.000
N, 977, 2.132, 89.835, 0.000
N, 978, 0.711, 89.835, 0.000
N, 979, 2.842, 91.066, 0.000
N, 980, 2.132, 92.297, 0.000
N, 981, 4.263, 93.527, 0.000
N, 982, 2.842, 93.527, 0.000
N, 983, 4.974, 94.758, 0.000
N, 984, 4.263, 95.989, 0.000
N, 985, 6.395, 97.219, 0.000
N, 986, 4.974, 97.219, 0.000
N, 987, 7.105, 98.450, 0.000
N, 988, 6.395, 99.680, 0.000
N, 989, 8.526, 100.911, 0.000
N, 990, 7.105, 100.911, 0.000
N, 991, 9.237, 102.142, 0.000
N, 992, 8.526, 103.372, 0.000
N, 993, 10.658, 104.603, 0.000
N, 994, 9.237, 104.603, 0.000
N, 995, 11.368, 105.834, 0.000
N, 996, 10.658, 107.064, 0.000
N, 997, 12.789, 108.295, 0.000
N, 998, 11.368, 108.295, 0.000
N, 999, 13.500, 109.525, 0.000
N, 1000, 12.789, 110.756, 0.000
N, 1001, 14.921, 111.987, 0.000
N, 1002, 13.500, 111.987, 0.000
N, 1003, 15.631, 113.217, 0.000
N, 1004, 14.921, 114.448, 0.000
N, 1005, 17.052, 115.679, 0.000
N, 1006, 15.631, 115.679, 0.000
N, 1007, 17.763, 116.909, 0.000
N, 1008, 17.052, 118.140, 0.000
N, 1009, 19.184, 119.370, 0.000
N, 1010, 17.763, 119.370, 0.000
N, 1011, 19.894, 120.601, 0.000
N, 1012, 19.184, 121.832, 0.000
N, 1013, 21.315, 123.062, 0.000
N, 1014, 19.894, 123.062, 0.000
N, 1015, 22.026, 124.293, 0.000
N, 1016, 21.315, 125.524, 0.000
N, 1017, 23.447, 126.754, 0.000
N, 1018, 22.026, 126.754, 0.000
N, 1019, 24.157, 127.985, 0.000
N, 1020, 23.447, 129.215, 0.000
N, 1021, 25.578, 130.446, 0.000
N, 1022, 24.157, 130.446, 0.000
N, 1023, 26.289, 131.677, 0.000
N, 1024, 25.578, 132.907, 0.000
N, 1025, 27.710, 134.138, 0.000
N, 1026, 26.289, 134.138, 0.000
N, 1027, 28.420, 135.368, 0.000
N, 1028, 27.710, 136.599, 0.000
N, 1029, 28.420, 137.830, 0.000
N, 1030, 0.000, 81.221, 0.000
N, 1031, 0.711, 82.452, 0.000
N, 1032, 0.000, 83.682, 0.000
N, 1033, 2.132, 84.913, 0.000
N, 1034, 0.711, 84.913, 0.000
N, 1035, 2.842, 86.144, 0.000
N, 1036, 2.132, 87.374, 0.000
N, 1037, 4.263, 88.605, 0.000
N, 1038, 2.842, 88.605, 0.000
N, 1039, 4.974, 89.835, 0.000
N, 1040, 4.263, 91.066, 0.000
N, 1041, 6.395, 92.297, 0.000
N, 1042, 4.974, 92.297, 0.000
N, 1043, 7.105, 93.527, 0.000
N, 1044, 6.395, 94.758, 0.000
N, 1045, 8.526, 95.989, 0.000
N, 1046, 7.105, 95.989, 0.000
N, 1047, 9.237, 97.219, 0.000
N, 1048, 8.526, 98.450, 0.000
N, 1049, 10.658, 99.680, 0.000
N, 1050, 9.237, 99.680, 0.000
N, 1051, 11.368, 100.911, 0.000
N, 1052, 10.658, 102.142, 0.000
N, 1053, 12.789, 103.372, 0.000
N, 1054, 11.368, 103.372, 0.000
N, 1055, 13.500, 104.603, 0.000
N, 1056, 12.789, 105.834, 0.000
N, 1057, 14.921, 107.064, 0.000
N, 1058, 13.500, 107.064, 0.000
N, 1059, 15.631, 108.295, 0.000
N, 1060, 14.921, 109.525, 0.000
N, 1061, 17.052, 110.756, 0.000
N, 1062, 15.631, 110.756, 0.000
N, 1063, 17.763, 111.987, 0.000
N, 1064, 17.052, 113.217, 0.000
N, 1065, 19.184, 114.448, 0.000
N, 1066, 17.763, 114.448, 0.000
N, 1067, 19.894, 115.679, 0.000
N, 1068, 19.184, 116.909, 0.000
N, 1069, 21.315, 118.140, 0.000
N, 1070, 19.894, 118.140, 0.000
N, 1071, 22.026, 119.370, 0.000
N, 1072, 21.315, 120.601, 0.000
N, 1073, 23.447, 121.832, 0.000
N, 1074, 22.026, 121.832, 0.000
N, 1075, 24.157, 123.062, 0.000
N, 1076, 23.447, 124.293, 0.000
N, 1077, 25.578, 125.524, 0.000
N, 1078, 24.157, 125.523, 0.000
N, 1079, 26.289, 126.754, 0.000
N, 1080, 25.578, 127.985, 0.000
N, 1081, 27.710, 129.215, 0.000
N, 1082, 26.289, 129.215, 0.000
N, 1083, 28.420, 130.446, 0.000
N, 1084, 27.710, 131.677, 0.000
N, 1085, 28.420, 132.907, 0.000
N, 1086, 0.000, 76.299, 0.000
N, 1087, 0.711, 77.529, 0.000
N, 1088, 0.000, 78.760, 0.000
N, 1089, 2.132, 79.990, 0.000
N, 1090, 0.711, 79.990, 0.000
N, 1091, 2.842, 81.221, 0.000
N, 1092, 2.132, 82.452, 0.000
N, 1093, 4.263, 83.682, 0.000
N, 1094, 2.842, 83.682, 0.000
N, 1095, 4.974, 84.913, 0.000
N, 1096, 4.263, 86.144, 0.000
N, 1097, 6.395, 87.374, 0.000
N, 1098, 4.974, 87.374, 0.000
N, 1099, 7.105, 88.605, 0.000
N, 1100, 6.395, 89.835, 0.000
N, 1101, 8.526, 91.066, 0.000
N, 1102, 7.105, 91.066, 0.000
N, 1103, 9.237, 92.297, 0.000
N, 1104, 8.526, 93.527, 0.000
N, 1105, 10.658, 94.758, 0.000
N, 1106, 9.237, 94.758, 0.000
N, 1107, 11.368, 95.989, 0.000
N, 1108, 10.658, 97.219, 0.000
N, 1109, 12.789, 98.450, 0.000
N, 1110, 11.368, 98.450, 0.000
N, 1111, 13.500, 99.680, 0.000
N, 1112, 12.789, 100.911, 0.000
N, 1113, 14.921, 102.142, 0.000
N, 1114, 13.500, 102.142, 0.000
N, 1115, 15.631, 103.372, 0.000
N, 1116, 14.921, 104.603, 0.000
N, 1117, 17.052, 105.834, 0.000
N, 1118, 15.631, 105.834, 0.000
N, 1119, 17.763, 107.064, 0.000
N, 1120, 17.052, 108.295, 0.000
N, 1121, 19.184, 109.525, 0.000
N, 1122, 17.763, 109.525, 0.000
N, 1123, 19.894, 110.756, 0.000
N, 1124, 19.184, 111.987, 0.000
N, 1125, 21.315, 113.217, 0.000
N, 1126, 19.894, 113.217, 0.000
N, 1127, 22.026, 114.448, 0.000
N, 1128, 21.315, 115.679, 0.000
N, 1129, 23.447, 116.909, 0.000
N, 1130, 22.026, 116.909, 0.000
N, 1131, 24.157, 118.140, 0.000
N, 1132, 23.447, 119.370, 0.000
N, 1133, 25.578, 120.601, 0.000
N, 1134, 24.157, 120.601, 0.000
N, 1135, 26.289, 121.832, 0.000
N, 1136, 25.578, 123.062, 0.000
N, 1137, 27.710, 124.293, 0.000
N, 1138, 26.289, 124.293, 0.000
N, 1139, 28.420, 125.523, 0.000
N, 1140, 27.710, 126.754, 0.000
N, 1141, 28.420, 127.985, 0.000
N, 1142, 0.000, 71.376, 0.000
N, 1143, 0.711, 72.607, 0.000
N, 1144, 0.000, 73.837, 0.000
N, 1145, 2.132, 75.068, 0.000
N, 1146, 0.710, 75.068, 0.000
N, 1147, 2.842, 76.299, 0.000
N, 1148, 2.132, 77.529, 0.000
N, 1149, 4.263, 78.760, 0.000
N, 1150, 2.842, 78.760, 0.000
N, 1151, 4.973, 79.990, 0.000
N, 1152, 4.263, 81.221, 0.000
N, 1153, 6.395, 82.452, 0.000
N, 1154, 4.974, 82.452, 0.000
N, 1155, 7.105, 83.682, 0.000
N, 1156, 6.395, 84.913, 0.000
N, 1157, 8.526, 86.144, 0.000
N, 1158, 7.105, 86.144, 0.000
N, 1159, 9.237, 87.374, 0.000
N, 1160, 8.526, 88.605, 0.000
N, 1161, 10.658, 89.835, 0.000
N, 1162, 9.237, 89.835, 0.000
N, 1163, 11.368, 91.066, 0.000
N, 1164, 10.658, 92.297, 0.000
N, 1165, 12.789, 93.527, 0.000
N, 1166, 11.368, 93.527, 0.000
N, 1167, 13.500, 94.758, 0.000
N, 1168, 12.789, 95.989, 0.000
N, 1169, 14.921, 97.219, 0.000
N, 1170, 13.500, 97.219, 0.000
N, 1171, 15.631, 98.450, 0.000
N, 1172, 14.921, 99.680, 0.000
N, 1173, 17.052, 100.911, 0.000
N, 1174, 15.631, 100.911, 0.000
N, 1175, 17.763, 102.142, 0.000
N, 1176, 17.052, 103.372, 0.000
N, 1177, 19.184, 104.603, 0.000
N, 1178, 17.763, 104.603, 0.000
N, 1179, 19.894, 105.834, 0.000
N, 1180, 19.184, 107.064, 0.000
N, 1181, 21.315, 108.295, 0.000
N, 1182, 19.894, 108.295, 0.000
N, 1183, 22.026, 109.525, 0.000
N, 1184, 21.315, 110.756, 0.000
N, 1185, 23.447, 111.987, 0.000
N, 1186, 22.026, 111.987, 0.000
N, 1187, 24.157, 113.217, 0.000
N, 1188, 23.447, 114.448, 0.000
N, 1189, 25.578, 115.679, 0.000
N, 1190, 24.157, 115.679, 0.000
N, 1191, 26.289, 116.909, 0.000
N, 1192, 25.578, 118.140, 0.000
N, 1193, 27.710, 119.370, 0.000
N, 1194, 26.289, 119.370, 0.000
N, 1195, 28.420, 120.601, 0.000
N, 1196, 27.710, 121.832, 0.000
N, 1197, 28.420, 123.062, 0.000
N, 1198, 0.000, 66.454, 0.000
N, 1199, 0.711, 67.684, 0.000
N, 1200, 0.000, 68.915, 0.000
N, 1201, 2.132, 70.145, 0.000
N, 1202, 0.711, 70.145, 0.000
N, 1203, 2.842, 71.376, 0.000
N, 1204, 2.132, 72.607, 0.000
N, 1205, 4.263, 73.837, 0.000
N, 1206, 2.842, 73.837, 0.000
N, 1207, 4.974, 75.068, 0.000
N, 1208, 4.263, 76.299, 0.000
N, 1209, 6.395, 77.529, 0.000
N, 1210, 4.974, 77.529, 0.000
N, 1211, 7.105, 78.760, 0.000
N, 1212, 6.395, 79.990, 0.000
N, 1213, 8.526, 81.221, 0.000
N, 1214, 7.105, 81.221, 0.000
N, 1215, 9.237, 82.452, 0.000
N, 1216, 8.526, 83.682, 0.000
N, 1217, 10.658, 84.913, 0.000
N, 1218, 9.237, 84.913, 0.000
N, 1219, 11.368, 86.144, 0.000
N, 1220, 10.658, 87.374, 0.000
N, 1221, 12.789, 88.605, 0.000
N, 1222, 11.368, 88.605, 0.000
N, 1223, 13.500, 89.835, 0.000
N, 1224, 12.789, 91.066, 0.000
N, 1225, 14.921, 92.297, 0.000
N, 1226, 13.500, 92.297, 0.000
N, 1227, 15.631, 93.527, 0.000
N, 1228, 14.921, 94.758, 0.000
N, 1229, 17.052, 95.989, 0.000
N, 1230, 15.631, 95.989, 0.000
N, 1231, 17.763, 97.219, 0.000
N, 1232, 17.052, 98.450, 0.000
N, 1233, 19.184, 99.680, 0.000
N, 1234, 17.763, 99.680, 0.000
N, 1235, 19.894, 100.911, 0.000
N, 1236, 19.184, 102.142, 0.000
N, 1237, 21.315, 103.372, 0.000
N, 1238, 19.894, 103.372, 0.000
N, 1239, 22.026, 104.603, 0.000
N, 1240, 21.315, 105.834, 0.000
N, 1241, 23.447, 107.064, 0.000
N, 1242, 22.026, 107.064, 0.000
N, 1243, 24.157, 108.295, 0.000
N, 1244, 23.447, 109.525, 0.000
N, 1245, 25.578, 110.756, 0.000
N, 1246, 24.157, 110.756, 0.000
N, 1247, 26.289, 111.987, 0.000
N, 1248, 25.578, 113.217, 0.000
N, 1249, 27.710, 114.448, 0.000
N, 1250, 26.289, 114.448, 0.000
N, 1251, 28.420, 115.679, 0.000
N, 1252, 27.710, 116.909, 0.000
N, 1253, 28.420, 118.140, 0.000
N, 1254, 0.000, 61.531, 0.000
N, 1255, 0.710, 62.762, 0.000
N, 1256, 0.000, 63.992, 0.000
N, 1257, 2.131, 65.223, 0.000
N, 1258, 0.710, 65.223, 0.000
N, 1259, 2.842, 66.454, 0.000
N, 1260, 2.131, 67.684, 0.000
N, 1261, 4.263, 68.915, 0.000
N, 1262, 2.842, 68.915, 0.000
N, 1263, 4.973, 70.145, 0.000
N, 1264, 4.263, 71.376, 0.000
N, 1265, 6.394, 72.607, 0.000
N, 1266, 4.973, 72.607, 0.000
N, 1267, 7.105, 73.837, 0.000
N, 1268, 6.395, 75.068, 0.000
N, 1269, 8.526, 76.299, 0.000
N, 1270, 7.105, 76.299, 0.000
N, 1271, 9.236, 77.529, 0.000
N, 1272, 8.526, 78.760, 0.000
N, 1273, 10.658, 79.990, 0.000
N, 1274, 9.236, 79.990, 0.000
N, 1275, 11.368, 81.221, 0.000
N, 1276, 10.658, 82.452, 0.000
N, 1277, 12.789, 83.682, 0.000
N, 1278, 11.368, 83.682, 0.000
N, 1279, 13.500, 84.913, 0.000
N, 1280, 12.789, 86.144, 0.000
N, 1281, 14.921, 87.374, 0.000
N, 1282, 13.500, 87.374, 0.000
N, 1283, 15.631, 88.605, 0.000
N, 1284, 14.921, 89.835, 0.000
N, 1285, 17.052, 91.066, 0.000
N, 1286, 15.631, 91.066, 0.000
N, 1287, 17.763, 92.297, 0.000
N, 1288, 17.052, 93.527, 0.000
N, 1289, 19.184, 94.758, 0.000
N, 1290, 17.763, 94.758, 0.000
N, 1291, 19.894, 95.989, 0.000
N, 1292, 19.184, 97.219, 0.000
N, 1293, 21.315, 98.450, 0.000
N, 1294, 19.894, 98.450, 0.000
N, 1295, 22.026, 99.680, 0.000
N, 1296, 21.315, 100.911, 0.000
N, 1297, 23.447, 102.142, 0.000
N, 1298, 22.026, 102.142, 0.000
N, 1299, 24.157, 103.372, 0.000
N, 1300, 23.447, 104.603, 0.000
N, 1301, 25.578, 105.834, 0.000
N, 1302, 24.157, 105.834, 0.000
N, 1303, 26.289, 107.064, 0.000
N, 1304, 25.578, 108.295, 0.000
N, 1305, 27.710, 109.525, 0.000
N, 1306, 26.289, 109.525, 0.000
N, 1307, 28.420, 110.756, 0.000
N, 1308, 27.710, 111.987, 0.000
N, 1309, 29.841, 113.217, 0.000
N, 1310, 28.420, 113.217, 0.000
N, 1311, 29.841, 115.679, 0.000
N, 1312, 0.000, 56.609, 0.000
N, 1313, 0.711, 57.839, 0.000
N, 1314, 0.000, 59.070, 0.000
N, 1315, 2.132, 60.300, 0.000
N, 1316, 0.711, 60.300, 0.000
N, 1317, 2.842, 61.531, 0.000
N, 1318, 2.132, 62.762, 0.000
N, 1319, 4.263, 63.992, 0.000
N, 1320, 2.842, 63.992, 0.000
N, 1321, 4.974, 65.223, 0.000
N, 1322, 4.263, 66.454, 0.000
N, 1323, 6.395, 67.684, 0.000
N, 1324, 4.974, 67.684, 0.000
N, 1325, 7.105, 68.915, 0.000
N, 1326, 6.395, 70.145, 0.000
N, 1327, 8.526, 71.376, 0.000
N, 1328, 7.105, 71.376, 0.000
N, 1329, 9.237, 72.607, 0.000
N, 1330, 8.526, 73.837, 0.000
N, 1331, 10.658, 75.068, 0.000
N, 1332, 9.237, 75.068, 0.000
N, 1333, 11.368, 76.299, 0.000
N, 1334, 10.658, 77.529, 0.000
N, 1335, 12.789, 78.760, 0.000
N, 1336, 11.368, 78.760, 0.000
N, 1337, 13.500, 79.990, 0.000
N, 1338, 12.789, 81.221, 0.000
N, 1339, 14.921, 82.452, 0.000
N, 1340, 13.500, 82.452, 0.000
N, 1341, 15.631, 83.682, 0.000
N, 1342, 14.921, 84.913, 0.000
N, 1343, 17.052, 86.144, 0.000
N, 1344, 15.631, 86.144, 0.000
N, 1345, 17.763, 87.374, 0.000
N, 1346, 17.052, 88.605, 0.000
N, 1347, 19.184, 89.835, 0.000
N, 1348, 17.763, 89.835, 0.000
N, 1349, 19.894, 91.066, 0.000
N, 1350, 19.184, 92.297, 0.000
N, 1351, 21.315, 93.527, 0.000
N, 1352, 19.894, 93.527, 0.000
N, 1353, 22.026, 94.758, 0.000
N, 1354, 21.315, 95.989, 0.000
N, 1355, 23.447, 97.219, 0.000
N, 1356, 22.026, 97.219, 0.000
N, 1357, 24.157, 98.450, 0.000
N, 1358, 23.447, 99.680, 0.000
N, 1359, 25.578, 100.911, 0.000
N, 1360, 24.157, 100.911, 0.000
N, 1361, 26.289, 102.142, 0.000
N, 1362, 25.578, 103.372, 0.000
N, 1363, 27.710, 104.603, 0.000
N, 1364, 26.289, 104.603, 0.000
N, 1365, 28.420, 105.834, 0.000
N, 1366, 27.710, 107.064, 0.000
N, 1367, 28.420, 108.295, 0.000
N, 1368, 0.000, 51.686, 0.000
N, 1369, 0.711, 52.917, 0.000
N, 1370, 0.000, 54.147, 0.000
N, 1371, 2.132, 55.378, 0.000
N, 1372, 0.711, 55.378, 0.000
N, 1373, 2.842, 56.609, 0.000
N, 1374, 2.131, 57.839, 0.000
N, 1375, 4.263, 59.070, 0.000
N, 1376, 2.842, 59.070, 0.000
N, 1377, 4.973, 60.300, 0.000
N, 1378, 4.263, 61.531, 0.000
N, 1379, 6.394, 62.762, 0.000
N, 1380, 4.974, 62.762, 0.000
N, 1381, 7.105, 63.992, 0.000
N, 1382, 6.395, 65.223, 0.000
N, 1383, 8.526, 66.454, 0.000
N, 1384, 7.105, 66.454, 0.000
N, 1385, 9.237, 67.684, 0.000
N, 1386, 8.526, 68.915, 0.000
N, 1387, 10.658, 70.145, 0.000
N, 1388, 9.236, 70.145, 0.000
N, 1389, 11.368, 71.376, 0.000
N, 1390, 10.658, 72.607, 0.000
N, 1391, 12.789, 73.837, 0.000
N, 1392, 11.368, 73.837, 0.000
N, 1393, 13.500, 75.068, 0.000
N, 1394, 12.789, 76.299, 0.000
N, 1395, 14.921, 77.529, 0.000
N, 1396, 13.500, 77.529, 0.000
N, 1397, 15.631, 78.760, 0.000
N, 1398, 14.921, 79.990, 0.000
N, 1399, 17.052, 81.221, 0.000
N, 1400, 15.631, 81.221, 0.000
N, 1401, 17.763, 82.452, 0.000
N, 1402, 17.052, 83.682, 0.000
N, 1403, 19.184, 84.913, 0.000
N, 1404, 17.763, 84.913, 0.000
N, 1405, 19.894, 86.144, 0.000
N, 1406, 19.184, 87.374, 0.000
N, 1407, 21.315, 88.605, 0.000
N, 1408, 19.894, 88.605, 0.000
N, 1409, 22.026, 89.835, 0.000
N, 1410, 21.315, 91.066, 0.000
N, 1411, 23.447, 92.297, 0.000
N, 1412, 22.026, 92.297, 0.000
N, 1413, 24.157, 93.527, 0.000
N, 1414, 23.447, 94.758, 0.000
N, 1415, 25.578, 95.989, 0.000
N, 1416, 24.157, 95.989, 0.000
N, 1417, 26.289, 97.219, 0.000
N, 1418, 25.578, 98.450, 0.000
N, 1419, 27.710, 99.680, 0.000
N, 1420, 26.289, 99.680, 0.000
N, 1421, 28.420, 100.911, 0.000
N, 1422, 27.710, 102.142, 0.000
N, 1423, 29.841, 103.372, 0.000
N, 1424, 28.420, 103.372, 0.000
N, 1425, 29.841, 105.834, 0.000
N, 1426, 0.000, 46.764, 0.000
N, 1427, 0.711, 47.994, 0.000
N, 1428, 0.000, 49.225, 0.000
N, 1429, 2.132, 50.456, 0.000
N, 1430, 0.711, 50.456, 0.000
N, 1431, 2.842, 51.686, 0.000
N, 1432, 2.132, 52.917, 0.000
N, 1433, 4.263, 54.147, 0.000
N, 1434, 2.842, 54.147, 0.000
N, 1435, 4.974, 55.378, 0.000
N, 1436, 4.263, 56.609, 0.000
N, 1437, 6.395, 57.839, 0.000
N, 1438, 4.974, 57.839, 0.000
N, 1439, 7.105, 59.070, 0.000
N, 1440, 6.395, 60.300, 0.000
N, 1441, 8.526, 61.531, 0.000
N, 1442, 7.105, 61.531, 0.000
N, 1443, 9.237, 62.762, 0.000
N, 1444, 8.526, 63.992, 0.000
N, 1445, 10.658, 65.223, 0.000
N, 1446, 9.237, 65.223, 0.000
N, 1447, 11.368, 66.454, 0.000
N, 1448, 10.658, 67.684, 0.000
N, 1449, 12.789, 68.915, 0.000
N, 1450, 11.368, 68.915, 0.000
N, 1451, 13.500, 70.145, 0.000
N, 1452, 12.789, 71.376, 0.000
N, 1453, 14.921, 72.607, 0.000
N, 1454, 13.500, 72.607, 0.000
N, 1455, 15.631, 73.837, 0.000
N, 1456, 14.921, 75.068, 0.000
N, 1457, 17.052, 76.299, 0.000
N, 1458, 15.631, 76.299, 0.000
N, 1459, 17.763, 77.529, 0.000
N, 1460, 17.052, 78.760, 0.000
N, 1461, 19.184, 79.990, 0.000
N, 1462, 17.763, 79.990, 0.000
N, 1463, 19.894, 81.221, 0.000
N, 1464, 19.184, 82.452, 0.000
N, 1465, 21.315, 83.682, 0.000
N, 1466, 19.894, 83.682, 0.000
N, 1467, 22.026, 84.913, 0.000
N, 1468, 21.315, 86.144, 0.000
N, 1469, 23.447, 87.374, 0.000
N, 1470, 22.026, 87.374, 0.000
N, 1471, 24.157, 88.605, 0.000
N, 1472, 23.447, 89.835, 0.000
N, 1473, 25.578, 91.066, 0.000
N, 1474, 24.157, 91.066, 0.000
N, 1475, 26.289, 92.297, 0.000
N, 1476, 25.578, 93.527, 0.000
N, 1477, 27.710, 94.758, 0.000
N, 1478, 26.289, 94.758, 0.000
N, 1479, 28.420, 95.989, 0.000
N, 1480, 27.710, 97.219, 0.000
N, 1481, 28.420, 98.450, 0.000
N, 1482, 0.000, 41.841, 0.000
N, 1483, 0.711, 43.072, 0.000
N, 1484, 0.000, 44.302, 0.000
N, 1485, 2.132, 45.533, 0.000
N, 1486, 0.711, 45.533, 0.000
N, 1487, 2.842, 46.764, 0.000
N, 1488, 2.132, 47.994, 0.000
N, 1489, 4.263, 49.225, 0.000
N, 1490, 2.842, 49.225, 0.000
N, 1491, 4.974, 50.456, 0.000
N, 1492, 4.263, 51.686, 0.000
N, 1493, 6.395, 52.917, 0.000
N, 1494, 4.974, 52.917, 0.000
N, 1495, 7.105, 54.147, 0.000
N, 1496, 6.395, 55.378, 0.000
N, 1497, 8.526, 56.609, 0.000
N, 1498, 7.105, 56.609, 0.000
N, 1499, 9.237, 57.839, 0.000
N, 1500, 8.526, 59.070, 0.000
N, 1501, 10.658, 60.300, 0.000
N, 1502, 9.237, 60.300, 0.000
N, 1503, 11.368, 61.531, 0.000
N, 1504, 10.658, 62.762, 0.000
N, 1505, 12.789, 63.992, 0.000
N, 1506, 11.368, 63.992, 0.000
N, 1507, 13.500, 65.223, 0.000
N, 1508, 12.789, 66.454, 0.000
N, 1509, 14.921, 67.684, 0.000
N, 1510, 13.500, 67.684, 0.000
N, 1511, 15.631, 68.915, 0.000
N, 1512, 14.921, 70.145, 0.000
N, 1513, 17.052, 71.376, 0.000
N, 1514, 15.631, 71.376, 0.000
N, 1515, 17.763, 72.607, 0.000
N, 1516, 17.052, 73.837, 0.000
N, 1517, 19.184, 75.068, 0.000
N, 1518, 17.763, 75.068, 0.000
N, 1519, 19.894, 76.299, 0.000
N, 1520, 19.184, 77.529, 0.000
N, 1521, 21.315, 78.760, 0.000
N, 1522, 19.894, 78.760, 0.000
N, 1523, 22.026, 79.990, 0.000
N, 1524, 21.315, 81.221, 0.000
N, 1525, 23.447, 82.452, 0.000
N, 1526, 22.026, 82.452, 0.000
N, 1527, 24.157, 83.682, 0.000
N, 1528, 23.447, 84.913, 0.000
N, 1529, 25.578, 86.144, 0.000
N, 1530, 24.157, 86.144, 0.000
N, 1531, 26.289, 87.374, 0.000
N, 1532, 25.578, 88.605, 0.000
N, 1533, 27.710, 89.835, 0.000
N, 1534, 26.289, 89.835, 0.000
N, 1535, 28.420, 91.066, 0.000
N, 1536, 27.710, 92.297, 0.000
N, 1537, 28.420, 93.527, 0.000
N, 1538, 0.000, 36.919, 0.000
N, 1539, 0.711, 38.149, 0.000
N, 1540, 0.000, 39.380, 0.000
N, 1541, 2.132, 40.611, 0.000
N, 1542, 0.711, 40.611, 0.000
N, 1543, 2.842, 41.841, 0.000
N, 1544, 2.132, 43.072, 0.000
N, 1545, 4.263, 44.302, 0.000
N, 1546, 2.842, 44.302, 0.000
N, 1547, 4.974, 45.533, 0.000
N, 1548, 4.263, 46.764, 0.000
N, 1549, 6.395, 47.994, 0.000
N, 1550, 4.974, 47.994, 0.000
N, 1551, 7.105, 49.225, 0.000
N, 1552, 6.395, 50.456, 0.000
N, 1553, 8.526, 51.686, 0.000
N, 1554, 7.105, 51.686, 0.000
N, 1555, 9.237, 52.917, 0.000
N, 1556, 8.526, 54.147, 0.000
N, 1557, 10.658, 55.378, 0.000
N, 1558, 9.237, 55.378, 0.000
N, 1559, 11.368, 56.609, 0.000
N, 1560, 10.658, 57.839, 0.000
N, 1561, 12.789, 59.070, 0.000
N, 1562, 11.368, 59.070, 0.000
N, 1563, 13.500, 60.300, 0.000
N, 1564, 12.789, 61.531, 0.000
N, 1565, 14.921, 62.762, 0.000
N, 1566, 13.500, 62.762, 0.000
N, 1567, 15.631, 63.992, 0.000
N, 1568, 14.921, 65.223, 0.000
N, 1569, 17.052, 66.454, 0.000
N, 1570, 15.631, 66.454, 0.000
N, 1571, 17.763, 67.684, 0.000
N, 1572, 17.052, 68.915, 0.000
N, 1573, 19.184, 70.145, 0.000
N, 1574, 17.763, 70.145, 0.000
N, 1575, 19.894, 71.376, 0.000
N, 1576, 19.184, 72.607, 0.000
N, 1577, 21.315, 73.837, 0.000
N, 1578, 19.894, 73.837, 0.000
N, 1579, 22.026, 75.068, 0.000
N, 1580, 21.315, 76.299, 0.000
N, 1581, 23.447, 77.529, 0.000
N, 1582, 22.026, 77.529, 0.000
N, 1583, 24.157, 78.760, 0.000
N, 1584, 23.447, 79.990, 0.000
N, 1585, 25.578, 81.221, 0.000
N, 1586, 24.157, 81.221, 0.000
N, 1587, 26.289, 82.452, 0.000
N, 1588, 25.578, 83.682, 0.000
N, 1589, 27.710, 84.913, 0.000
N, 1590, 26.289, 84.913, 0.000
N, 1591, 28.420, 86.144, 0.000
N, 1592, 27.710, 87.374, 0.000
N, 1593, 28.420, 88.605, 0.000
N, 1594, 0.000, 31.996, 0.000
N, 1595, 0.711, 33.227, 0.000
N, 1596, 0.000, 34.457, 0.000
N, 1597, 2.132, 35.688, 0.000
N, 1598, 0.711, 35.688, 0.000
N, 1599, 2.842, 36.919, 0.000
N, 1600, 2.132, 38.149, 0.000
N, 1601, 4.263, 39.380, 0.000
N, 1602, 2.842, 39.380, 0.000
N, 1603, 4.974, 40.611, 0.000
N, 1604, 4.263, 41.841, 0.000
N, 1605, 6.395, 43.072, 0.000
N, 1606, 4.974, 43.072, 0.000
N, 1607, 7.105, 44.302, 0.000
N, 1608, 6.395, 45.533, 0.000
N, 1609, 8.526, 46.764, 0.000
N, 1610, 7.105, 46.764, 0.000
N, 1611, 9.237, 47.994, 0.000
N, 1612, 8.526, 49.225, 0.000
N, 1613, 10.658, 50.456, 0.000
N, 1614, 9.237, 50.456, 0.000
N, 1615, 11.368, 51.686, 0.000
N, 1616, 10.658, 52.917, 0.000
N, 1617, 12.789, 54.147, 0.000
N, 1618, 11.368, 54.147, 0.000
N, 1619, 13.500, 55.378, 0.000
N, 1620, 12.789, 56.609, 0.000
N, 1621, 14.921, 57.839, 0.000
N, 1622, 13.500, 57.839, 0.000
N, 1623, 15.631, 59.070, 0.000
N, 1624, 14.921, 60.300, 0.000
N, 1625, 17.052, 61.531, 0.000
N, 1626, 15.631, 61.531, 0.000
N, 1627, 17.763, 62.762, 0.000
N, 1628, 17.052, 63.992, 0.000
N, 1629, 19.184, 65.223, 0.000
N, 1630, 17.763, 65.223, 0.000
N, 1631, 19.894, 66.454, 0.000
N, 1632, 19.184, 67.684, 0.000
N, 1633, 21.315, 68.915, 0.000
N, 1634, 19.894, 68.915, 0.000
N, 1635, 22.026, 70.145, 0.000
N, 1636, 21.315, 71.376, 0.000
N, 1637, 23.447, 72.607, 0.000
N, 1638, 22.026, 72.607, 0.000
N, 1639, 24.157, 73.837, 0.000
N, 1640, 23.447, 75.068, 0.000
N, 1641, 25.578, 76.299, 0.000
N, 1642, 24.157, 76.299, 0.000
N, 1643, 26.289, 77.529, 0.000
N, 1644, 25.578, 78.760, 0.000
N, 1645, 27.710, 79.990, 0.000
N, 1646, 26.289, 79.990, 0.000
N, 1647, 28.420, 81.221, 0.000
N, 1648, 27.710, 82.452, 0.000
N, 1649, 28.420, 83.682, 0.000
N, 1650, 0.000, 27.074, 0.000
N, 1651, 0.711, 28.304, 0.000
N, 1652, 0.000, 29.535, 0.000
N, 1653, 2.132, 30.766, 0.000
N, 1654, 0.711, 30.766, 0.000
N, 1655, 2.842, 31.996, 0.000
N, 1656, 2.132, 33.227, 0.000
N, 1657, 4.263, 34.457, 0.000
N, 1658, 2.842, 34.457, 0.000
N, 1659, 4.974, 35.688, 0.000
N, 1660, 4.263, 36.919, 0.000
N, 1661, 6.395, 38.149, 0.000
N, 1662, 4.974, 38.149, 0.000
N, 1663, 7.105, 39.380, 0.000
N, 1664, 6.395, 40.611, 0.000
N, 1665, 8.526, 41.841, 0.000
N, 1666, 7.105, 41.841, 0.000
N, 1667, 9.237, 43.072, 0.000
N, 1668, 8.526, 44.302, 0.000
N, 1669, 10.658, 45.533, 0.000
N, 1670, 9.237, 45.533, 0.000
N, 1671, 11.368, 46.764, 0.000
N, 1672, 10.658, 47.994, 0.000
N, 1673, 12.789, 49.225, 0.000
N, 1674, 11.368, 49.225, 0.000
N, 1675, 13.500, 50.456, 0.000
N, 1676, 12.789, 51.686, 0.000
N, 1677, 14.921, 52.917, 0.000
N, 1678, 13.500, 52.917, 0.000
N, 1679, 15.631, 54.147, 0.000
N, 1680, 14.921, 55.378, 0.000
N, 1681, 17.052, 56.609, 0.000
N, 1682, 15.631, 56.609, 0.000
N, 1683, 17.763, 57.839, 0.000
N, 1684, 17.052, 59.070, 0.000
N, 1685, 19.184, 60.300, 0.000
N, 1686, 17.763, 60.300, 0.000
N, 1687, 19.894, 61.531, 0.000
N, 1688, 19.184, 62.762, 0.000
N, 1689, 21.315, 63.992, 0.000
N, 1690, 19.894, 63.992, 0.000
N, 1691, 22.026, 65.223, 0.000
N, 1692, 21.315, 66.454, 0.000
N, 1693, 23.447, 67.684, 0.000
N, 1694, 22.026, 67.684, 0.000
N, 1695, 24.157, 68.915, 0.000
N, 1696, 23.447, 70.145, 0.000
N, 1697, 25.578, 71.376, 0.000
N, 1698, 24.157, 71.376, 0.000
N, 1699, 26.289, 72.607, 0.000
N, 1700, 25.578, 73.837, 0.000
N, 1701, 27.710, 75.068, 0.000
N, 1702, 26.289, 75.068, 0.000
N, 1703, 28.420, 76.299, 0.000
N, 1704, 27.710, 77.529, 0.000
N, 1705, 28.420, 78.760, 0.000
N, 1706, 0.000, 22.151, 0.000
N, 1707, 0.711, 23.382, 0.000
N, 1708, 0.000, 24.612, 0.000
N, 1709, 2.132, 25.843, 0.000
N, 1710, 0.711, 25.843, 0.000
N, 1711, 2.842, 27.074, 0.000
N, 1712, 2.132, 28.304, 0.000
N, 1713, 4.263, 29.535, 0.000
N, 1714, 2.842, 29.535, 0.000
N, 1715, 4.974, 30.766, 0.000
N, 1716, 4.263, 31.996, 0.000
N, 1717, 6.395, 33.227, 0.000
N, 1718, 4.974, 33.227, 0.000
N, 1719, 7.105, 34.457, 0.000
N, 1720, 6.395, 35.688, 0.000
N, 1721, 8.526, 36.919, 0.000
N, 1722, 7.105, 36.919, 0.000
N, 1723, 9.237, 38.149, 0.000
N, 1724, 8.526, 39.380, 0.000
N, 1725, 10.658, 40.611, 0.000
N, 1726, 9.237, 40.611, 0.000
N, 1727, 11.368, 41.841, 0.000
N, 1728, 10.658, 43.072, 0.000
N, 1729, 12.789, 44.302, 0.000
N, 1730, 11.368, 44.302, 0.000
N, 1731, 13.500, 45.533, 0.000
N, 1732, 12.789, 46.764, 0.000
N, 1733, 14.921, 47.994, 0.000
N, 1734, 13.500, 47.994, 0.000
N, 1735, 15.631, 49.225, 0.000
N, 1736, 14.921, 50.456, 0.000
N, 1737, 17.052, 51.686, 0.000
N, 1738, 15.631, 51.686, 0.000
N, 1739, 17.763, 52.917, 0.000
N, 1740, 17.052, 54.147, 0.000
N, 1741, 19.184, 55.378, 0.000
N, 1742, 17.763, 55.378, 0.000
N, 1743, 19.894, 56.609, 0.000
N, 1744, 19.184, 57.839, 0.000
N, 1745, 21.315, 59.070, 0.000
N, 1746, 19.894, 59.070, 0.000
N, 1747, 22.026, 60.300, 0.000
N, 1748, 21.315, 61.531, 0.000
N, 1749, 23.447, 62.762, 0.000
N, 1750, 22.026, 62.762, 0.000
N, 1751, 24.157, 63.992, 0.000
N, 1752, 23.447, 65.223, 0.000
N, 1753, 25.578, 66.454, 0.000
N, 1754, 24.157, 66.454, 0.000
N, 1755, 26.289, 67.684, 0.000
N, 1756, 25.578, 68.915, 0.000
N, 1757, 27.710, 70.145, 0.000
N, 1758, 26.289, 70.145, 0.000
N, 1759, 28.420, 71.376, 0.000
N, 1760, 27.710, 72.607, 0.000
N, 1761, 28.420, 73.837, 0.000
N, 1762, 0.000, 17.229, 0.000
N, 1763, 0.711, 18.459, 0.000
N, 1764, 0.000, 19.690, 0.000
N, 1765, 2.132, 20.921, 0.000
N, 1766, 0.711, 20.921, 0.000
N, 1767, 2.842, 22.151, 0.000
N, 1768, 2.132, 23.382, 0.000
N, 1769, 4.263, 24.612, 0.000
N, 1770, 2.842, 24.612, 0.000
N, 1771, 4.974, 25.843, 0.000
N, 1772, 4.263, 27.074, 0.000
N, 1773, 6.395, 28.304, 0.000
N, 1774, 4.974, 28.304, 0.000
N, 1775, 7.105, 29.535, 0.000
N, 1776, 6.395, 30.766, 0.000
N, 1777, 8.526, 31.996, 0.000
N, 1778, 7.105, 31.996, 0.000
N, 1779, 9.237, 33.227, 0.000
N, 1780, 8.526, 34.457, 0.000
N, 1781, 10.658, 35.688, 0.000
N, 1782, 9.237, 35.688, 0.000
N, 1783, 11.368, 36.919, 0.000
N, 1784, 10.658, 38.149, 0.000
N, 1785, 12.789, 39.380, 0.000
N, 1786, 11.368, 39.380, 0.000
N, 1787, 13.500, 40.611, 0.000
N, 1788, 12.789, 41.841, 0.000
N, 1789, 14.921, 43.072, 0.000
N, 1790, 13.500, 43.072, 0.000
N, 1791, 15.631, 44.302, 0.000
N, 1792, 14.921, 45.533, 0.000
N, 1793, 17.052, 46.764, 0.000
N, 1794, 15.631, 46.764, 0.000
N, 1795, 17.763, 47.994, 0.000
N, 1796, 17.052, 49.225, 0.000
N, 1797, 19.184, 50.456, 0.000
N, 1798, 17.763, 50.456, 0.000
N, 1799, 19.894, 51.686, 0.000
N, 1800, 19.184, 52.917, 0.000
N, 1801, 21.315, 54.147, 0.000
N, 1802, 19.894, 54.147, 0.000
N, 1803, 22.026, 55.378, 0.000
N, 1804, 21.315, 56.609, 0.000
N, 1805, 23.447, 57.839, 0.000
N, 1806, 22.026, 57.839, 0.000
N, 1807, 24.157, 59.070, 0.000
N, 1808, 23.447, 60.300, 0.000
N, 1809, 25.578, 61.531, 0.000
N, 1810, 24.157, 61.531, 0.000
N, 1811, 26.289, 62.762, 0.000
N, 1812, 25.578, 63.992, 0.000
N, 1813, 27.710, 65.223, 0.000
N, 1814, 26.289, 65.223, 0.000
N, 1815, 28.420, 66.454, 0.000
N, 1816, 27.710, 67.684, 0.000
N, 1817, 28.420, 68.915, 0.000
N, 1818, 0.000, 12.306, 0.000
N, 1819, 0.711, 13.537, 0.000
N, 1820, 0.000, 14.767, 0.000
N, 1821, 2.132, 15.998, 0.000
N, 1822, 0.710, 15.998, 0.000
N, 1823, 2.842, 17.229, 0.000
N, 1824, 2.132, 18.459, 0.000
N, 1825, 4.263, 19.690, 0.000
N, 1826, 2.842, 19.690, 0.000
N, 1827, 4.974, 20.921, 0.000
N, 1828, 4.263, 22.151, 0.000
N, 1829, 6.395, 23.382, 0.000
N, 1830, 4.974, 23.382, 0.000
N, 1831, 7.105, 24.612, 0.000
N, 1832, 6.395, 25.843, 0.000
N, 1833, 8.526, 27.074, 0.000
N, 1834, 7.105, 27.074, 0.000
N, 1835, 9.237, 28.304, 0.000
N, 1836, 8.526, 29.535, 0.000
N, 1837, 10.658, 30.766, 0.000
N, 1838, 9.237, 30.766, 0.000
N, 1839, 11.368, 31.996, 0.000
N, 1840, 10.658, 33.227, 0.000
N, 1841, 12.789, 34.457, 0.000
N, 1842, 11.368, 34.457, 0.000
N, 1843, 13.500, 35.688, 0.000
N, 1844, 12.789, 36.919, 0.000
N, 1845, 14.921, 38.149, 0.000
N, 1846, 13.500, 38.149, 0.000
N, 1847, 15.631, 39.380, 0.000
N, 1848, 14.921, 40.611, 0.000
N, 1849, 17.052, 41.841, 0.000
N, 1850, 15.631, 41.841, 0.000
N, 1851, 17.763, 43.072, 0.000
N, 1852, 17.052, 44.302, 0.000
N, 1853, 19.184, 45.533, 0.000
N, 1854, 17.763, 45.533, 0.000
N, 1855, 19.894, 46.764, 0.000
N, 1856, 19.184, 47.994, 0.000
N, 1857, 21.315, 49.225, 0.000
N, 1858, 19.894, 49.225, 0.000
N, 1859, 22.026, 50.456, 0.000
N, 1860, 21.315, 51.686, 0.000
N, 1861, 23.447, 52.917, 0.000
N, 1862, 22.026, 52.917, 0.000
N, 1863, 24.157, 54.147, 0.000
N, 1864, 23.447, 55.378, 0.000
N, 1865, 25.578, 56.609, 0.000
N, 1866, 24.157, 56.609, 0.000
N, 1867, 26.289, 57.839, 0.000
N, 1868, 25.578, 59.070, 0.000
N, 1869, 27.710, 60.300, 0.000
N, 1870, 26.289, 60.300, 0.000
N, 1871, 28.420, 61.531, 0.000
N, 1872, 27.710, 62.762, 0.000
N, 1873, 28.420, 63.992, 0.000
N, 1874, 0.000, 7.384, 0.000
N, 1875, 0.711, 8.614, 0.000
N, 1876, 0.000, 9.845, 0.000
N, 1877, 2.132, 11.076, 0.000
N, 1878, 0.711, 11.076, 0.000
N, 1879, 2.842, 12.306, 0.000
N, 1880, 2.132, 13.537, 0.000
N, 1881, 4.263, 14.767, 0.000
N, 1882, 2.842, 14.767, 0.000
N, 1883, 4.974, 15.998, 0.000
N, 1884, 4.263, 17.229, 0.000
N, 1885, 6.395, 18.459, 0.000
N, 1886, 4.974, 18.459, 0.000
N, 1887, 7.105, 19.690, 0.000
N, 1888, 6.395, 20.921, 0.000
N, 1889, 8.526, 22.151, 0.000
N, 1890, 7.105, 22.151, 0.000
N, 1891, 9.237, 23.382, 0.000
N, 1892, 8.526, 24.612, 0.000
N, 1893, 10.658, 25.843, 0.000
N, 1894, 9.237, 25.843, 0.000
N, 1895, 11.368, 27.074, 0.000
N, 1896, 10.658, 28.304, 0.000
N, 1897, 12.789, 29.535, 0.000
N, 1898, 11.368, 29.535, 0.000
N, 1899, 13.500, 30.766, 0.000
N, 1900, 12.789, 31.996, 0.000
N, 1901, 14.921, 33.227, 0.000
N, 1902, 13.500, 33.227, 0.000
N, 1903, 15.631, 34.457, 0.000
N, 1904, 14.921, 35.688, 0.000
N, 1905, 17.052, 36.919, 0.000
N, 1906, 15.631, 36.919, 0.000
N, 1907, 17.763, 38.149, 0.000
N, 1908, 17.052, 39.380, 0.000
N, 1909, 19.184, 40.611, 0.000
N, 1910, 17.763, 40.611, 0.000
N, 1911, 19.894, 41.841, 0.000
N, 1912, 19.184, 43.072, 0.000
N, 1913, 21.315, 44.302, 0.000
N, 1914, 19.894, 44.302, 0.000
N, 1915, 22.026, 45.533, 0.000
N, 1916, 21.315, 46.764, 0.000
N, 1917, 23.447, 47.994, 0.000
N, 1918, 22.026, 47.994, 0.000
N, 1919, 24.157, 49.225, 0.000
N, 1920, 23.447, 50.456, 0.000
N, 1921, 25.578, 51.686, 0.000
N, 1922, 24.157, 51.686, 0.000
N, 1923, 26.289, 52.917, 0.000
N, 1924, 25.578, 54.147, 0.000
N, 1925, 27.710, 55.378, 0.000
N, 1926, 26.289, 55.378, 0.000
N, 1927, 28.420, 56.609, 0.000
N, 1928, 27.710, 57.839, 0.000
N, 1929, 28.420, 59.070, 0.000
N, 1930, 0.000, 2.461, 0.000
N, 1931, 0.711, 3.692, 0.000
N, 1932, 0.000, 4.922, 0.000
N, 1933, 2.132, 6.153, 0.000
N, 1934, 0.711, 6.153, 0.000
N, 1935, 2.842, 7.384, 0.000
N, 1936, 2.132, 8.614, 0.000
N, 1937, 4.263, 9.845, 0.000
N, 1938, 2.842, 9.845, 0.000
N, 1939, 4.974, 11.076, 0.000
N, 1940, 4.263, 12.306, 0.000
N, 1941, 6.395, 13.537, 0.000
N, 1942, 4.974, 13.537, 0.000
N, 1943, 7.105, 14.767, 0.000
N, 1944, 6.395, 15.998, 0.000
N, 1945, 8.526, 17.229, 0.000
N, 1946, 7.105, 17.229, 0.000
N, 1947, 9.237, 18.459, 0.000
N, 1948, 8.526, 19.690, 0.000
N, 1949, 10.658, 20.921, 0.000
N, 1950, 9.237, 20.921, 0.000
N, 1951, 11.368, 22.151, 0.000
N, 1952, 10.658, 23.382, 0.000
N, 1953, 12.789, 24.612, 0.000
N, 1954, 11.368, 24.612, 0.000
N, 1955, 13.500, 25.843, 0.000
N, 1956, 12.789, 27.074, 0.000
N, 1957, 14.921, 28.304, 0.000
N, 1958, 13.500, 28.304, 0.000
N, 1959, 15.631, 29.535, 0.000
N, 1960, 14.921, 30.766, 0.000
N, 1961, 17.052, 31.996, 0.000
N, 1962, 15.631, 31.996, 0.000
N, 1963, 17.763, 33.227, 0.000
N, 1964, 17.052, 34.457, 0.000
N, 1965, 19.184, 35.688, 0.000
N, 1966, 17.763, 35.688, 0.000
N, 1967, 19.894, 36.919, 0.000
N, 1968, 19.184, 38.149, 0.000
N, 1969, 21.315, 39.380, 0.000
N, 1970, 19.894, 39.380, 0.000
N, 1971, 22.026, 40.611, 0.000
N, 1972, 21.315, 41.841, 0.000
N, 1973, 23.447, 43.072, 0.000
N, 1974, 22.026, 43.072, 0.000
N, 1975, 24.157, 44.302, 0.000
N, 1976, 23.447, 45.533, 0.000
N, 1977, 25.578, 46.764, 0.000
N, 1978, 24.157, 46.764, 0.000
N, 1979, 26.289, 47.994, 0.000
N, 1980, 25.578, 49.225, 0.000
N, 1981, 27.710, 50.456, 0.000
N, 1982, 26.289, 50.456, 0.000
N, 1983, 28.420, 51.686, 0.000
N, 1984, 27.710, 52.917, 0.000
N, 1985, 28.420, 54.147, 0.000
N, 1986, 0.000, 0.000, 0.000
N, 1987, 2.132, 1.231, 0.000
N, 1988, 0.711, 1.231, 0.000
N, 1989, 2.842, 2.461, 0.000
N, 1990, 2.132, 3.692, 0.000
N, 1991, 4.263, 4.922, 0.000
N, 1992, 2.842, 4.922, 0.000
N, 1993, 4.974, 6.153, 0.000
N, 1994, 4.263, 7.384, 0.000
N, 1995, 6.395, 8.614, 0.000
N, 1996, 4.974, 8.614, 0.000
N, 1997, 7.105, 9.845, 0.000
N, 1998, 6.395, 11.076, 0.000
N, 1999, 8.526, 12.306, 0.000
N, 2000, 7.105, 12.306, 0.000
N, 2001, 9.237, 13.537, 0.000
N, 2002, 8.526, 14.767, 0.000
N, 2003, 10.658, 15.998, 0.000
N, 2004, 9.237, 15.998, 0.000
N, 2005, 11.368, 17.229, 0.000
N, 2006, 10.658, 18.459, 0.000
N, 2007, 12.789, 19.690, 0.000
N, 2008, 11.368, 19.690, 0.000
N, 2009, 13.500, 20.921, 0.000
N, 2010, 12.789, 22.151, 0.000
N, 2011, 14.921, 23.382, 0.000
N, 2012, 13.500, 23.382, 0.000
N, 2013, 15.631, 24.612, 0.000
N, 2014, 14.921, 25.843, 0.000
N, 2015, 17.052, 27.074, 0.000
N, 2016, 15.631, 27.074, 0.000
N, 2017, 17.763, 28.304, 0.000
N, 2018, 17.052, 29.535, 0.000
N, 2019, 19.184, 30.766, 0.000
N, 2020, 17.763, 30.766, 0.000
N, 2021, 19.894, 31.996, 0.000
N, 2022, 19.184, 33.227, 0.000
N, 2023, 21.315, 34.457, 0.000
N, 2024, 19.894, 34.457, 0.000
N, 2025, 22.026, 35.688, 0.000
N, 2026, 21.315, 36.919, 0.000
N, 2027, 23.447, 38.149, 0.000
N, 2028, 22.026, 38.149, 0.000
N, 2029, 24.157, 39.380, 0.000
N, 2030, 23.447, 40.611, 0.000
N, 2031, 25.578, 41.841, 0.000
N, 2032, 24.157, 41.841, 0.000
N, 2033, 26.289, 43.072, 0.000
N, 2034, 25.578, 44.302, 0.000
N, 2035, 27.710, 45.533, 0.000
N, 2036, 26.289, 45.533, 0.000
N, 2037, 28.420, 46.764, 0.000
N, 2038, 27.710, 47.994, 0.000
N, 2039, 28.420, 49.225, 0.000
N, 2040, 4.263, 0.000, 0.000
N, 2041, 2.842, 0.000, 0.000
N, 2042, 4.974, 1.231, 0.000
N, 2043, 4.263, 2.461, 0.000
N, 2044, 6.395, 3.692, 0.000
N, 2045, 4.974, 3.692, 0.000
N, 2046, 7.105, 4.922, 0.000
N, 2047, 6.395, 6.153, 0.000
N, 2048, 8.526, 7.384, 0.000
N, 2049, 7.105, 7.384, 0.000
N, 2050, 9.237, 8.614, 0.000
N, 2051, 8.526, 9.845, 0.000
N, 2052, 10.658, 11.076, 0.000
N, 2053, 9.237, 11.076, 0.000
N, 2054, 11.368, 12.306, 0.000
N, 2055, 10.658, 13.537, 0.000
N, 2056, 12.789, 14.767, 0.000
N, 2057, 11.368, 14.767, 0.000
N, 2058, 13.500, 15.998, 0.000
N, 2059, 12.789, 17.229, 0.000
N, 2060, 14.921, 18.459, 0.000
N, 2061, 13.500, 18.459, 0.000
N, 2062, 15.631, 19.690, 0.000
N, 2063, 14.921, 20.921, 0.000
N, 2064, 17.052, 22.151, 0.000
N, 2065, 15.631, 22.151, 0.000
N, 2066, 17.763, 23.382, 0.000
N, 2067, 17.052, 24.612, 0.000
N, 2068, 19.184, 25.843, 0.000
N, 2069, 17.763, 25.843, 0.000
N, 2070, 19.894, 27.074, 0.000
N, 2071, 19.184, 28.304, 0.000
N, 2072, 21.315, 29.535, 0.000
N, 2073, 19.894, 29.535, 0.000
N, 2074, 22.026, 30.766, 0.000
N, 2075, 21.315, 31.996, 0.000
N, 2076, 23.447, 33.227, 0.000
N, 2077, 22.026, 33.227, 0.000
N, 2078, 24.157, 34.457, 0.000
N, 2079, 23.447, 35.688, 0.000
N, 2080, 25.578, 36.919, 0.000
N, 2081, 24.157, 36.919, 0.000
N, 2082, 26.289, 38.149, 0.000
N, 2083, 25.578, 39.380, 0.000
N, 2084, 27.710, 40.611, 0.000
N, 2085, 26.289, 40.611, 0.000
N, 2086, 28.420, 41.841, 0.000
N, 2087, 27.710, 43.072, 0.000
N, 2088, 28.420, 44.302, 0.000
N, 2089, 7.105, 0.000, 0.000
N, 2090, 6.395, 1.231, 0.000
N, 2091, 8.526, 2.461, 0.000
N, 2092, 7.105, 2.461, 0.000
N, 2093, 9.237, 3.692, 0.000
N, 2094, 8.526, 4.922, 0.000
N, 2095, 10.658, 6.153, 0.000
N, 2096, 9.237, 6.153, 0.000
N, 2097, 11.368, 7.384, 0.000
N, 2098, 10.658, 8.614, 0.000
N, 2099, 12.789, 9.845, 0.000
N, 2100, 11.368, 9.845, 0.000
N, 2101, 13.500, 11.076, 0.000
N, 2102, 12.789, 12.306, 0.000
N, 2103, 14.921, 13.537, 0.000
N, 2104, 13.500, 13.537, 0.000
N, 2105, 15.631, 14.767, 0.000
N, 2106, 14.921, 15.998, 0.000
N, 2107, 17.052, 17.229, 0.000
N, 2108, 15.631, 17.229, 0.000
N, 2109, 17.763, 18.459, 0.000
N, 2110, 17.052, 19.690, 0.000
N, 2111, 19.184, 20.921, 0.000
N, 2112, 17.763, 20.921, 0.000
N, 2113, 19.894, 22.151, 0.000
N, 2114, 19.184, 23.382, 0.000
N, 2115, 21.315, 24.612, 0.000
N, 2116, 19.894, 24.612, 0.000
N, 2117, 22.026, 25.843, 0.000
N, 2118, 21.315, 27.074, 0.000
N, 2119, 23.447, 28.304, 0.000
N, 2120, 22.026, 28.304, 0.000
N, 2121, 24.157, 29.535, 0.000
N, 2122, 23.447, 30.766, 0.000
N, 2123, 25.578, 31.996, 0.000
N, 2124, 24.157, 31.996, 0.000
N, 2125, 26.289, 33.227, 0.000
N, 2126, 25.578, 34.457, 0.000
N, 2127, 27.710, 35.688, 0.000
N, 2128, 26.289, 35.688, 0.000
N, 2129, 28.420, 36.919, 0.000
N, 2130, 27.710, 38.149, 0.000
N, 2131, 28.420, 39.380, 0.000
N, 2132, 8.526, 0.000, 0.000
N, 2133, 10.658, 1.231, 0.000
N, 2134, 9.237, 1.231, 0.000
N, 2135, 11.368, 2.461, 0.000
N, 2136, 10.658, 3.692, 0.000
N, 2137, 12.789, 4.922, 0.000
N, 2138, 11.368, 4.922, 0.000
N, 2139, 13.500, 6.153, 0.000
N, 2140, 12.789, 7.384, 0.000
N, 2141, 14.921, 8.614, 0.000
N, 2142, 13.500, 8.614, 0.000
N, 2143, 15.631, 9.845, 0.000
N, 2144, 14.921, 11.076, 0.000
N, 2145, 17.052, 12.306, 0.000
N, 2146, 15.631, 12.306, 0.000
N, 2147, 17.763, 13.537, 0.000
N, 2148, 17.052, 14.767, 0.000
N, 2149, 19.184, 15.998, 0.000
N, 2150, 17.763, 15.998, 0.000
N, 2151, 19.894, 17.229, 0.000
N, 2152, 19.184, 18.459, 0.000
N, 2153, 21.315, 19.690, 0.000
N, 2154, 19.894, 19.690, 0.000
N, 2155, 22.026, 20.921, 0.000
N, 2156, 21.315, 22.151, 0.000
N, 2157, 23.447, 23.382, 0.000
N, 2158, 22.026, 23.382, 0.000
N, 2159, 24.157, 24.612, 0.000
N, 2160, 23.447, 25.843, 0.000
N, 2161, 25.578, 27.074, 0.000
N, 2162, 24.157, 27.074, 0.000
N, 2163, 26.289, 28.304, 0.000
N, 2164, 25.578, 29.535, 0.000
N, 2165, 27.710, 30.766, 0.000
N, 2166, 26.289, 30.766, 0.000
N, 2167, 28.420, 31.996, 0.000
N, 2168, 27.710, 33.227, 0.000
N, 2169, 28.420, 34.457, 0.000
N, 2170, 12.789, 0.000, 0.000
N, 2171, 11.368, 0.000, 0.000
N, 2172, 13.500, 1.231, 0.000
N, 2173, 12.789, 2.461, 0.000
N, 2174, 14.921, 3.692, 0.000
N, 2175, 13.500, 3.692, 0.000
N, 2176, 15.631, 4.922, 0.000
N, 2177, 14.921, 6.153, 0.000
N, 2178, 17.052, 7.384, 0.000
N, 2179, 15.631, 7.384, 0.000
N, 2180, 17.763, 8.614, 0.000
N, 2181, 17.052, 9.845, 0.000
N, 2182, 19.184, 11.076, 0.000
N, 2183, 17.763, 11.076, 0.000
N, 2184, 19.894, 12.306, 0.000
N, 2185, 19.184, 13.537, 0.000
N, 2186, 21.315, 14.767, 0.000
N, 2187, 19.894, 14.767, 0.000
N, 2188, 22.026, 15.998, 0.000
N, 2189, 21.315, 17.229, 0.000
N, 2190, 23.447, 18.459, 0.000
N, 2191, 22.026, 18.459, 0.000
N, 2192, 24.157, 19.690, 0.000
N, 2193, 23.447, 20.921, 0.000
N, 2194, 25.578, 22.151, 0.000
N, 2195, 24.157, 22.151, 0.000
N, 2196, 26.289, 23.382, 0.000
N, 2197, 25.578, 24.612, 0.000
N, 2198, 27.710, 25.843, 0.000
N, 2199, 26.289, 25.843, 0.000
N, 2200, 28.420, 27.074, 0.000
N, 2201, 27.710, 28.304, 0.000
N, 2202, 28.420, 29.535, 0.000
N, 2203, 15.631, 0.000, 0.000
N, 2204, 14.921, 1.231, 0.000
N, 2205, 17.052, 2.461, 0.000
N, 2206, 15.631, 2.461, 0.000
N, 2207, 17.763, 3.692, 0.000
N, 2208, 17.052, 4.922, 0.000
N, 2209, 19.184, 6.153, 0.000
N, 2210, 17.763, 6.153, 0.000
N, 2211, 19.894, 7.384, 0.000
N, 2212, 19.184, 8.614, 0.000
N, 2213, 21.315, 9.845, 0.000
N, 2214, 19.894, 9.845, 0.000
N, 2215, 22.026, 11.076, 0.000
N, 2216, 21.315, 12.306, 0.000
N, 2217, 23.447, 13.537, 0.000
N, 2218, 22.026, 13.537, 0.000
N, 2219, 24.157, 14.767, 0.000
N, 2220, 23.447, 15.998, 0.000
N, 2221, 25.578, 17.229, 0.000
N, 2222, 24.157, 17.229, 0.000
N, 2223, 26.289, 18.459, 0.000
N, 2224, 25.578, 19.690, 0.000
N, 2225, 27.710, 20.921, 0.000
N, 2226, 26.289, 20.921, 0.000
N, 2227, 28.420, 22.151, 0.000
N, 2228, 27.710, 23.382, 0.000
N, 2229, 28.420, 24.612, 0.000
N, 2230, 17.052, 0.000, 0.000
N, 2231, 19.184, 1.231, 0.000
N, 2232, 17.763, 1.231, 0.000
N, 2233, 19.894, 2.461, 0.000
N, 2234, 19.184, 3.692, 0.000
N, 2235, 21.315, 4.922, 0.000
N, 2236, 19.894, 4.922, 0.000
N, 2237, 22.026, 6.153, 0.000
N, 2238, 21.315, 7.384, 0.000
N, 2239, 23.447, 8.614, 0.000
N, 2240, 22.026, 8.614, 0.000
N, 2241, 24.157, 9.845, 0.000
N, 2242, 23.447, 11.076, 0.000
N, 2243, 25.578, 12.306, 0.000
N, 2244, 24.157, 12.306, 0.000
N, 2245, 26.289, 13.537, 0.000
N, 2246, 25.578, 14.767, 0.000
N, 2247, 27.710, 15.998, 0.000
N, 2248, 26.289, 15.998, 0.000
N, 2249, 28.420, 17.229, 0.000
N, 2250, 27.710, 18.459, 0.000
N, 2251, 28.420, 19.690, 0.000
N, 2252, 21.315, 0.000, 0.000
N, 2253, 19.894, 0.000, 0.000
N, 2254, 22.026, 1.231, 0.000
N, 2255, 21.315, 2.461, 0.000
N, 2256, 23.447, 3.692, 0.000
N, 2257, 22.026, 3.692, 0.000
N, 2258, 24.157, 4.922, 0.000
N, 2259, 23.447, 6.153, 0.000
N, 2260, 25.578, 7.384, 0.000
N, 2261, 24.157, 7.384, 0.000
N, 2262, 26.289, 8.614, 0.000
N, 2263, 25.578, 9.845, 0.000
N, 2264, 27.710, 11.076, 0.000
N, 2265, 26.289, 11.076, 0.000
N, 2266, 28.420, 12.306, 0.000
N, 2267, 27.710, 13.537, 0.000
N, 2268, 29.841, 14.767, 0.000
N, 2269, 28.420, 14.767, 0.000
N, 2270, 29.841, 17.229, 0.000
N, 2271, 24.157, 0.000, 0.000
N, 2272, 23.447, 1.231, 0.000
N, 2273, 25.578, 2.461, 0.000
N, 2274, 24.157, 2.461, 0.000
N, 2275, 26.289, 3.692, 0.000
N, 2276, 25.578, 4.922, 0.000
N, 2277, 27.710, 6.153, 0.000
N, 2278, 26.289, 6.153, 0.000
N, 2279, 28.420, 7.384, 0.000
N, 2280, 27.710, 8.614, 0.000
N, 2281, 28.420, 9.845, 0.000
N, 2282, 29.841, 12.306, 0.000
N, 2283, 25.578, 0.000, 0.000
N, 2284, 27.710, 1.231, 0.000
N, 2285, 26.289, 1.231, 0.000
N, 2286, 28.420, 2.461, 0.000
N, 2287, 27.710, 3.692, 0.000
N, 2288, 28.420, 4.922, 0.000
N, 2289, 29.841, 0.000, 0.000
N, 2290, 28.420, 0.000, 0.000
N, 2291, 29.841, 2.461, 0.000
