/PREP7
K, 1, 0.000, 199.361, 0.000
K, 2, 0.000, 194.438, 0.000
K, 3, 0.711, 195.669, 0.000
K, 4, 0.000, 196.900, 0.000
K, 5, 2.132, 198.130, 0.000
K, 6, 0.711, 198.130, 0.000
K, 7, 2.842, 199.361, 0.000
K, 8, 0.000, 189.516, 0.000
K, 9, 0.711, 190.746, 0.000
K, 10, 0.000, 191.977, 0.000
K, 11, 2.132, 193.208, 0.000
K, 12, 0.711, 193.208, 0.000
K, 13, 2.842, 194.438, 0.000
K, 14, 2.132, 195.669, 0.000
K, 15, 4.263, 196.900, 0.000
K, 16, 2.842, 196.900, 0.000
K, 17, 4.974, 198.130, 0.000
K, 18, 4.263, 199.361, 0.000
K, 19, 0.000, 184.593, 0.000
K, 20, 0.711, 185.824, 0.000
K, 21, 0.000, 187.055, 0.000
K, 22, 2.132, 188.285, 0.000
K, 23, 0.711, 188.285, 0.000
K, 24, 2.842, 189.516, 0.000
K, 25, 2.132, 190.746, 0.000
K, 26, 4.263, 191.977, 0.000
K, 27, 2.842, 191.977, 0.000
K, 28, 4.974, 193.208, 0.000
K, 29, 4.263, 194.438, 0.000
K, 30, 6.395, 195.669, 0.000
K, 31, 4.974, 195.669, 0.000
K, 32, 7.105, 196.900, 0.000
K, 33, 6.395, 198.130, 0.000
K, 34, 8.526, 199.361, 0.000
K, 35, 7.105, 199.361, 0.000
K, 36, 0.000, 179.671, 0.000
K, 37, 0.711, 180.902, 0.000
K, 38, 0.000, 182.132, 0.000
K, 39, 2.132, 183.363, 0.000
K, 40, 0.711, 183.363, 0.000
K, 41, 2.842, 184.593, 0.000
K, 42, 2.132, 185.824, 0.000
K, 43, 4.263, 187.055, 0.000
K, 44, 2.842, 187.055, 0.000
K, 45, 4.974, 188.285, 0.000
K, 46, 4.263, 189.516, 0.000
K, 47, 6.395, 190.746, 0.000
K, 48, 4.974, 190.746, 0.000
K, 49, 7.105, 191.977, 0.000
K, 50, 6.395, 193.208, 0.000
K, 51, 8.526, 194.438, 0.000
K, 52, 7.105, 194.438, 0.000
K, 53, 9.237, 195.669, 0.000
K, 54, 8.526, 196.900, 0.000
K, 55, 10.658, 198.130, 0.000
K, 56, 9.237, 198.130, 0.000
K, 57, 11.368, 199.361, 0.000
K, 58, 0.000, 174.748, 0.000
K, 59, 0.711, 175.979, 0.000
K, 60, 0.000, 177.210, 0.000
K, 61, 2.132, 178.440, 0.000
K, 62, 0.711, 178.440, 0.000
K, 63, 2.842, 179.671, 0.000
K, 64, 2.132, 180.901, 0.000
K, 65, 4.263, 182.132, 0.000
K, 66, 2.842, 182.132, 0.000
K, 67, 4.974, 183.363, 0.000
K, 68, 4.263, 184.593, 0.000
K, 69, 6.395, 185.824, 0.000
K, 70, 4.974, 185.824, 0.000
K, 71, 7.105, 187.055, 0.000
K, 72, 6.395, 188.285, 0.000
K, 73, 8.526, 189.516, 0.000
K, 74, 7.105, 189.516, 0.000
K, 75, 9.237, 190.746, 0.000
K, 76, 8.526, 191.977, 0.000
K, 77, 10.658, 193.208, 0.000
K, 78, 9.237, 193.208, 0.000
K, 79, 11.368, 194.438, 0.000
K, 80, 10.658, 195.669, 0.000
K, 81, 11.368, 196.900, 0.000
K, 82, 0.000, 169.826, 0.000
K, 83, 0.711, 171.057, 0.000
K, 84, 0.000, 172.287, 0.000
K, 85, 2.132, 173.518, 0.000
K, 86, 0.711, 173.518, 0.000
K, 87, 2.842, 174.748, 0.000
K, 88, 2.132, 175.979, 0.000
K, 89, 4.263, 177.210, 0.000
K, 90, 2.842, 177.210, 0.000
K, 91, 4.974, 178.440, 0.000
K, 92, 4.263, 179.671, 0.000
K, 93, 6.395, 180.901, 0.000
K, 94, 4.974, 180.902, 0.000
K, 95, 7.105, 182.132, 0.000
K, 96, 6.395, 183.363, 0.000
K, 97, 8.526, 184.593, 0.000
K, 98, 7.105, 184.593, 0.000
K, 99, 9.237, 185.824, 0.000
K, 100, 8.526, 187.055, 0.000
K, 101, 10.658, 188.285, 0.000
K, 102, 9.237, 188.285, 0.000
K, 103, 11.368, 189.516, 0.000
K, 104, 10.658, 190.746, 0.000
K, 105, 11.368, 191.977, 0.000
K, 106, 0.000, 164.903, 0.000
K, 107, 0.711, 166.134, 0.000
K, 108, 0.000, 167.365, 0.000
K, 109, 2.132, 168.595, 0.000
K, 110, 0.711, 168.595, 0.000
K, 111, 2.842, 169.826, 0.000
K, 112, 2.132, 171.057, 0.000
K, 113, 4.263, 172.287, 0.000
K, 114, 2.842, 172.287, 0.000
K, 115, 4.974, 173.518, 0.000
K, 116, 4.263, 174.748, 0.000
K, 117, 6.395, 175.979, 0.000
K, 118, 4.974, 175.979, 0.000
K, 119, 7.105, 177.210, 0.000
K, 120, 6.395, 178.440, 0.000
K, 121, 8.526, 179.671, 0.000
K, 122, 7.105, 179.671, 0.000
K, 123, 9.237, 180.901, 0.000
K, 124, 8.526, 182.132, 0.000
K, 125, 10.658, 183.363, 0.000
K, 126, 9.237, 183.363, 0.000
K, 127, 11.368, 184.593, 0.000
K, 128, 10.658, 185.824, 0.000
K, 129, 11.368, 187.055, 0.000
K, 130, 0.000, 159.981, 0.000
K, 131, 0.711, 161.212, 0.000
K, 132, 0.000, 162.442, 0.000
K, 133, 2.131, 163.673, 0.000
K, 134, 0.711, 163.673, 0.000
K, 135, 2.842, 164.903, 0.000
K, 136, 2.131, 166.134, 0.000
K, 137, 4.263, 167.365, 0.000
K, 138, 2.842, 167.365, 0.000
K, 139, 4.974, 168.595, 0.000
K, 140, 4.263, 169.826, 0.000
K, 141, 6.394, 171.057, 0.000
K, 142, 4.974, 171.057, 0.000
K, 143, 7.105, 172.287, 0.000
K, 144, 6.395, 173.518, 0.000
K, 145, 8.526, 174.748, 0.000
K, 146, 7.105, 174.748, 0.000
K, 147, 9.237, 175.979, 0.000
K, 148, 8.526, 177.210, 0.000
K, 149, 10.658, 178.440, 0.000
K, 150, 9.237, 178.440, 0.000
K, 151, 11.368, 179.671, 0.000
K, 152, 10.658, 180.901, 0.000
K, 153, 11.368, 182.132, 0.000
K, 154, 0.000, 155.058, 0.000
K, 155, 0.711, 156.289, 0.000
K, 156, 0.000, 157.520, 0.000
K, 157, 2.132, 158.750, 0.000
K, 158, 0.711, 158.750, 0.000
K, 159, 2.842, 159.981, 0.000
K, 160, 2.132, 161.212, 0.000
K, 161, 4.263, 162.442, 0.000
K, 162, 2.842, 162.442, 0.000
K, 163, 4.974, 163.673, 0.000
K, 164, 4.263, 164.903, 0.000
K, 165, 6.395, 166.134, 0.000
K, 166, 4.974, 166.134, 0.000
K, 167, 7.105, 167.365, 0.000
K, 168, 6.395, 168.595, 0.000
K, 169, 8.526, 169.826, 0.000
K, 170, 7.105, 169.826, 0.000
K, 171, 9.237, 171.057, 0.000
K, 172, 8.526, 172.287, 0.000
K, 173, 10.658, 173.518, 0.000
K, 174, 9.237, 173.518, 0.000
K, 175, 11.368, 174.748, 0.000
K, 176, 10.658, 175.979, 0.000
K, 177, 11.368, 177.210, 0.000
K, 178, 0.000, 150.136, 0.000
K, 179, 0.711, 151.367, 0.000
K, 180, 0.000, 152.597, 0.000
K, 181, 2.132, 153.828, 0.000
K, 182, 0.711, 153.828, 0.000
K, 183, 2.842, 155.058, 0.000
K, 184, 2.132, 156.289, 0.000
K, 185, 4.263, 157.520, 0.000
K, 186, 2.842, 157.520, 0.000
K, 187, 4.974, 158.750, 0.000
K, 188, 4.263, 159.981, 0.000
K, 189, 6.395, 161.212, 0.000
K, 190, 4.974, 161.212, 0.000
K, 191, 7.105, 162.442, 0.000
K, 192, 6.395, 163.673, 0.000
K, 193, 8.526, 164.903, 0.000
K, 194, 7.105, 164.903, 0.000
K, 195, 9.237, 166.134, 0.000
K, 196, 8.526, 167.365, 0.000
K, 197, 10.658, 168.595, 0.000
K, 198, 9.237, 168.595, 0.000
K, 199, 11.368, 169.826, 0.000
K, 200, 10.658, 171.057, 0.000
K, 201, 11.368, 172.287, 0.000
K, 202, 0.000, 145.213, 0.000
K, 203, 0.710, 146.444, 0.000
K, 204, 0.000, 147.675, 0.000
K, 205, 2.132, 148.905, 0.000
K, 206, 0.711, 148.905, 0.000
K, 207, 2.842, 150.136, 0.000
K, 208, 2.132, 151.367, 0.000
K, 209, 4.263, 152.597, 0.000
K, 210, 2.842, 152.597, 0.000
K, 211, 4.974, 153.828, 0.000
K, 212, 4.263, 155.058, 0.000
K, 213, 6.395, 156.289, 0.000
K, 214, 4.974, 156.289, 0.000
K, 215, 7.105, 157.520, 0.000
K, 216, 6.395, 158.750, 0.000
K, 217, 8.526, 159.981, 0.000
K, 218, 7.105, 159.981, 0.000
K, 219, 9.237, 161.212, 0.000
K, 220, 8.526, 162.442, 0.000
K, 221, 10.658, 163.673, 0.000
K, 222, 9.237, 163.673, 0.000
K, 223, 11.368, 164.903, 0.000
K, 224, 10.658, 166.134, 0.000
K, 225, 11.368, 167.365, 0.000
K, 226, 0.000, 140.291, 0.000
K, 227, 0.710, 141.522, 0.000
K, 228, 0.000, 142.752, 0.000
K, 229, 2.131, 143.983, 0.000
K, 230, 0.710, 143.983, 0.000
K, 231, 2.842, 145.213, 0.000
K, 232, 2.131, 146.444, 0.000
K, 233, 4.263, 147.675, 0.000
K, 234, 2.842, 147.675, 0.000
K, 235, 4.974, 148.905, 0.000
K, 236, 4.263, 150.136, 0.000
K, 237, 6.394, 151.367, 0.000
K, 238, 4.974, 151.367, 0.000
K, 239, 7.105, 152.597, 0.000
K, 240, 6.395, 153.828, 0.000
K, 241, 8.526, 155.058, 0.000
K, 242, 7.105, 155.058, 0.000
K, 243, 9.237, 156.289, 0.000
K, 244, 8.526, 157.520, 0.000
K, 245, 10.658, 158.750, 0.000
K, 246, 9.237, 158.750, 0.000
K, 247, 11.368, 159.981, 0.000
K, 248, 10.658, 161.212, 0.000
K, 249, 11.368, 162.442, 0.000
K, 250, 0.000, 135.368, 0.000
K, 251, 0.711, 136.599, 0.000
K, 252, 0.000, 137.830, 0.000
K, 253, 2.132, 139.060, 0.000
K, 254, 0.711, 139.060, 0.000
K, 255, 2.842, 140.291, 0.000
K, 256, 2.132, 141.522, 0.000
K, 257, 4.263, 142.752, 0.000
K, 258, 2.842, 142.752, 0.000
K, 259, 4.974, 143.983, 0.000
K, 260, 4.263, 145.213, 0.000
K, 261, 6.395, 146.444, 0.000
K, 262, 4.974, 146.444, 0.000
K, 263, 7.105, 147.675, 0.000
K, 264, 6.395, 148.905, 0.000
K, 265, 8.526, 150.136, 0.000
K, 266, 7.105, 150.136, 0.000
K, 267, 9.237, 151.367, 0.000
K, 268, 8.526, 152.597, 0.000
K, 269, 10.658, 153.828, 0.000
K, 270, 9.237, 153.828, 0.000
K, 271, 11.368, 155.058, 0.000
K, 272, 10.658, 156.289, 0.000
K, 273, 11.368, 157.520, 0.000
K, 274, 0.000, 130.446, 0.000
K, 275, 0.711, 131.677, 0.000
K, 276, 0.000, 132.907, 0.000
K, 277, 2.132, 134.138, 0.000
K, 278, 0.711, 134.138, 0.000
K, 279, 2.842, 135.368, 0.000
K, 280, 2.132, 136.599, 0.000
K, 281, 4.263, 137.830, 0.000
K, 282, 2.842, 137.830, 0.000
K, 283, 4.974, 139.060, 0.000
K, 284, 4.263, 140.291, 0.000
K, 285, 6.395, 141.522, 0.000
K, 286, 4.974, 141.522, 0.000
K, 287, 7.105, 142.752, 0.000
K, 288, 6.395, 143.983, 0.000
K, 289, 8.526, 145.213, 0.000
K, 290, 7.105, 145.213, 0.000
K, 291, 9.237, 146.444, 0.000
K, 292, 8.526, 147.675, 0.000
K, 293, 10.658, 148.905, 0.000
K, 294, 9.237, 148.905, 0.000
K, 295, 11.368, 150.136, 0.000
K, 296, 10.658, 151.367, 0.000
K, 297, 11.368, 152.597, 0.000
K, 298, 0.000, 125.524, 0.000
K, 299, 0.710, 126.754, 0.000
K, 300, 0.000, 127.985, 0.000
K, 301, 2.131, 129.215, 0.000
K, 302, 0.710, 129.215, 0.000
K, 303, 2.842, 130.446, 0.000
K, 304, 2.131, 131.677, 0.000
K, 305, 4.263, 132.907, 0.000
K, 306, 2.842, 132.907, 0.000
K, 307, 4.973, 134.138, 0.000
K, 308, 4.263, 135.368, 0.000
K, 309, 6.394, 136.599, 0.000
K, 310, 4.973, 136.599, 0.000
K, 311, 7.105, 137.830, 0.000
K, 312, 6.394, 139.060, 0.000
K, 313, 8.526, 140.291, 0.000
K, 314, 7.105, 140.291, 0.000
K, 315, 9.236, 141.522, 0.000
K, 316, 8.526, 142.752, 0.000
K, 317, 10.658, 143.983, 0.000
K, 318, 9.237, 143.983, 0.000
K, 319, 11.368, 145.213, 0.000
K, 320, 10.658, 146.444, 0.000
K, 321, 12.789, 147.675, 0.000
K, 322, 11.368, 147.675, 0.000
K, 323, 0.000, 120.601, 0.000
K, 324, 0.710, 121.832, 0.000
K, 325, 0.000, 123.062, 0.000
K, 326, 2.131, 124.293, 0.000
K, 327, 0.710, 124.293, 0.000
K, 328, 2.842, 125.523, 0.000
K, 329, 2.132, 126.754, 0.000
K, 330, 4.263, 127.985, 0.000
K, 331, 2.842, 127.985, 0.000
K, 332, 4.973, 129.215, 0.000
K, 333, 4.263, 130.446, 0.000
K, 334, 6.394, 131.677, 0.000
K, 335, 4.973, 131.677, 0.000
K, 336, 7.105, 132.907, 0.000
K, 337, 6.395, 134.138, 0.000
K, 338, 8.526, 135.368, 0.000
K, 339, 7.105, 135.368, 0.000
K, 340, 9.236, 136.599, 0.000
K, 341, 8.526, 137.830, 0.000
K, 342, 10.658, 139.060, 0.000
K, 343, 9.236, 139.060, 0.000
K, 344, 11.368, 140.291, 0.000
K, 345, 10.658, 141.522, 0.000
K, 346, 11.368, 142.752, 0.000
K, 347, 0.000, 115.679, 0.000
K, 348, 0.711, 116.909, 0.000
K, 349, 0.000, 118.140, 0.000
K, 350, 2.132, 119.370, 0.000
K, 351, 0.710, 119.370, 0.000
K, 352, 2.842, 120.601, 0.000
K, 353, 2.132, 121.832, 0.000
K, 354, 4.263, 123.062, 0.000
K, 355, 2.842, 123.062, 0.000
K, 356, 4.974, 124.293, 0.000
K, 357, 4.263, 125.524, 0.000
K, 358, 6.395, 126.754, 0.000
K, 359, 4.974, 126.754, 0.000
K, 360, 7.105, 127.985, 0.000
K, 361, 6.395, 129.215, 0.000
K, 362, 8.526, 130.446, 0.000
K, 363, 7.105, 130.446, 0.000
K, 364, 9.237, 131.677, 0.000
K, 365, 8.526, 132.907, 0.000
K, 366, 10.658, 134.138, 0.000
K, 367, 9.237, 134.138, 0.000
K, 368, 11.368, 135.368, 0.000
K, 369, 10.658, 136.599, 0.000
K, 370, 11.368, 137.830, 0.000
K, 371, 0.000, 110.756, 0.000
K, 372, 0.710, 111.987, 0.000
K, 373, 0.000, 113.217, 0.000
K, 374, 2.131, 114.448, 0.000
K, 375, 0.710, 114.448, 0.000
K, 376, 2.842, 115.679, 0.000
K, 377, 2.131, 116.909, 0.000
K, 378, 4.263, 118.140, 0.000
K, 379, 2.842, 118.140, 0.000
K, 380, 4.973, 119.370, 0.000
K, 381, 4.263, 120.601, 0.000
K, 382, 6.394, 121.832, 0.000
K, 383, 4.973, 121.832, 0.000
K, 384, 7.105, 123.062, 0.000
K, 385, 6.394, 124.293, 0.000
K, 386, 8.526, 125.524, 0.000
K, 387, 7.105, 125.524, 0.000
K, 388, 9.236, 126.754, 0.000
K, 389, 8.526, 127.985, 0.000
K, 390, 10.658, 129.215, 0.000
K, 391, 9.236, 129.215, 0.000
K, 392, 11.368, 130.446, 0.000
K, 393, 10.658, 131.677, 0.000
K, 394, 12.789, 132.907, 0.000
K, 395, 11.368, 132.907, 0.000
K, 396, 12.789, 135.368, 0.000
K, 397, 0.000, 105.834, 0.000
K, 398, 0.710, 107.064, 0.000
K, 399, 0.000, 108.295, 0.000
K, 400, 2.132, 109.525, 0.000
K, 401, 0.711, 109.525, 0.000
K, 402, 2.842, 110.756, 0.000
K, 403, 2.132, 111.987, 0.000
K, 404, 4.263, 113.217, 0.000
K, 405, 2.842, 113.217, 0.000
K, 406, 4.974, 114.448, 0.000
K, 407, 4.263, 115.679, 0.000
K, 408, 6.394, 116.909, 0.000
K, 409, 4.973, 116.909, 0.000
K, 410, 7.105, 118.140, 0.000
K, 411, 6.394, 119.370, 0.000
K, 412, 8.526, 120.601, 0.000
K, 413, 7.105, 120.601, 0.000
K, 414, 9.236, 121.832, 0.000
K, 415, 8.526, 123.062, 0.000
K, 416, 10.658, 124.293, 0.000
K, 417, 9.236, 124.293, 0.000
K, 418, 11.368, 125.524, 0.000
K, 419, 10.658, 126.754, 0.000
K, 420, 12.789, 127.985, 0.000
K, 421, 11.368, 127.985, 0.000
K, 422, 0.000, 100.911, 0.000
K, 423, 0.711, 102.142, 0.000
K, 424, 0.000, 103.372, 0.000
K, 425, 2.132, 104.603, 0.000
K, 426, 0.711, 104.603, 0.000
K, 427, 2.842, 105.834, 0.000
K, 428, 2.132, 107.064, 0.000
K, 429, 4.263, 108.295, 0.000
K, 430, 2.842, 108.295, 0.000
K, 431, 4.974, 109.525, 0.000
K, 432, 4.263, 110.756, 0.000
K, 433, 6.395, 111.987, 0.000
K, 434, 4.974, 111.987, 0.000
K, 435, 7.105, 113.217, 0.000
K, 436, 6.395, 114.448, 0.000
K, 437, 8.526, 115.679, 0.000
K, 438, 7.105, 115.679, 0.000
K, 439, 9.236, 116.909, 0.000
K, 440, 8.526, 118.140, 0.000
K, 441, 10.658, 119.370, 0.000
K, 442, 9.237, 119.370, 0.000
K, 443, 11.368, 120.601, 0.000
K, 444, 10.658, 121.832, 0.000
K, 445, 11.368, 123.062, 0.000
K, 446, 0.000, 95.989, 0.000
K, 447, 0.711, 97.219, 0.000
K, 448, 0.000, 98.450, 0.000
K, 449, 2.132, 99.680, 0.000
K, 450, 0.711, 99.680, 0.000
K, 451, 2.842, 100.911, 0.000
K, 452, 2.132, 102.142, 0.000
K, 453, 4.263, 103.372, 0.000
K, 454, 2.842, 103.372, 0.000
K, 455, 4.974, 104.603, 0.000
K, 456, 4.263, 105.834, 0.000
K, 457, 6.395, 107.064, 0.000
K, 458, 4.974, 107.064, 0.000
K, 459, 7.105, 108.295, 0.000
K, 460, 6.395, 109.525, 0.000
K, 461, 8.526, 110.756, 0.000
K, 462, 7.105, 110.756, 0.000
K, 463, 9.237, 111.987, 0.000
K, 464, 8.526, 113.217, 0.000
K, 465, 10.658, 114.448, 0.000
K, 466, 9.237, 114.448, 0.000
K, 467, 11.368, 115.679, 0.000
K, 468, 10.658, 116.909, 0.000
K, 469, 11.368, 118.140, 0.000
K, 470, 0.000, 91.066, 0.000
K, 471, 0.710, 92.297, 0.000
K, 472, 0.000, 93.527, 0.000
K, 473, 2.132, 94.758, 0.000
K, 474, 0.710, 94.758, 0.000
K, 475, 2.842, 95.989, 0.000
K, 476, 2.132, 97.219, 0.000
K, 477, 4.263, 98.450, 0.000
K, 478, 2.842, 98.450, 0.000
K, 479, 4.973, 99.680, 0.000
K, 480, 4.263, 100.911, 0.000
K, 481, 6.395, 102.142, 0.000
K, 482, 4.973, 102.142, 0.000
K, 483, 7.105, 103.372, 0.000
K, 484, 6.395, 104.603, 0.000
K, 485, 8.526, 105.834, 0.000
K, 486, 7.105, 105.834, 0.000
K, 487, 9.236, 107.064, 0.000
K, 488, 8.526, 108.295, 0.000
K, 489, 10.658, 109.525, 0.000
K, 490, 9.237, 109.525, 0.000
K, 491, 11.368, 110.756, 0.000
K, 492, 10.658, 111.987, 0.000
K, 493, 12.789, 113.217, 0.000
K, 494, 11.368, 113.217, 0.000
K, 495, 12.789, 115.679, 0.000
K, 496, 0.000, 86.144, 0.000
K, 497, 0.710, 87.374, 0.000
K, 498, 0.000, 88.605, 0.000
K, 499, 2.132, 89.835, 0.000
K, 500, 0.711, 89.835, 0.000
K, 501, 2.842, 91.066, 0.000
K, 502, 2.132, 92.297, 0.000
K, 503, 4.263, 93.527, 0.000
K, 504, 2.842, 93.527, 0.000
K, 505, 4.974, 94.758, 0.000
K, 506, 4.263, 95.989, 0.000
K, 507, 6.395, 97.219, 0.000
K, 508, 4.974, 97.219, 0.000
K, 509, 7.105, 98.450, 0.000
K, 510, 6.395, 99.680, 0.000
K, 511, 8.526, 100.911, 0.000
K, 512, 7.105, 100.911, 0.000
K, 513, 9.237, 102.142, 0.000
K, 514, 8.526, 103.372, 0.000
K, 515, 10.658, 104.603, 0.000
K, 516, 9.237, 104.603, 0.000
K, 517, 11.368, 105.834, 0.000
K, 518, 10.658, 107.064, 0.000
K, 519, 11.368, 108.295, 0.000
K, 520, 0.000, 81.221, 0.000
K, 521, 0.711, 82.452, 0.000
K, 522, 0.000, 83.682, 0.000
K, 523, 2.132, 84.913, 0.000
K, 524, 0.711, 84.913, 0.000
K, 525, 2.842, 86.144, 0.000
K, 526, 2.132, 87.374, 0.000
K, 527, 4.263, 88.605, 0.000
K, 528, 2.842, 88.605, 0.000
K, 529, 4.974, 89.835, 0.000
K, 530, 4.263, 91.066, 0.000
K, 531, 6.395, 92.297, 0.000
K, 532, 4.974, 92.297, 0.000
K, 533, 7.105, 93.527, 0.000
K, 534, 6.395, 94.758, 0.000
K, 535, 8.526, 95.989, 0.000
K, 536, 7.105, 95.989, 0.000
K, 537, 9.237, 97.219, 0.000
K, 538, 8.526, 98.450, 0.000
K, 539, 10.658, 99.680, 0.000
K, 540, 9.237, 99.680, 0.000
K, 541, 11.368, 100.911, 0.000
K, 542, 10.658, 102.142, 0.000
K, 543, 11.368, 103.372, 0.000
K, 544, 0.000, 76.299, 0.000
K, 545, 0.711, 77.529, 0.000
K, 546, 0.000, 78.760, 0.000
K, 547, 2.132, 79.990, 0.000
K, 548, 0.711, 79.990, 0.000
K, 549, 2.842, 81.221, 0.000
K, 550, 2.132, 82.452, 0.000
K, 551, 4.263, 83.682, 0.000
K, 552, 2.842, 83.682, 0.000
K, 553, 4.974, 84.913, 0.000
K, 554, 4.263, 86.144, 0.000
K, 555, 6.395, 87.374, 0.000
K, 556, 4.974, 87.374, 0.000
K, 557, 7.105, 88.605, 0.000
K, 558, 6.395, 89.835, 0.000
K, 559, 8.526, 91.066, 0.000
K, 560, 7.105, 91.066, 0.000
K, 561, 9.237, 92.297, 0.000
K, 562, 8.526, 93.527, 0.000
K, 563, 10.658, 94.758, 0.000
K, 564, 9.237, 94.758, 0.000
K, 565, 11.368, 95.989, 0.000
K, 566, 10.658, 97.219, 0.000
K, 567, 11.368, 98.450, 0.000
K, 568, 0.000, 71.376, 0.000
K, 569, 0.711, 72.607, 0.000
K, 570, 0.000, 73.837, 0.000
K, 571, 2.132, 75.068, 0.000
K, 572, 0.710, 75.068, 0.000
K, 573, 2.842, 76.299, 0.000
K, 574, 2.132, 77.529, 0.000
K, 575, 4.263, 78.760, 0.000
K, 576, 2.842, 78.760, 0.000
K, 577, 4.973, 79.990, 0.000
K, 578, 4.263, 81.221, 0.000
K, 579, 6.395, 82.452, 0.000
K, 580, 4.974, 82.452, 0.000
K, 581, 7.105, 83.682, 0.000
K, 582, 6.395, 84.913, 0.000
K, 583, 8.526, 86.144, 0.000
K, 584, 7.105, 86.144, 0.000
K, 585, 9.237, 87.374, 0.000
K, 586, 8.526, 88.605, 0.000
K, 587, 10.658, 89.835, 0.000
K, 588, 9.237, 89.835, 0.000
K, 589, 11.368, 91.066, 0.000
K, 590, 10.658, 92.297, 0.000
K, 591, 11.368, 93.527, 0.000
K, 592, 0.000, 66.454, 0.000
K, 593, 0.711, 67.684, 0.000
K, 594, 0.000, 68.915, 0.000
K, 595, 2.132, 70.145, 0.000
K, 596, 0.711, 70.145, 0.000
K, 597, 2.842, 71.376, 0.000
K, 598, 2.132, 72.607, 0.000
K, 599, 4.263, 73.837, 0.000
K, 600, 2.842, 73.837, 0.000
K, 601, 4.974, 75.068, 0.000
K, 602, 4.263, 76.299, 0.000
K, 603, 6.395, 77.529, 0.000
K, 604, 4.974, 77.529, 0.000
K, 605, 7.105, 78.760, 0.000
K, 606, 6.395, 79.990, 0.000
K, 607, 8.526, 81.221, 0.000
K, 608, 7.105, 81.221, 0.000
K, 609, 9.237, 82.452, 0.000
K, 610, 8.526, 83.682, 0.000
K, 611, 10.658, 84.913, 0.000
K, 612, 9.237, 84.913, 0.000
K, 613, 11.368, 86.144, 0.000
K, 614, 10.658, 87.374, 0.000
K, 615, 11.368, 88.605, 0.000
K, 616, 0.000, 61.531, 0.000
K, 617, 0.710, 62.762, 0.000
K, 618, 0.000, 63.992, 0.000
K, 619, 2.131, 65.223, 0.000
K, 620, 0.710, 65.223, 0.000
K, 621, 2.842, 66.454, 0.000
K, 622, 2.131, 67.684, 0.000
K, 623, 4.263, 68.915, 0.000
K, 624, 2.842, 68.915, 0.000
K, 625, 4.973, 70.145, 0.000
K, 626, 4.263, 71.376, 0.000
K, 627, 6.394, 72.607, 0.000
K, 628, 4.973, 72.607, 0.000
K, 629, 7.105, 73.837, 0.000
K, 630, 6.395, 75.068, 0.000
K, 631, 8.526, 76.299, 0.000
K, 632, 7.105, 76.299, 0.000
K, 633, 9.236, 77.529, 0.000
K, 634, 8.526, 78.760, 0.000
K, 635, 10.658, 79.990, 0.000
K, 636, 9.236, 79.990, 0.000
K, 637, 11.368, 81.221, 0.000
K, 638, 10.658, 82.452, 0.000
K, 639, 11.368, 83.682, 0.000
K, 640, 0.000, 56.609, 0.000
K, 641, 0.711, 57.839, 0.000
K, 642, 0.000, 59.070, 0.000
K, 643, 2.132, 60.300, 0.000
K, 644, 0.711, 60.300, 0.000
K, 645, 2.842, 61.531, 0.000
K, 646, 2.132, 62.762, 0.000
K, 647, 4.263, 63.992, 0.000
K, 648, 2.842, 63.992, 0.000
K, 649, 4.974, 65.223, 0.000
K, 650, 4.263, 66.454, 0.000
K, 651, 6.395, 67.684, 0.000
K, 652, 4.974, 67.684, 0.000
K, 653, 7.105, 68.915, 0.000
K, 654, 6.395, 70.145, 0.000
K, 655, 8.526, 71.376, 0.000
K, 656, 7.105, 71.376, 0.000
K, 657, 9.237, 72.607, 0.000
K, 658, 8.526, 73.837, 0.000
K, 659, 10.658, 75.068, 0.000
K, 660, 9.237, 75.068, 0.000
K, 661, 11.368, 76.299, 0.000
K, 662, 10.658, 77.529, 0.000
K, 663, 11.368, 78.760, 0.000
K, 664, 0.000, 51.686, 0.000
K, 665, 0.711, 52.917, 0.000
K, 666, 0.000, 54.147, 0.000
K, 667, 2.132, 55.378, 0.000
K, 668, 0.711, 55.378, 0.000
K, 669, 2.842, 56.609, 0.000
K, 670, 2.131, 57.839, 0.000
K, 671, 4.263, 59.070, 0.000
K, 672, 2.842, 59.070, 0.000
K, 673, 4.973, 60.300, 0.000
K, 674, 4.263, 61.531, 0.000
K, 675, 6.394, 62.762, 0.000
K, 676, 4.974, 62.762, 0.000
K, 677, 7.105, 63.992, 0.000
K, 678, 6.395, 65.223, 0.000
K, 679, 8.526, 66.454, 0.000
K, 680, 7.105, 66.454, 0.000
K, 681, 9.237, 67.684, 0.000
K, 682, 8.526, 68.915, 0.000
K, 683, 10.658, 70.145, 0.000
K, 684, 9.236, 70.145, 0.000
K, 685, 11.368, 71.376, 0.000
K, 686, 10.658, 72.607, 0.000
K, 687, 11.368, 73.837, 0.000
K, 688, 0.000, 46.764, 0.000
K, 689, 0.711, 47.994, 0.000
K, 690, 0.000, 49.225, 0.000
K, 691, 2.132, 50.456, 0.000
K, 692, 0.711, 50.456, 0.000
K, 693, 2.842, 51.686, 0.000
K, 694, 2.132, 52.917, 0.000
K, 695, 4.263, 54.147, 0.000
K, 696, 2.842, 54.147, 0.000
K, 697, 4.974, 55.378, 0.000
K, 698, 4.263, 56.609, 0.000
K, 699, 6.395, 57.839, 0.000
K, 700, 4.974, 57.839, 0.000
K, 701, 7.105, 59.070, 0.000
K, 702, 6.395, 60.300, 0.000
K, 703, 8.526, 61.531, 0.000
K, 704, 7.105, 61.531, 0.000
K, 705, 9.237, 62.762, 0.000
K, 706, 8.526, 63.992, 0.000
K, 707, 10.658, 65.223, 0.000
K, 708, 9.237, 65.223, 0.000
K, 709, 11.368, 66.454, 0.000
K, 710, 10.658, 67.684, 0.000
K, 711, 11.368, 68.915, 0.000
K, 712, 0.000, 41.841, 0.000
K, 713, 0.711, 43.072, 0.000
K, 714, 0.000, 44.302, 0.000
K, 715, 2.132, 45.533, 0.000
K, 716, 0.711, 45.533, 0.000
K, 717, 2.842, 46.764, 0.000
K, 718, 2.132, 47.994, 0.000
K, 719, 4.263, 49.225, 0.000
K, 720, 2.842, 49.225, 0.000
K, 721, 4.974, 50.456, 0.000
K, 722, 4.263, 51.686, 0.000
K, 723, 6.395, 52.917, 0.000
K, 724, 4.974, 52.917, 0.000
K, 725, 7.105, 54.147, 0.000
K, 726, 6.395, 55.378, 0.000
K, 727, 8.526, 56.609, 0.000
K, 728, 7.105, 56.609, 0.000
K, 729, 9.237, 57.839, 0.000
K, 730, 8.526, 59.070, 0.000
K, 731, 10.658, 60.300, 0.000
K, 732, 9.237, 60.300, 0.000
K, 733, 11.368, 61.531, 0.000
K, 734, 10.658, 62.762, 0.000
K, 735, 11.368, 63.992, 0.000
K, 736, 0.000, 36.919, 0.000
K, 737, 0.711, 38.149, 0.000
K, 738, 0.000, 39.380, 0.000
K, 739, 2.132, 40.611, 0.000
K, 740, 0.711, 40.611, 0.000
K, 741, 2.842, 41.841, 0.000
K, 742, 2.132, 43.072, 0.000
K, 743, 4.263, 44.302, 0.000
K, 744, 2.842, 44.302, 0.000
K, 745, 4.974, 45.533, 0.000
K, 746, 4.263, 46.764, 0.000
K, 747, 6.395, 47.994, 0.000
K, 748, 4.974, 47.994, 0.000
K, 749, 7.105, 49.225, 0.000
K, 750, 6.395, 50.456, 0.000
K, 751, 8.526, 51.686, 0.000
K, 752, 7.105, 51.686, 0.000
K, 753, 9.237, 52.917, 0.000
K, 754, 8.526, 54.147, 0.000
K, 755, 10.658, 55.378, 0.000
K, 756, 9.237, 55.378, 0.000
K, 757, 11.368, 56.609, 0.000
K, 758, 10.658, 57.839, 0.000
K, 759, 11.368, 59.070, 0.000
K, 760, 0.000, 31.996, 0.000
K, 761, 0.711, 33.227, 0.000
K, 762, 0.000, 34.457, 0.000
K, 763, 2.132, 35.688, 0.000
K, 764, 0.711, 35.688, 0.000
K, 765, 2.842, 36.919, 0.000
K, 766, 2.132, 38.149, 0.000
K, 767, 4.263, 39.380, 0.000
K, 768, 2.842, 39.380, 0.000
K, 769, 4.974, 40.611, 0.000
K, 770, 4.263, 41.841, 0.000
K, 771, 6.395, 43.072, 0.000
K, 772, 4.974, 43.072, 0.000
K, 773, 7.105, 44.302, 0.000
K, 774, 6.395, 45.533, 0.000
K, 775, 8.526, 46.764, 0.000
K, 776, 7.105, 46.764, 0.000
K, 777, 9.237, 47.994, 0.000
K, 778, 8.526, 49.225, 0.000
K, 779, 10.658, 50.456, 0.000
K, 780, 9.237, 50.456, 0.000
K, 781, 11.368, 51.686, 0.000
K, 782, 10.658, 52.917, 0.000
K, 783, 11.368, 54.147, 0.000
K, 784, 0.000, 27.074, 0.000
K, 785, 0.711, 28.304, 0.000
K, 786, 0.000, 29.535, 0.000
K, 787, 2.132, 30.766, 0.000
K, 788, 0.711, 30.766, 0.000
K, 789, 2.842, 31.996, 0.000
K, 790, 2.132, 33.227, 0.000
K, 791, 4.263, 34.457, 0.000
K, 792, 2.842, 34.457, 0.000
K, 793, 4.974, 35.688, 0.000
K, 794, 4.263, 36.919, 0.000
K, 795, 6.395, 38.149, 0.000
K, 796, 4.974, 38.149, 0.000
K, 797, 7.105, 39.380, 0.000
K, 798, 6.395, 40.611, 0.000
K, 799, 8.526, 41.841, 0.000
K, 800, 7.105, 41.841, 0.000
K, 801, 9.237, 43.072, 0.000
K, 802, 8.526, 44.302, 0.000
K, 803, 10.658, 45.533, 0.000
K, 804, 9.237, 45.533, 0.000
K, 805, 11.368, 46.764, 0.000
K, 806, 10.658, 47.994, 0.000
K, 807, 11.368, 49.225, 0.000
K, 808, 0.000, 22.151, 0.000
K, 809, 0.711, 23.382, 0.000
K, 810, 0.000, 24.612, 0.000
K, 811, 2.132, 25.843, 0.000
K, 812, 0.711, 25.843, 0.000
K, 813, 2.842, 27.074, 0.000
K, 814, 2.132, 28.304, 0.000
K, 815, 4.263, 29.535, 0.000
K, 816, 2.842, 29.535, 0.000
K, 817, 4.974, 30.766, 0.000
K, 818, 4.263, 31.996, 0.000
K, 819, 6.395, 33.227, 0.000
K, 820, 4.974, 33.227, 0.000
K, 821, 7.105, 34.457, 0.000
K, 822, 6.395, 35.688, 0.000
K, 823, 8.526, 36.919, 0.000
K, 824, 7.105, 36.919, 0.000
K, 825, 9.237, 38.149, 0.000
K, 826, 8.526, 39.380, 0.000
K, 827, 10.658, 40.611, 0.000
K, 828, 9.237, 40.611, 0.000
K, 829, 11.368, 41.841, 0.000
K, 830, 10.658, 43.072, 0.000
K, 831, 11.368, 44.302, 0.000
K, 832, 0.000, 17.229, 0.000
K, 833, 0.711, 18.459, 0.000
K, 834, 0.000, 19.690, 0.000
K, 835, 2.132, 20.921, 0.000
K, 836, 0.711, 20.921, 0.000
K, 837, 2.842, 22.151, 0.000
K, 838, 2.132, 23.382, 0.000
K, 839, 4.263, 24.612, 0.000
K, 840, 2.842, 24.612, 0.000
K, 841, 4.974, 25.843, 0.000
K, 842, 4.263, 27.074, 0.000
K, 843, 6.395, 28.304, 0.000
K, 844, 4.974, 28.304, 0.000
K, 845, 7.105, 29.535, 0.000
K, 846, 6.395, 30.766, 0.000
K, 847, 8.526, 31.996, 0.000
K, 848, 7.105, 31.996, 0.000
K, 849, 9.237, 33.227, 0.000
K, 850, 8.526, 34.457, 0.000
K, 851, 10.658, 35.688, 0.000
K, 852, 9.237, 35.688, 0.000
K, 853, 11.368, 36.919, 0.000
K, 854, 10.658, 38.149, 0.000
K, 855, 11.368, 39.380, 0.000
K, 856, 0.000, 12.306, 0.000
K, 857, 0.711, 13.537, 0.000
K, 858, 0.000, 14.767, 0.000
K, 859, 2.132, 15.998, 0.000
K, 860, 0.710, 15.998, 0.000
K, 861, 2.842, 17.229, 0.000
K, 862, 2.132, 18.459, 0.000
K, 863, 4.263, 19.690, 0.000
K, 864, 2.842, 19.690, 0.000
K, 865, 4.974, 20.921, 0.000
K, 866, 4.263, 22.151, 0.000
K, 867, 6.395, 23.382, 0.000
K, 868, 4.974, 23.382, 0.000
K, 869, 7.105, 24.612, 0.000
K, 870, 6.395, 25.843, 0.000
K, 871, 8.526, 27.074, 0.000
K, 872, 7.105, 27.074, 0.000
K, 873, 9.237, 28.304, 0.000
K, 874, 8.526, 29.535, 0.000
K, 875, 10.658, 30.766, 0.000
K, 876, 9.237, 30.766, 0.000
K, 877, 11.368, 31.996, 0.000
K, 878, 10.658, 33.227, 0.000
K, 879, 11.368, 34.457, 0.000
K, 880, 0.000, 7.384, 0.000
K, 881, 0.711, 8.614, 0.000
K, 882, 0.000, 9.845, 0.000
K, 883, 2.132, 11.076, 0.000
K, 884, 0.711, 11.076, 0.000
K, 885, 2.842, 12.306, 0.000
K, 886, 2.132, 13.537, 0.000
K, 887, 4.263, 14.767, 0.000
K, 888, 2.842, 14.767, 0.000
K, 889, 4.974, 15.998, 0.000
K, 890, 4.263, 17.229, 0.000
K, 891, 6.395, 18.459, 0.000
K, 892, 4.974, 18.459, 0.000
K, 893, 7.105, 19.690, 0.000
K, 894, 6.395, 20.921, 0.000
K, 895, 8.526, 22.151, 0.000
K, 896, 7.105, 22.151, 0.000
K, 897, 9.237, 23.382, 0.000
K, 898, 8.526, 24.612, 0.000
K, 899, 10.658, 25.843, 0.000
K, 900, 9.237, 25.843, 0.000
K, 901, 11.368, 27.074, 0.000
K, 902, 10.658, 28.304, 0.000
K, 903, 11.368, 29.535, 0.000
K, 904, 0.000, 2.461, 0.000
K, 905, 0.711, 3.692, 0.000
K, 906, 0.000, 4.922, 0.000
K, 907, 2.132, 6.153, 0.000
K, 908, 0.711, 6.153, 0.000
K, 909, 2.842, 7.384, 0.000
K, 910, 2.132, 8.614, 0.000
K, 911, 4.263, 9.845, 0.000
K, 912, 2.842, 9.845, 0.000
K, 913, 4.974, 11.076, 0.000
K, 914, 4.263, 12.306, 0.000
K, 915, 6.395, 13.537, 0.000
K, 916, 4.974, 13.537, 0.000
K, 917, 7.105, 14.767, 0.000
K, 918, 6.395, 15.998, 0.000
K, 919, 8.526, 17.229, 0.000
K, 920, 7.105, 17.229, 0.000
K, 921, 9.237, 18.459, 0.000
K, 922, 8.526, 19.690, 0.000
K, 923, 10.658, 20.921, 0.000
K, 924, 9.237, 20.921, 0.000
K, 925, 11.368, 22.151, 0.000
K, 926, 10.658, 23.382, 0.000
K, 927, 11.368, 24.612, 0.000
K, 928, 0.000, 0.000, 0.000
K, 929, 2.132, 1.231, 0.000
K, 930, 0.711, 1.231, 0.000
K, 931, 2.842, 2.461, 0.000
K, 932, 2.132, 3.692, 0.000
K, 933, 4.263, 4.922, 0.000
K, 934, 2.842, 4.922, 0.000
K, 935, 4.974, 6.153, 0.000
K, 936, 4.263, 7.384, 0.000
K, 937, 6.395, 8.614, 0.000
K, 938, 4.974, 8.614, 0.000
K, 939, 7.105, 9.845, 0.000
K, 940, 6.395, 11.076, 0.000
K, 941, 8.526, 12.306, 0.000
K, 942, 7.105, 12.306, 0.000
K, 943, 9.237, 13.537, 0.000
K, 944, 8.526, 14.767, 0.000
K, 945, 10.658, 15.998, 0.000
K, 946, 9.237, 15.998, 0.000
K, 947, 11.368, 17.229, 0.000
K, 948, 10.658, 18.459, 0.000
K, 949, 11.368, 19.690, 0.000
K, 950, 4.263, 0.000, 0.000
K, 951, 2.842, 0.000, 0.000
K, 952, 4.974, 1.231, 0.000
K, 953, 4.263, 2.461, 0.000
K, 954, 6.395, 3.692, 0.000
K, 955, 4.974, 3.692, 0.000
K, 956, 7.105, 4.922, 0.000
K, 957, 6.395, 6.153, 0.000
K, 958, 8.526, 7.384, 0.000
K, 959, 7.105, 7.384, 0.000
K, 960, 9.237, 8.614, 0.000
K, 961, 8.526, 9.845, 0.000
K, 962, 10.658, 11.076, 0.000
K, 963, 9.237, 11.076, 0.000
K, 964, 11.368, 12.306, 0.000
K, 965, 10.658, 13.537, 0.000
K, 966, 11.368, 14.767, 0.000
K, 967, 7.105, 0.000, 0.000
K, 968, 6.395, 1.231, 0.000
K, 969, 8.526, 2.461, 0.000
K, 970, 7.105, 2.461, 0.000
K, 971, 9.237, 3.692, 0.000
K, 972, 8.526, 4.922, 0.000
K, 973, 10.658, 6.153, 0.000
K, 974, 9.237, 6.153, 0.000
K, 975, 11.368, 7.384, 0.000
K, 976, 10.658, 8.614, 0.000
K, 977, 11.368, 9.845, 0.000
K, 978, 8.526, 0.000, 0.000
K, 979, 10.658, 1.231, 0.000
K, 980, 9.237, 1.231, 0.000
K, 981, 11.368, 2.461, 0.000
K, 982, 10.658, 3.692, 0.000
K, 983, 11.368, 4.922, 0.000
K, 984, 11.368, 0.000, 0.000
L, 1, 6
L, 2, 3
L, 2, 12
L, 3, 2
L, 3, 4
L, 4, 3
L, 4, 6
L, 5, 6
L, 5, 7
L, 6, 1
L, 6, 4
L, 7, 5
L, 7, 18
L, 8, 9
L, 8, 23
L, 9, 8
L, 9, 10
L, 10, 9
L, 10, 12
L, 11, 12
L, 11, 13
L, 12, 2
L, 12, 10
L, 13, 11
L, 13, 14
L, 14, 3
L, 14, 13
L, 15, 16
L, 15, 17
L, 16, 5
L, 16, 14
L, 17, 15
L, 17, 18
L, 18, 7
L, 18, 17
L, 19, 20
L, 19, 40
L, 20, 19
L, 20, 21
L, 21, 20
L, 21, 23
L, 22, 23
L, 22, 24
L, 23, 8
L, 23, 21
L, 24, 22
L, 24, 25
L, 25, 9
L, 25, 24
L, 26, 27
L, 26, 28
L, 27, 11
L, 27, 25
L, 28, 26
L, 28, 29
L, 29, 13
L, 29, 28
L, 30, 31
L, 30, 32
L, 31, 15
L, 31, 29
L, 32, 30
L, 32, 33
L, 33, 17
L, 33, 32
L, 34, 35
L, 34, 56
L, 35, 33
L, 35, 34
L, 36, 37
L, 36, 62
L, 37, 36
L, 37, 38
L, 38, 37
L, 38, 40
L, 39, 40
L, 39, 41
L, 40, 19
L, 40, 38
L, 41, 39
L, 41, 42
L, 42, 20
L, 42, 41
L, 43, 44
L, 43, 45
L, 44, 22
L, 44, 42
L, 45, 43
L, 45, 46
L, 46, 24
L, 46, 45
L, 47, 48
L, 47, 49
L, 48, 26
L, 48, 46
L, 49, 47
L, 49, 50
L, 50, 28
L, 50, 49
L, 51, 52
L, 51, 53
L, 52, 30
L, 52, 50
L, 53, 51
L, 53, 54
L, 54, 32
L, 54, 53
L, 55, 56
L, 55, 57
L, 56, 34
L, 56, 54
L, 57, 55
L, 58, 59
L, 58, 86
L, 59, 58
L, 59, 60
L, 60, 59
L, 60, 62
L, 61, 62
L, 61, 63
L, 62, 36
L, 62, 60
L, 63, 61
L, 63, 64
L, 64, 37
L, 64, 63
L, 65, 66
L, 65, 67
L, 66, 39
L, 66, 64
L, 67, 65
L, 67, 68
L, 68, 41
L, 68, 67
L, 69, 70
L, 69, 71
L, 70, 43
L, 70, 68
L, 71, 69
L, 71, 72
L, 72, 45
L, 72, 71
L, 73, 74
L, 73, 75
L, 74, 47
L, 74, 72
L, 75, 73
L, 75, 76
L, 76, 49
L, 76, 75
L, 77, 78
L, 77, 79
L, 78, 51
L, 78, 76
L, 79, 77
L, 79, 80
L, 80, 53
L, 80, 79
L, 81, 55
L, 81, 80
L, 82, 83
L, 82, 110
L, 83, 82
L, 83, 84
L, 84, 83
L, 84, 86
L, 85, 86
L, 85, 87
L, 86, 58
L, 86, 84
L, 87, 85
L, 87, 88
L, 88, 59
L, 88, 87
L, 89, 90
L, 89, 91
L, 90, 61
L, 90, 88
L, 91, 89
L, 91, 92
L, 92, 63
L, 92, 91
L, 93, 94
L, 93, 95
L, 94, 65
L, 94, 92
L, 95, 93
L, 95, 96
L, 96, 67
L, 96, 95
L, 97, 98
L, 97, 99
L, 98, 69
L, 98, 96
L, 99, 97
L, 99, 100
L, 100, 71
L, 100, 99
L, 101, 102
L, 101, 103
L, 102, 73
L, 102, 100
L, 103, 101
L, 103, 104
L, 104, 75
L, 104, 103
L, 105, 77
L, 105, 104
L, 106, 107
L, 106, 134
L, 107, 106
L, 107, 108
L, 108, 107
L, 108, 110
L, 109, 110
L, 109, 111
L, 110, 82
L, 110, 108
L, 111, 109
L, 111, 112
L, 112, 83
L, 112, 111
L, 113, 114
L, 113, 115
L, 114, 85
L, 114, 112
L, 115, 113
L, 115, 116
L, 116, 87
L, 116, 115
L, 117, 118
L, 117, 119
L, 118, 89
L, 118, 116
L, 119, 117
L, 119, 120
L, 120, 91
L, 120, 119
L, 121, 122
L, 121, 123
L, 122, 93
L, 122, 120
L, 123, 121
L, 123, 124
L, 124, 95
L, 124, 123
L, 125, 126
L, 125, 127
L, 126, 97
L, 126, 124
L, 127, 125
L, 127, 128
L, 128, 99
L, 128, 127
L, 129, 101
L, 129, 128
L, 130, 131
L, 130, 158
L, 131, 130
L, 131, 132
L, 132, 131
L, 132, 134
L, 133, 134
L, 133, 135
L, 134, 106
L, 134, 132
L, 135, 133
L, 135, 136
L, 136, 107
L, 136, 135
L, 137, 138
L, 137, 139
L, 138, 109
L, 138, 136
L, 139, 137
L, 139, 140
L, 140, 111
L, 140, 139
L, 141, 142
L, 141, 143
L, 142, 113
L, 142, 140
L, 143, 141
L, 143, 144
L, 144, 115
L, 144, 143
L, 145, 146
L, 145, 147
L, 146, 117
L, 146, 144
L, 147, 145
L, 147, 148
L, 148, 119
L, 148, 147
L, 149, 150
L, 149, 151
L, 150, 121
L, 150, 148
L, 151, 149
L, 151, 152
L, 152, 123
L, 152, 151
L, 153, 125
L, 153, 152
L, 154, 155
L, 154, 182
L, 155, 154
L, 155, 156
L, 156, 155
L, 156, 158
L, 157, 158
L, 157, 159
L, 158, 130
L, 158, 156
L, 159, 157
L, 159, 160
L, 160, 131
L, 160, 159
L, 161, 162
L, 161, 163
L, 162, 133
L, 162, 160
L, 163, 161
L, 163, 164
L, 164, 135
L, 164, 163
L, 165, 166
L, 165, 167
L, 166, 137
L, 166, 164
L, 167, 165
L, 167, 168
L, 168, 139
L, 168, 167
L, 169, 170
L, 169, 171
L, 170, 141
L, 170, 168
L, 171, 169
L, 171, 172
L, 172, 143
L, 172, 171
L, 173, 174
L, 173, 175
L, 174, 145
L, 174, 172
L, 175, 173
L, 175, 176
L, 176, 147
L, 176, 175
L, 177, 149
L, 177, 176
L, 178, 179
L, 178, 206
L, 179, 178
L, 179, 180
L, 180, 179
L, 180, 182
L, 181, 182
L, 181, 183
L, 182, 154
L, 182, 180
L, 183, 181
L, 183, 184
L, 184, 155
L, 184, 183
L, 185, 186
L, 185, 187
L, 186, 157
L, 186, 184
L, 187, 185
L, 187, 188
L, 188, 159
L, 188, 187
L, 189, 190
L, 189, 191
L, 190, 161
L, 190, 188
L, 191, 189
L, 191, 192
L, 192, 163
L, 192, 191
L, 193, 194
L, 193, 195
L, 194, 165
L, 194, 192
L, 195, 193
L, 195, 196
L, 196, 167
L, 196, 195
L, 197, 198
L, 197, 199
L, 198, 169
L, 198, 196
L, 199, 197
L, 199, 200
L, 200, 171
L, 200, 199
L, 201, 173
L, 201, 200
L, 202, 203
L, 202, 230
L, 203, 202
L, 203, 204
L, 204, 203
L, 204, 206
L, 205, 206
L, 205, 207
L, 206, 178
L, 206, 204
L, 207, 205
L, 207, 208
L, 208, 179
L, 208, 207
L, 209, 210
L, 209, 211
L, 210, 181
L, 210, 208
L, 211, 209
L, 211, 212
L, 212, 183
L, 212, 211
L, 213, 214
L, 213, 215
L, 214, 185
L, 214, 212
L, 215, 213
L, 215, 216
L, 216, 187
L, 216, 215
L, 217, 218
L, 217, 219
L, 218, 189
L, 218, 216
L, 219, 217
L, 219, 220
L, 220, 191
L, 220, 219
L, 221, 222
L, 221, 223
L, 222, 193
L, 222, 220
L, 223, 221
L, 223, 224
L, 224, 195
L, 224, 223
L, 225, 197
L, 225, 224
L, 226, 227
L, 226, 254
L, 227, 226
L, 227, 228
L, 228, 227
L, 228, 230
L, 229, 230
L, 229, 231
L, 230, 202
L, 230, 228
L, 231, 229
L, 231, 232
L, 232, 203
L, 232, 231
L, 233, 234
L, 233, 235
L, 234, 205
L, 234, 232
L, 235, 233
L, 235, 236
L, 236, 207
L, 236, 235
L, 237, 238
L, 237, 239
L, 238, 209
L, 238, 236
L, 239, 237
L, 239, 240
L, 240, 211
L, 240, 239
L, 241, 242
L, 241, 243
L, 242, 213
L, 242, 240
L, 243, 241
L, 243, 244
L, 244, 215
L, 244, 243
L, 245, 246
L, 245, 247
L, 246, 217
L, 246, 244
L, 247, 245
L, 247, 248
L, 248, 219
L, 248, 247
L, 249, 221
L, 249, 248
L, 250, 251
L, 250, 278
L, 251, 250
L, 251, 252
L, 252, 251
L, 252, 254
L, 253, 254
L, 253, 255
L, 254, 226
L, 254, 252
L, 255, 253
L, 255, 256
L, 256, 227
L, 256, 255
L, 257, 258
L, 257, 259
L, 258, 229
L, 258, 256
L, 259, 257
L, 259, 260
L, 260, 231
L, 260, 259
L, 261, 262
L, 261, 263
L, 262, 233
L, 262, 260
L, 263, 261
L, 263, 264
L, 264, 235
L, 264, 263
L, 265, 266
L, 265, 267
L, 266, 237
L, 266, 264
L, 267, 265
L, 267, 268
L, 268, 239
L, 268, 267
L, 269, 270
L, 269, 271
L, 270, 241
L, 270, 268
L, 271, 269
L, 271, 272
L, 272, 243
L, 272, 271
L, 273, 245
L, 273, 272
L, 274, 275
L, 274, 302
L, 275, 274
L, 275, 276
L, 276, 275
L, 276, 278
L, 277, 278
L, 277, 279
L, 278, 250
L, 278, 276
L, 279, 277
L, 279, 280
L, 280, 251
L, 280, 279
L, 281, 282
L, 281, 283
L, 282, 253
L, 282, 280
L, 283, 281
L, 283, 284
L, 284, 255
L, 284, 283
L, 285, 286
L, 285, 287
L, 286, 257
L, 286, 284
L, 287, 285
L, 287, 288
L, 288, 259
L, 288, 287
L, 289, 290
L, 289, 291
L, 290, 261
L, 290, 288
L, 291, 289
L, 291, 292
L, 292, 263
L, 292, 291
L, 293, 294
L, 293, 295
L, 294, 265
L, 294, 292
L, 295, 293
L, 295, 296
L, 296, 267
L, 296, 295
L, 297, 269
L, 297, 296
L, 298, 299
L, 298, 327
L, 299, 298
L, 299, 300
L, 300, 299
L, 300, 302
L, 301, 302
L, 301, 303
L, 302, 274
L, 302, 300
L, 303, 301
L, 303, 304
L, 304, 275
L, 304, 303
L, 305, 306
L, 305, 307
L, 306, 277
L, 306, 304
L, 307, 305
L, 307, 308
L, 308, 279
L, 308, 307
L, 309, 310
L, 309, 311
L, 310, 281
L, 310, 308
L, 311, 309
L, 311, 312
L, 312, 283
L, 312, 311
L, 313, 314
L, 313, 315
L, 314, 285
L, 314, 312
L, 315, 313
L, 315, 316
L, 316, 287
L, 316, 315
L, 317, 318
L, 317, 319
L, 318, 289
L, 318, 316
L, 319, 317
L, 319, 320
L, 320, 291
L, 320, 319
L, 321, 322
L, 322, 293
L, 322, 320
L, 323, 324
L, 323, 351
L, 324, 323
L, 324, 325
L, 325, 324
L, 325, 327
L, 326, 327
L, 326, 328
L, 327, 298
L, 327, 325
L, 328, 326
L, 328, 329
L, 329, 299
L, 329, 328
L, 330, 331
L, 330, 332
L, 331, 301
L, 331, 329
L, 332, 330
L, 332, 333
L, 333, 303
L, 333, 332
L, 334, 335
L, 334, 336
L, 335, 305
L, 335, 333
L, 336, 334
L, 336, 337
L, 337, 307
L, 337, 336
L, 338, 339
L, 338, 340
L, 339, 309
L, 339, 337
L, 340, 338
L, 340, 341
L, 341, 311
L, 341, 340
L, 342, 343
L, 342, 344
L, 343, 313
L, 343, 341
L, 344, 342
L, 344, 345
L, 345, 315
L, 345, 344
L, 346, 317
L, 346, 345
L, 347, 348
L, 347, 375
L, 348, 347
L, 348, 349
L, 349, 348
L, 349, 351
L, 350, 351
L, 350, 352
L, 351, 323
L, 351, 349
L, 352, 350
L, 352, 353
L, 353, 324
L, 353, 352
L, 354, 355
L, 354, 356
L, 355, 326
L, 355, 353
L, 356, 354
L, 356, 357
L, 357, 328
L, 357, 356
L, 358, 359
L, 358, 360
L, 359, 330
L, 359, 357
L, 360, 358
L, 360, 361
L, 361, 332
L, 361, 360
L, 362, 363
L, 362, 364
L, 363, 334
L, 363, 361
L, 364, 362
L, 364, 365
L, 365, 336
L, 365, 364
L, 366, 367
L, 366, 368
L, 367, 338
L, 367, 365
L, 368, 366
L, 368, 369
L, 369, 340
L, 369, 368
L, 370, 342
L, 370, 369
L, 371, 372
L, 371, 401
L, 372, 371
L, 372, 373
L, 373, 372
L, 373, 375
L, 374, 375
L, 374, 376
L, 375, 347
L, 375, 373
L, 376, 374
L, 376, 377
L, 377, 348
L, 377, 376
L, 378, 379
L, 378, 380
L, 379, 350
L, 379, 377
L, 380, 378
L, 380, 381
L, 381, 352
L, 381, 380
L, 382, 383
L, 382, 384
L, 383, 354
L, 383, 381
L, 384, 382
L, 384, 385
L, 385, 356
L, 385, 384
L, 386, 387
L, 386, 388
L, 387, 358
L, 387, 385
L, 388, 386
L, 388, 389
L, 389, 360
L, 389, 388
L, 390, 391
L, 390, 392
L, 391, 362
L, 391, 389
L, 392, 390
L, 392, 393
L, 393, 364
L, 393, 392
L, 394, 395
L, 395, 366
L, 395, 393
L, 396, 368
L, 397, 398
L, 397, 426
L, 398, 397
L, 398, 399
L, 399, 398
L, 399, 401
L, 400, 401
L, 400, 402
L, 401, 371
L, 401, 399
L, 402, 400
L, 402, 403
L, 403, 372
L, 403, 402
L, 404, 405
L, 404, 406
L, 405, 374
L, 405, 403
L, 406, 404
L, 406, 407
L, 407, 376
L, 407, 406
L, 408, 409
L, 408, 410
L, 409, 378
L, 409, 407
L, 410, 408
L, 410, 411
L, 411, 380
L, 411, 410
L, 412, 413
L, 412, 414
L, 413, 382
L, 413, 411
L, 414, 412
L, 414, 415
L, 415, 384
L, 415, 414
L, 416, 417
L, 416, 418
L, 417, 386
L, 417, 415
L, 418, 416
L, 418, 419
L, 419, 388
L, 419, 418
L, 420, 421
L, 421, 390
L, 421, 419
L, 422, 423
L, 422, 450
L, 423, 422
L, 423, 424
L, 424, 423
L, 424, 426
L, 425, 426
L, 425, 427
L, 426, 397
L, 426, 424
L, 427, 425
L, 427, 428
L, 428, 398
L, 428, 427
L, 429, 430
L, 429, 431
L, 430, 400
L, 430, 428
L, 431, 429
L, 431, 432
L, 432, 402
L, 432, 431
L, 433, 434
L, 433, 435
L, 434, 404
L, 434, 432
L, 435, 433
L, 435, 436
L, 436, 406
L, 436, 435
L, 437, 438
L, 437, 439
L, 438, 408
L, 438, 436
L, 439, 437
L, 439, 440
L, 440, 410
L, 440, 439
L, 441, 442
L, 441, 443
L, 442, 412
L, 442, 440
L, 443, 441
L, 443, 444
L, 444, 414
L, 444, 443
L, 445, 416
L, 445, 444
L, 446, 447
L, 446, 474
L, 447, 446
L, 447, 448
L, 448, 447
L, 448, 450
L, 449, 450
L, 449, 451
L, 450, 422
L, 450, 448
L, 451, 449
L, 451, 452
L, 452, 423
L, 452, 451
L, 453, 454
L, 453, 455
L, 454, 425
L, 454, 452
L, 455, 453
L, 455, 456
L, 456, 427
L, 456, 455
L, 457, 458
L, 457, 459
L, 458, 429
L, 458, 456
L, 459, 457
L, 459, 460
L, 460, 431
L, 460, 459
L, 461, 462
L, 461, 463
L, 462, 433
L, 462, 460
L, 463, 461
L, 463, 464
L, 464, 435
L, 464, 463
L, 465, 466
L, 465, 467
L, 466, 437
L, 466, 464
L, 467, 465
L, 467, 468
L, 468, 439
L, 468, 467
L, 469, 441
L, 469, 468
L, 470, 471
L, 470, 500
L, 471, 470
L, 471, 472
L, 472, 471
L, 472, 474
L, 473, 474
L, 473, 475
L, 474, 446
L, 474, 472
L, 475, 473
L, 475, 476
L, 476, 447
L, 476, 475
L, 477, 478
L, 477, 479
L, 478, 449
L, 478, 476
L, 479, 477
L, 479, 480
L, 480, 451
L, 480, 479
L, 481, 482
L, 481, 483
L, 482, 453
L, 482, 480
L, 483, 481
L, 483, 484
L, 484, 455
L, 484, 483
L, 485, 486
L, 485, 487
L, 486, 457
L, 486, 484
L, 487, 485
L, 487, 488
L, 488, 459
L, 488, 487
L, 489, 490
L, 489, 491
L, 490, 461
L, 490, 488
L, 491, 489
L, 491, 492
L, 492, 463
L, 492, 491
L, 493, 494
L, 494, 465
L, 494, 492
L, 495, 467
L, 496, 497
L, 496, 524
L, 497, 496
L, 497, 498
L, 498, 497
L, 498, 500
L, 499, 500
L, 499, 501
L, 500, 470
L, 500, 498
L, 501, 499
L, 501, 502
L, 502, 471
L, 502, 501
L, 503, 504
L, 503, 505
L, 504, 473
L, 504, 502
L, 505, 503
L, 505, 506
L, 506, 475
L, 506, 505
L, 507, 508
L, 507, 509
L, 508, 477
L, 508, 506
L, 509, 507
L, 509, 510
L, 510, 479
L, 510, 509
L, 511, 512
L, 511, 513
L, 512, 481
L, 512, 510
L, 513, 511
L, 513, 514
L, 514, 483
L, 514, 513
L, 515, 516
L, 515, 517
L, 516, 485
L, 516, 514
L, 517, 515
L, 517, 518
L, 518, 487
L, 518, 517
L, 519, 489
L, 519, 518
L, 520, 521
L, 520, 548
L, 521, 520
L, 521, 522
L, 522, 521
L, 522, 524
L, 523, 524
L, 523, 525
L, 524, 496
L, 524, 522
L, 525, 523
L, 525, 526
L, 526, 497
L, 526, 525
L, 527, 528
L, 527, 529
L, 528, 499
L, 528, 526
L, 529, 527
L, 529, 530
L, 530, 501
L, 530, 529
L, 531, 532
L, 531, 533
L, 532, 503
L, 532, 530
L, 533, 531
L, 533, 534
L, 534, 505
L, 534, 533
L, 535, 536
L, 535, 537
L, 536, 507
L, 536, 534
L, 537, 535
L, 537, 538
L, 538, 509
L, 538, 537
L, 539, 540
L, 539, 541
L, 540, 511
L, 540, 538
L, 541, 539
L, 541, 542
L, 542, 513
L, 542, 541
L, 543, 515
L, 543, 542
L, 544, 545
L, 544, 572
L, 545, 544
L, 545, 546
L, 546, 545
L, 546, 548
L, 547, 548
L, 547, 549
L, 548, 520
L, 548, 546
L, 549, 547
L, 549, 550
L, 550, 521
L, 550, 549
L, 551, 552
L, 551, 553
L, 552, 523
L, 552, 550
L, 553, 551
L, 553, 554
L, 554, 525
L, 554, 553
L, 555, 556
L, 555, 557
L, 556, 527
L, 556, 554
L, 557, 555
L, 557, 558
L, 558, 529
L, 558, 557
L, 559, 560
L, 559, 561
L, 560, 531
L, 560, 558
L, 561, 559
L, 561, 562
L, 562, 533
L, 562, 561
L, 563, 564
L, 563, 565
L, 564, 535
L, 564, 562
L, 565, 563
L, 565, 566
L, 566, 537
L, 566, 565
L, 567, 539
L, 567, 566
L, 568, 569
L, 568, 596
L, 569, 568
L, 569, 570
L, 570, 569
L, 570, 572
L, 571, 572
L, 571, 573
L, 572, 544
L, 572, 570
L, 573, 571
L, 573, 574
L, 574, 545
L, 574, 573
L, 575, 576
L, 575, 577
L, 576, 547
L, 576, 574
L, 577, 575
L, 577, 578
L, 578, 549
L, 578, 577
L, 579, 580
L, 579, 581
L, 580, 551
L, 580, 578
L, 581, 579
L, 581, 582
L, 582, 553
L, 582, 581
L, 583, 584
L, 583, 585
L, 584, 555
L, 584, 582
L, 585, 583
L, 585, 586
L, 586, 557
L, 586, 585
L, 587, 588
L, 587, 589
L, 588, 559
L, 588, 586
L, 589, 587
L, 589, 590
L, 590, 561
L, 590, 589
L, 591, 563
L, 591, 590
L, 592, 593
L, 592, 620
L, 593, 592
L, 593, 594
L, 594, 593
L, 594, 596
L, 595, 596
L, 595, 597
L, 596, 568
L, 596, 594
L, 597, 595
L, 597, 598
L, 598, 569
L, 598, 597
L, 599, 600
L, 599, 601
L, 600, 571
L, 600, 598
L, 601, 599
L, 601, 602
L, 602, 573
L, 602, 601
L, 603, 604
L, 603, 605
L, 604, 575
L, 604, 602
L, 605, 603
L, 605, 606
L, 606, 577
L, 606, 605
L, 607, 608
L, 607, 609
L, 608, 579
L, 608, 606
L, 609, 607
L, 609, 610
L, 610, 581
L, 610, 609
L, 611, 612
L, 611, 613
L, 612, 583
L, 612, 610
L, 613, 611
L, 613, 614
L, 614, 585
L, 614, 613
L, 615, 587
L, 615, 614
L, 616, 617
L, 616, 644
L, 617, 616
L, 617, 618
L, 618, 617
L, 618, 620
L, 619, 620
L, 619, 621
L, 620, 592
L, 620, 618
L, 621, 619
L, 621, 622
L, 622, 593
L, 622, 621
L, 623, 624
L, 623, 625
L, 624, 595
L, 624, 622
L, 625, 623
L, 625, 626
L, 626, 597
L, 626, 625
L, 627, 628
L, 627, 629
L, 628, 599
L, 628, 626
L, 629, 627
L, 629, 630
L, 630, 601
L, 630, 629
L, 631, 632
L, 631, 633
L, 632, 603
L, 632, 630
L, 633, 631
L, 633, 634
L, 634, 605
L, 634, 633
L, 635, 636
L, 635, 637
L, 636, 607
L, 636, 634
L, 637, 635
L, 637, 638
L, 638, 609
L, 638, 637
L, 639, 611
L, 639, 638
L, 640, 641
L, 640, 668
L, 641, 640
L, 641, 642
L, 642, 641
L, 642, 644
L, 643, 644
L, 643, 645
L, 644, 616
L, 644, 642
L, 645, 643
L, 645, 646
L, 646, 617
L, 646, 645
L, 647, 648
L, 647, 649
L, 648, 619
L, 648, 646
L, 649, 647
L, 649, 650
L, 650, 621
L, 650, 649
L, 651, 652
L, 651, 653
L, 652, 623
L, 652, 650
L, 653, 651
L, 653, 654
L, 654, 625
L, 654, 653
L, 655, 656
L, 655, 657
L, 656, 627
L, 656, 654
L, 657, 655
L, 657, 658
L, 658, 629
L, 658, 657
L, 659, 660
L, 659, 661
L, 660, 631
L, 660, 658
L, 661, 659
L, 661, 662
L, 662, 633
L, 662, 661
L, 663, 635
L, 663, 662
L, 664, 665
L, 664, 692
L, 665, 664
L, 665, 666
L, 666, 665
L, 666, 668
L, 667, 668
L, 667, 669
L, 668, 640
L, 668, 666
L, 669, 667
L, 669, 670
L, 670, 641
L, 670, 669
L, 671, 672
L, 671, 673
L, 672, 643
L, 672, 670
L, 673, 671
L, 673, 674
L, 674, 645
L, 674, 673
L, 675, 676
L, 675, 677
L, 676, 647
L, 676, 674
L, 677, 675
L, 677, 678
L, 678, 649
L, 678, 677
L, 679, 680
L, 679, 681
L, 680, 651
L, 680, 678
L, 681, 679
L, 681, 682
L, 682, 653
L, 682, 681
L, 683, 684
L, 683, 685
L, 684, 655
L, 684, 682
L, 685, 683
L, 685, 686
L, 686, 657
L, 686, 685
L, 687, 659
L, 687, 686
L, 688, 689
L, 688, 716
L, 689, 688
L, 689, 690
L, 690, 689
L, 690, 692
L, 691, 692
L, 691, 693
L, 692, 664
L, 692, 690
L, 693, 691
L, 693, 694
L, 694, 665
L, 694, 693
L, 695, 696
L, 695, 697
L, 696, 667
L, 696, 694
L, 697, 695
L, 697, 698
L, 698, 669
L, 698, 697
L, 699, 700
L, 699, 701
L, 700, 671
L, 700, 698
L, 701, 699
L, 701, 702
L, 702, 673
L, 702, 701
L, 703, 704
L, 703, 705
L, 704, 675
L, 704, 702
L, 705, 703
L, 705, 706
L, 706, 677
L, 706, 705
L, 707, 708
L, 707, 709
L, 708, 679
L, 708, 706
L, 709, 707
L, 709, 710
L, 710, 681
L, 710, 709
L, 711, 683
L, 711, 710
L, 712, 713
L, 712, 740
L, 713, 712
L, 713, 714
L, 714, 713
L, 714, 716
L, 715, 716
L, 715, 717
L, 716, 688
L, 716, 714
L, 717, 715
L, 717, 718
L, 718, 689
L, 718, 717
L, 719, 720
L, 719, 721
L, 720, 691
L, 720, 718
L, 721, 719
L, 721, 722
L, 722, 693
L, 722, 721
L, 723, 724
L, 723, 725
L, 724, 695
L, 724, 722
L, 725, 723
L, 725, 726
L, 726, 697
L, 726, 725
L, 727, 728
L, 727, 729
L, 728, 699
L, 728, 726
L, 729, 727
L, 729, 730
L, 730, 701
L, 730, 729
L, 731, 732
L, 731, 733
L, 732, 703
L, 732, 730
L, 733, 731
L, 733, 734
L, 734, 705
L, 734, 733
L, 735, 707
L, 735, 734
L, 736, 737
L, 736, 764
L, 737, 736
L, 737, 738
L, 738, 737
L, 738, 740
L, 739, 740
L, 739, 741
L, 740, 712
L, 740, 738
L, 741, 739
L, 741, 742
L, 742, 713
L, 742, 741
L, 743, 744
L, 743, 745
L, 744, 715
L, 744, 742
L, 745, 743
L, 745, 746
L, 746, 717
L, 746, 745
L, 747, 748
L, 747, 749
L, 748, 719
L, 748, 746
L, 749, 747
L, 749, 750
L, 750, 721
L, 750, 749
L, 751, 752
L, 751, 753
L, 752, 723
L, 752, 750
L, 753, 751
L, 753, 754
L, 754, 725
L, 754, 753
L, 755, 756
L, 755, 757
L, 756, 727
L, 756, 754
L, 757, 755
L, 757, 758
L, 758, 729
L, 758, 757
L, 759, 731
L, 759, 758
L, 760, 761
L, 760, 788
L, 761, 760
L, 761, 762
L, 762, 761
L, 762, 764
L, 763, 764
L, 763, 765
L, 764, 736
L, 764, 762
L, 765, 763
L, 765, 766
L, 766, 737
L, 766, 765
L, 767, 768
L, 767, 769
L, 768, 739
L, 768, 766
L, 769, 767
L, 769, 770
L, 770, 741
L, 770, 769
L, 771, 772
L, 771, 773
L, 772, 743
L, 772, 770
L, 773, 771
L, 773, 774
L, 774, 745
L, 774, 773
L, 775, 776
L, 775, 777
L, 776, 747
L, 776, 774
L, 777, 775
L, 777, 778
L, 778, 749
L, 778, 777
L, 779, 780
L, 779, 781
L, 780, 751
L, 780, 778
L, 781, 779
L, 781, 782
L, 782, 753
L, 782, 781
L, 783, 755
L, 783, 782
L, 784, 785
L, 784, 812
L, 785, 784
L, 785, 786
L, 786, 785
L, 786, 788
L, 787, 788
L, 787, 789
L, 788, 760
L, 788, 786
L, 789, 787
L, 789, 790
L, 790, 761
L, 790, 789
L, 791, 792
L, 791, 793
L, 792, 763
L, 792, 790
L, 793, 791
L, 793, 794
L, 794, 765
L, 794, 793
L, 795, 796
L, 795, 797
L, 796, 767
L, 796, 794
L, 797, 795
L, 797, 798
L, 798, 769
L, 798, 797
L, 799, 800
L, 799, 801
L, 800, 771
L, 800, 798
L, 801, 799
L, 801, 802
L, 802, 773
L, 802, 801
L, 803, 804
L, 803, 805
L, 804, 775
L, 804, 802
L, 805, 803
L, 805, 806
L, 806, 777
L, 806, 805
L, 807, 779
L, 807, 806
L, 808, 809
L, 808, 836
L, 809, 808
L, 809, 810
L, 810, 809
L, 810, 812
L, 811, 812
L, 811, 813
L, 812, 784
L, 812, 810
L, 813, 811
L, 813, 814
L, 814, 785
L, 814, 813
L, 815, 816
L, 815, 817
L, 816, 787
L, 816, 814
L, 817, 815
L, 817, 818
L, 818, 789
L, 818, 817
L, 819, 820
L, 819, 821
L, 820, 791
L, 820, 818
L, 821, 819
L, 821, 822
L, 822, 793
L, 822, 821
L, 823, 824
L, 823, 825
L, 824, 795
L, 824, 822
L, 825, 823
L, 825, 826
L, 826, 797
L, 826, 825
L, 827, 828
L, 827, 829
L, 828, 799
L, 828, 826
L, 829, 827
L, 829, 830
L, 830, 801
L, 830, 829
L, 831, 803
L, 831, 830
L, 832, 833
L, 832, 860
L, 833, 832
L, 833, 834
L, 834, 833
L, 834, 836
L, 835, 836
L, 835, 837
L, 836, 808
L, 836, 834
L, 837, 835
L, 837, 838
L, 838, 809
L, 838, 837
L, 839, 840
L, 839, 841
L, 840, 811
L, 840, 838
L, 841, 839
L, 841, 842
L, 842, 813
L, 842, 841
L, 843, 844
L, 843, 845
L, 844, 815
L, 844, 842
L, 845, 843
L, 845, 846
L, 846, 817
L, 846, 845
L, 847, 848
L, 847, 849
L, 848, 819
L, 848, 846
L, 849, 847
L, 849, 850
L, 850, 821
L, 850, 849
L, 851, 852
L, 851, 853
L, 852, 823
L, 852, 850
L, 853, 851
L, 853, 854
L, 854, 825
L, 854, 853
L, 855, 827
L, 855, 854
L, 856, 857
L, 856, 884
L, 857, 856
L, 857, 858
L, 858, 857
L, 858, 860
L, 859, 860
L, 859, 861
L, 860, 832
L, 860, 858
L, 861, 859
L, 861, 862
L, 862, 833
L, 862, 861
L, 863, 864
L, 863, 865
L, 864, 835
L, 864, 862
L, 865, 863
L, 865, 866
L, 866, 837
L, 866, 865
L, 867, 868
L, 867, 869
L, 868, 839
L, 868, 866
L, 869, 867
L, 869, 870
L, 870, 841
L, 870, 869
L, 871, 872
L, 871, 873
L, 872, 843
L, 872, 870
L, 873, 871
L, 873, 874
L, 874, 845
L, 874, 873
L, 875, 876
L, 875, 877
L, 876, 847
L, 876, 874
L, 877, 875
L, 877, 878
L, 878, 849
L, 878, 877
L, 879, 851
L, 879, 878
L, 880, 881
L, 880, 908
L, 881, 880
L, 881, 882
L, 882, 881
L, 882, 884
L, 883, 884
L, 883, 885
L, 884, 856
L, 884, 882
L, 885, 883
L, 885, 886
L, 886, 857
L, 886, 885
L, 887, 888
L, 887, 889
L, 888, 859
L, 888, 886
L, 889, 887
L, 889, 890
L, 890, 861
L, 890, 889
L, 891, 892
L, 891, 893
L, 892, 863
L, 892, 890
L, 893, 891
L, 893, 894
L, 894, 865
L, 894, 893
L, 895, 896
L, 895, 897
L, 896, 867
L, 896, 894
L, 897, 895
L, 897, 898
L, 898, 869
L, 898, 897
L, 899, 900
L, 899, 901
L, 900, 871
L, 900, 898
L, 901, 899
L, 901, 902
L, 902, 873
L, 902, 901
L, 903, 875
L, 903, 902
L, 904, 905
L, 904, 930
L, 905, 904
L, 905, 906
L, 906, 905
L, 906, 908
L, 907, 908
L, 907, 909
L, 908, 880
L, 908, 906
L, 909, 907
L, 909, 910
L, 910, 881
L, 910, 909
L, 911, 912
L, 911, 913
L, 912, 883
L, 912, 910
L, 913, 911
L, 913, 914
L, 914, 885
L, 914, 913
L, 915, 916
L, 915, 917
L, 916, 887
L, 916, 914
L, 917, 915
L, 917, 918
L, 918, 889
L, 918, 917
L, 919, 920
L, 919, 921
L, 920, 891
L, 920, 918
L, 921, 919
L, 921, 922
L, 922, 893
L, 922, 921
L, 923, 924
L, 923, 925
L, 924, 895
L, 924, 922
L, 925, 923
L, 925, 926
L, 926, 897
L, 926, 925
L, 927, 899
L, 927, 926
L, 928, 930
L, 929, 930
L, 929, 931
L, 930, 904
L, 930, 928
L, 931, 929
L, 931, 932
L, 932, 905
L, 932, 931
L, 933, 934
L, 933, 935
L, 934, 907
L, 934, 932
L, 935, 933
L, 935, 936
L, 936, 909
L, 936, 935
L, 937, 938
L, 937, 939
L, 938, 911
L, 938, 936
L, 939, 937
L, 939, 940
L, 940, 913
L, 940, 939
L, 941, 942
L, 941, 943
L, 942, 915
L, 942, 940
L, 943, 941
L, 943, 944
L, 944, 917
L, 944, 943
L, 945, 946
L, 945, 947
L, 946, 919
L, 946, 944
L, 947, 945
L, 947, 948
L, 948, 921
L, 948, 947
L, 949, 923
L, 949, 948
L, 950, 951
L, 950, 952
L, 951, 929
L, 951, 950
L, 952, 950
L, 952, 953
L, 953, 931
L, 953, 952
L, 954, 955
L, 954, 956
L, 955, 933
L, 955, 953
L, 956, 954
L, 956, 957
L, 957, 935
L, 957, 956
L, 958, 959
L, 958, 960
L, 959, 937
L, 959, 957
L, 960, 958
L, 960, 961
L, 961, 939
L, 961, 960
L, 962, 963
L, 962, 964
L, 963, 941
L, 963, 961
L, 964, 962
L, 964, 965
L, 965, 943
L, 965, 964
L, 966, 945
L, 966, 965
L, 967, 968
L, 967, 978
L, 968, 952
L, 968, 967
L, 969, 970
L, 969, 971
L, 970, 954
L, 970, 968
L, 971, 969
L, 971, 972
L, 972, 956
L, 972, 971
L, 973, 974
L, 973, 975
L, 974, 958
L, 974, 972
L, 975, 973
L, 975, 976
L, 976, 960
L, 976, 975
L, 977, 962
L, 977, 976
L, 978, 967
L, 978, 980
L, 979, 980
L, 979, 981
L, 980, 969
L, 980, 978
L, 981, 979
L, 981, 982
L, 982, 971
L, 982, 981
L, 983, 973
L, 983, 982
L, 984, 979
