/PREP7
N,1,0.0,199.361,0.0
N,2,0.0,194.438,0.0
N,3,0.711,195.669,0.0
N,4,0.0,196.9,0.0
N,5,2.132,198.13,0.0
N,6,0.711,198.13,0.0
N,7,2.842,199.361,0.0
N,8,0.0,189.516,0.0
N,9,0.711,190.746,0.0
N,10,0.0,191.977,0.0
N,11,2.132,193.208,0.0
N,12,0.711,193.208,0.0
N,13,2.842,194.438,0.0
N,14,2.132,195.669,0.0
N,15,4.263,196.9,0.0
N,16,2.842,196.9,0.0
N,17,4.974,198.13,0.0
N,18,4.263,199.361,0.0
N,19,0.0,184.593,0.0
N,20,0.711,185.824,0.0
N,21,0.0,187.055,0.0
N,22,2.132,188.285,0.0
N,23,0.711,188.285,0.0
N,24,2.842,189.516,0.0
N,25,2.132,190.746,0.0
N,27,2.842,191.977,0.0
N,28,4.974,193.208,0.0
N,29,4.263,194.438,0.0
N,30,6.395,195.669,0.0
N,31,4.974,195.669,0.0
N,32,7.105,196.9,0.0
N,33,6.395,198.13,0.0
N,34,8.526,199.361,0.0
N,35,7.105,199.361,0.0
N,36,0.0,179.671,0.0
N,37,0.711,180.902,0.0
N,38,0.0,182.132,0.0
N,39,2.132,183.363,0.0
N,40,0.711,183.363,0.0
N,41,2.842,184.593,0.0
N,42,2.132,185.824,0.0
N,43,4.263,187.055,0.0
N,44,2.842,187.055,0.0
N,45,4.974,188.285,0.0
N,46,4.263,189.516,0.0
N,47,6.395,190.746,0.0
N,48,4.974,190.746,0.0
N,49,7.105,191.977,0.0
N,50,6.395,193.208,0.0
N,51,8.526,194.438,0.0
N,54,8.526,196.9,0.0
N,55,10.658,198.13,0.0
N,56,9.237,198.13,0.0
N,57,11.368,199.361,0.0
N,58,0.0,174.748,0.0
N,59,0.711,175.979,0.0
N,60,0.0,177.21,0.0
N,61,2.132,178.44,0.0
N,62,0.711,178.44,0.0
N,63,2.842,179.671,0.0
N,64,2.132,180.901,0.0
N,65,4.263,182.132,0.0
N,66,2.842,182.132,0.0
N,67,4.974,183.363,0.0
N,68,4.263,184.593,0.0
N,69,6.395,185.824,0.0
N,70,4.974,185.824,0.0
N,71,7.105,187.055,0.0
N,72,6.395,188.285,0.0
N,73,8.526,189.516,0.0
N,74,7.105,189.516,0.0
N,75,9.237,190.746,0.0
N,76,8.526,191.977,0.0
N,77,10.658,193.208,0.0
N,78,9.237,193.208,0.0
N,79,11.368,194.438,0.0
N,80,10.658,195.669,0.0
N,81,12.789,196.9,0.0
N,82,11.368,196.9,0.0
N,83,13.5,198.13,0.0
N,84,12.789,199.361,0.0
N,85,0.0,169.826,0.0
N,86,0.711,171.057,0.0
N,87,0.0,172.287,0.0
N,88,2.132,173.518,0.0
N,89,0.711,173.518,0.0
N,90,2.842,174.748,0.0
N,91,2.132,175.979,0.0
N,92,4.263,177.21,0.0
N,93,2.842,177.21,0.0
N,94,4.974,178.44,0.0
N,95,4.263,179.671,0.0
N,96,6.395,180.901,0.0
N,97,4.974,180.902,0.0
N,98,7.105,182.132,0.0
N,99,6.395,183.363,0.0
N,100,8.526,184.593,0.0
N,101,7.105,184.593,0.0
N,102,9.237,185.824,0.0
N,103,8.526,187.055,0.0
N,104,10.658,188.285,0.0
N,105,9.237,188.285,0.0
N,106,11.368,189.516,0.0
N,107,10.658,190.746,0.0
N,108,12.789,191.977,0.0
N,109,11.368,191.977,0.0
N,110,13.5,193.208,0.0
N,111,12.789,194.438,0.0
N,112,14.921,195.669,0.0
N,113,13.5,195.669,0.0
N,114,15.631,196.9,0.0
N,115,14.921,198.13,0.0
N,116,17.052,199.361,0.0
N,117,15.631,199.361,0.0
N,118,0.0,164.903,0.0
N,119,0.711,166.134,0.0
N,120,0.0,167.365,0.0
N,121,2.132,168.595,0.0
N,122,0.711,168.595,0.0
N,123,2.842,169.826,0.0
N,124,2.132,171.057,0.0
N,125,4.263,172.287,0.0
N,126,2.842,172.287,0.0
N,127,4.974,173.518,0.0
N,128,4.263,174.748,0.0
N,129,6.395,175.979,0.0
N,130,4.974,175.979,0.0
N,131,7.105,177.21,0.0
N,132,6.395,178.44,0.0
N,133,8.526,179.671,0.0
N,134,7.105,179.671,0.0
N,135,9.237,180.901,0.0
N,136,8.526,182.132,0.0
N,137,10.658,183.363,0.0
N,138,9.237,183.363,0.0
N,139,11.368,184.593,0.0
N,140,10.658,185.824,0.0
N,141,12.789,187.055,0.0
N,142,11.368,187.055,0.0
N,143,13.5,188.285,0.0
N,144,12.789,189.516,0.0
N,145,14.921,190.746,0.0
N,146,13.5,190.746,0.0
N,147,15.631,191.977,0.0
N,148,14.921,193.208,0.0
N,149,17.052,194.438,0.0
N,150,15.631,194.438,0.0
N,151,17.763,195.669,0.0
N,152,17.052,196.9,0.0
N,153,19.184,198.13,0.0
N,154,17.763,198.13,0.0
N,155,19.894,199.361,0.0
N,156,0.0,159.981,0.0
N,157,0.711,161.212,0.0
N,159,2.131,163.673,0.0
N,160,0.711,163.673,0.0
N,161,2.842,164.903,0.0
N,162,2.131,166.134,0.0
N,163,4.263,167.365,0.0
N,164,2.842,167.365,0.0
N,165,4.974,168.595,0.0
N,166,4.263,169.826,0.0
N,167,6.394,171.057,0.0
N,168,4.974,171.057,0.0
N,169,7.105,172.287,0.0
N,170,6.395,173.518,0.0
N,171,8.526,174.748,0.0
N,172,7.105,174.748,0.0
N,173,9.237,175.979,0.0
N,174,8.526,177.21,0.0
N,175,10.658,178.44,0.0
N,177,11.368,179.671,0.0
N,178,10.658,180.901,0.0
N,179,12.789,182.132,0.0
N,180,11.368,182.132,0.0
N,181,13.5,183.363,0.0
N,182,12.789,184.593,0.0
N,183,14.921,185.824,0.0
N,184,13.5,185.824,0.0
N,185,15.631,187.055,0.0
N,186,14.921,188.285,0.0
N,187,17.052,189.516,0.0
N,188,15.631,189.516,0.0
N,189,17.763,190.746,0.0
N,190,17.052,191.977,0.0
N,191,19.184,193.208,0.0
N,192,17.763,193.208,0.0
N,193,19.894,194.438,0.0
N,194,19.184,195.669,0.0
N,195,21.315,196.9,0.0
N,196,19.894,196.9,0.0
N,197,22.026,198.13,0.0
N,198,21.315,199.361,0.0
N,199,0.0,155.058,0.0
N,200,0.711,156.289,0.0
N,201,0.0,157.52,0.0
N,202,2.132,158.75,0.0
N,203,0.711,158.75,0.0
N,204,2.842,159.981,0.0
N,205,2.132,161.212,0.0
N,206,4.263,162.442,0.0
N,207,2.842,162.442,0.0
N,208,4.974,163.673,0.0
N,209,4.263,164.903,0.0
N,210,6.395,166.134,0.0
N,211,4.974,166.134,0.0
N,213,6.395,168.595,0.0
N,214,8.526,169.826,0.0
N,215,7.105,169.826,0.0
N,216,9.237,171.057,0.0
N,217,8.526,172.287,0.0
N,218,10.658,173.518,0.0
N,219,9.237,173.518,0.0
N,220,11.368,174.748,0.0
N,221,10.658,175.979,0.0
N,222,12.789,177.21,0.0
N,223,11.368,177.21,0.0
N,224,13.5,178.44,0.0
N,225,12.789,179.671,0.0
N,226,14.921,180.901,0.0
N,227,13.5,180.902,0.0
N,228,15.631,182.132,0.0
N,229,14.921,183.363,0.0
N,230,17.052,184.593,0.0
N,231,15.631,184.593,0.0
N,232,17.763,185.824,0.0
N,233,17.052,187.055,0.0
N,234,19.184,188.285,0.0
N,235,17.763,188.285,0.0
N,236,19.894,189.516,0.0
N,237,19.184,190.746,0.0
N,238,21.315,191.977,0.0
N,239,19.894,191.977,0.0
N,240,22.026,193.208,0.0
N,241,21.315,194.438,0.0
N,242,23.447,195.669,0.0
N,243,22.026,195.669,0.0
N,244,24.157,196.9,0.0
N,245,23.447,198.13,0.0
N,246,25.578,199.361,0.0
N,247,24.157,199.361,0.0
N,248,0.0,150.136,0.0
N,249,0.711,151.367,0.0
N,250,0.0,152.597,0.0
N,251,2.132,153.828,0.0
N,252,0.711,153.828,0.0
N,253,2.842,155.058,0.0
N,254,2.132,156.289,0.0
N,255,4.263,157.52,0.0
N,257,4.974,158.75,0.0
N,258,4.263,159.981,0.0
N,259,6.395,161.212,0.0
N,260,4.974,161.212,0.0
N,261,7.105,162.442,0.0
N,262,6.395,163.673,0.0
N,263,8.526,164.903,0.0
N,264,7.105,164.903,0.0
N,265,9.237,166.134,0.0
N,266,8.526,167.365,0.0
N,267,10.658,168.595,0.0
N,268,9.237,168.595,0.0
N,269,11.368,169.826,0.0
N,270,10.658,171.057,0.0
N,271,12.789,172.287,0.0
N,272,11.368,172.287,0.0
N,273,13.5,173.518,0.0
N,274,12.789,174.748,0.0
N,275,14.921,175.979,0.0
N,276,13.5,175.979,0.0
N,278,14.921,178.44,0.0
N,279,17.052,179.671,0.0
N,280,15.631,179.671,0.0
N,281,17.763,180.902,0.0
N,282,17.052,182.132,0.0
N,283,19.184,183.363,0.0
N,284,17.763,183.363,0.0
N,285,19.894,184.593,0.0
N,286,19.184,185.824,0.0
N,287,21.315,187.055,0.0
N,288,19.894,187.055,0.0
N,289,22.026,188.285,0.0
N,290,21.315,189.516,0.0
N,291,23.447,190.746,0.0
N,292,22.026,190.746,0.0
N,293,24.157,191.977,0.0
N,294,23.447,193.208,0.0
N,295,25.578,194.438,0.0
N,296,24.157,194.438,0.0
N,297,26.289,195.669,0.0
N,298,25.578,196.9,0.0
N,299,27.71,198.13,0.0
N,300,26.289,198.13,0.0
N,301,28.42,199.361,0.0
N,302,0.0,145.213,0.0
N,303,0.71,146.444,0.0
N,304,0.0,147.675,0.0
N,305,2.132,148.905,0.0
N,306,0.711,148.905,0.0
N,307,2.842,150.136,0.0
N,308,2.132,151.367,0.0
N,309,4.263,152.597,0.0
N,310,2.842,152.597,0.0
N,311,4.974,153.828,0.0
N,312,4.263,155.058,0.0
N,313,6.395,156.289,0.0
N,314,4.974,156.289,0.0
N,315,7.105,157.52,0.0
N,316,6.395,158.75,0.0
N,317,8.526,159.981,0.0
N,318,7.105,159.981,0.0
N,319,9.237,161.212,0.0
N,320,8.526,162.442,0.0
N,321,10.658,163.673,0.0
N,322,9.237,163.673,0.0
N,323,11.368,164.903,0.0
N,324,10.658,166.134,0.0
N,325,12.789,167.365,0.0
N,326,11.368,167.365,0.0
N,327,13.5,168.595,0.0
N,328,12.789,169.826,0.0
N,329,14.921,171.057,0.0
N,330,13.5,171.057,0.0
N,331,15.631,172.287,0.0
N,332,14.921,173.518,0.0
N,333,17.052,174.748,0.0
N,334,15.631,174.748,0.0
N,336,17.052,177.21,0.0
N,337,19.184,178.44,0.0
N,338,17.763,178.44,0.0
N,339,19.894,179.671,0.0
N,340,19.184,180.901,0.0
N,341,21.315,182.132,0.0
N,342,19.894,182.132,0.0
N,343,22.026,183.363,0.0
N,344,21.315,184.593,0.0
N,345,23.447,185.824,0.0
N,346,22.026,185.824,0.0
N,347,24.157,187.055,0.0
N,348,23.447,188.285,0.0
N,349,25.578,189.516,0.0
N,350,24.157,189.516,0.0
N,351,26.289,190.746,0.0
N,353,27.71,193.208,0.0
N,354,26.289,193.208,0.0
N,355,28.42,194.438,0.0
N,356,27.71,195.669,0.0
N,357,29.841,196.9,0.0
N,358,28.42,196.9,0.0
N,359,30.552,198.13,0.0
N,360,29.841,199.361,0.0
N,361,0.0,140.291,0.0
N,362,0.71,141.522,0.0
N,363,0.0,142.752,0.0
N,364,2.131,143.983,0.0
N,365,0.71,143.983,0.0
N,366,2.842,145.213,0.0
N,367,2.131,146.444,0.0
N,368,4.263,147.675,0.0
N,369,2.842,147.675,0.0
N,370,4.974,148.905,0.0
N,371,4.263,150.136,0.0
N,372,6.394,151.367,0.0
N,374,7.105,152.597,0.0
N,375,6.395,153.828,0.0
N,376,8.526,155.058,0.0
N,377,7.105,155.058,0.0
N,378,9.237,156.289,0.0
N,379,8.526,157.52,0.0
N,380,10.658,158.75,0.0
N,381,9.237,158.75,0.0
N,382,11.368,159.981,0.0
N,383,10.658,161.212,0.0
N,384,12.789,162.442,0.0
N,385,11.368,162.442,0.0
N,386,13.5,163.673,0.0
N,387,12.789,164.903,0.0
N,388,14.921,166.134,0.0
N,389,13.5,166.134,0.0
N,390,15.631,167.365,0.0
N,391,14.921,168.595,0.0
N,392,17.052,169.826,0.0
N,393,15.631,169.826,0.0
N,394,17.763,171.057,0.0
N,395,17.052,172.287,0.0
N,396,19.184,173.518,0.0
N,397,17.763,173.518,0.0
N,398,19.894,174.748,0.0
N,399,19.184,175.979,0.0
N,400,21.315,177.21,0.0
N,401,19.894,177.21,0.0
N,402,22.026,178.44,0.0
N,403,21.315,179.671,0.0
N,404,23.447,180.901,0.0
N,405,22.026,180.902,0.0
N,406,24.157,182.132,0.0
N,407,23.447,183.363,0.0
N,408,25.578,184.593,0.0
N,409,24.157,184.593,0.0
N,410,26.289,185.824,0.0
N,411,25.578,187.055,0.0
N,412,27.71,188.285,0.0
N,413,26.289,188.285,0.0
N,414,28.42,189.516,0.0
N,415,27.71,190.746,0.0
N,416,29.841,191.977,0.0
N,417,28.42,191.977,0.0
N,418,30.552,193.208,0.0
N,419,29.841,194.438,0.0
N,420,31.973,195.669,0.0
N,421,30.552,195.669,0.0
N,422,32.683,196.9,0.0
N,423,31.973,198.13,0.0
N,424,34.104,199.361,0.0
N,425,32.683,199.361,0.0
N,426,0.0,135.368,0.0
N,427,0.711,136.599,0.0
N,428,0.0,137.83,0.0
N,429,2.132,139.06,0.0
N,430,0.711,139.06,0.0
N,431,2.842,140.291,0.0
N,432,2.132,141.522,0.0
N,433,4.263,142.752,0.0
N,434,2.842,142.752,0.0
N,435,4.974,143.983,0.0
N,436,4.263,145.213,0.0
N,437,6.395,146.444,0.0
N,439,7.105,147.675,0.0
N,440,6.395,148.905,0.0
N,441,8.526,150.136,0.0
N,442,7.105,150.136,0.0
N,443,9.237,151.367,0.0
N,444,8.526,152.597,0.0
N,445,10.658,153.828,0.0
N,446,9.237,153.828,0.0
N,447,11.368,155.058,0.0
N,448,10.658,156.289,0.0
N,449,12.789,157.52,0.0
N,450,11.368,157.52,0.0
N,451,13.5,158.75,0.0
N,452,12.789,159.981,0.0
N,453,14.921,161.212,0.0
N,454,13.5,161.212,0.0
N,455,15.631,162.442,0.0
N,456,14.921,163.673,0.0
N,457,17.052,164.903,0.0
N,458,15.631,164.903,0.0
N,460,17.052,167.365,0.0
N,461,19.184,168.595,0.0
N,462,17.763,168.595,0.0
N,463,19.894,169.826,0.0
N,464,19.184,171.057,0.0
N,465,21.315,172.287,0.0
N,466,19.894,172.287,0.0
N,467,22.026,173.518,0.0
N,468,21.315,174.748,0.0
N,469,23.447,175.979,0.0
N,470,22.026,175.979,0.0
N,471,24.157,177.21,0.0
N,472,23.447,178.44,0.0
N,473,25.578,179.671,0.0
N,474,24.157,179.671,0.0
N,475,26.289,180.902,0.0
N,476,25.578,182.132,0.0
N,477,27.71,183.363,0.0
N,478,26.289,183.363,0.0
N,479,28.42,184.593,0.0
N,480,27.71,185.824,0.0
N,481,29.841,187.055,0.0
N,482,28.42,187.055,0.0
N,483,30.552,188.285,0.0
N,484,29.841,189.516,0.0
N,485,31.973,190.746,0.0
N,486,30.552,190.746,0.0
N,487,32.683,191.977,0.0
N,488,31.973,193.208,0.0
N,489,34.104,194.438,0.0
N,490,32.683,194.438,0.0
N,491,34.815,195.669,0.0
N,492,34.104,196.9,0.0
N,493,36.236,198.13,0.0
N,494,34.815,198.13,0.0
N,495,36.946,199.361,0.0
N,496,0.0,130.446,0.0
N,497,0.711,131.677,0.0
N,498,0.0,132.907,0.0
N,499,2.132,134.138,0.0
N,500,0.711,134.138,0.0
N,502,2.132,136.599,0.0
N,503,4.263,137.83,0.0
N,504,2.842,137.83,0.0
N,505,4.974,139.06,0.0
N,506,4.263,140.291,0.0
N,507,6.395,141.522,0.0
N,508,4.974,141.522,0.0
N,509,7.105,142.752,0.0
N,510,6.395,143.983,0.0
N,511,8.526,145.213,0.0
N,512,7.105,145.213,0.0
N,513,9.237,146.444,0.0
N,514,8.526,147.675,0.0
N,515,10.658,148.905,0.0
N,516,9.237,148.905,0.0
N,517,11.368,150.136,0.0
N,518,10.658,151.367,0.0
N,519,12.789,152.597,0.0
N,520,11.368,152.597,0.0
N,521,13.5,153.828,0.0
N,522,12.789,155.058,0.0
N,523,14.921,156.289,0.0
N,524,13.5,156.289,0.0
N,525,15.631,157.52,0.0
N,526,14.921,158.75,0.0
N,527,17.052,159.981,0.0
N,528,15.631,159.981,0.0
N,529,17.763,161.212,0.0
N,531,19.184,163.673,0.0
N,532,17.763,163.673,0.0
N,533,19.894,164.903,0.0
N,534,19.184,166.134,0.0
N,535,21.315,167.365,0.0
N,536,19.894,167.365,0.0
N,537,22.026,168.595,0.0
N,538,21.315,169.826,0.0
N,539,23.447,171.057,0.0
N,540,22.026,171.057,0.0
N,542,23.447,173.518,0.0
N,543,25.578,174.748,0.0
N,544,24.157,174.748,0.0
N,546,25.578,177.21,0.0
N,547,27.71,178.44,0.0
N,548,26.289,178.44,0.0
N,549,28.42,179.671,0.0
N,550,27.71,180.901,0.0
N,551,29.841,182.132,0.0
N,552,28.42,182.132,0.0
N,553,30.552,183.363,0.0
N,554,29.841,184.593,0.0
N,555,31.973,185.824,0.0
N,556,30.552,185.824,0.0
N,557,32.683,187.055,0.0
N,558,31.973,188.285,0.0
N,559,34.104,189.516,0.0
N,560,32.683,189.516,0.0
N,561,34.815,190.746,0.0
N,562,34.104,191.977,0.0
N,563,36.236,193.208,0.0
N,564,34.815,193.208,0.0
N,565,36.946,194.438,0.0
N,566,36.236,195.669,0.0
N,567,36.946,196.9,0.0
N,568,0.0,125.524,0.0
N,569,0.71,126.754,0.0
N,570,0.0,127.985,0.0
N,571,2.131,129.215,0.0
N,572,0.71,129.215,0.0
N,573,2.842,130.446,0.0
N,574,2.131,131.677,0.0
N,575,4.263,132.907,0.0
N,576,2.842,132.907,0.0
N,577,4.973,134.138,0.0
N,578,4.263,135.368,0.0
N,579,6.394,136.599,0.0
N,581,7.105,137.83,0.0
N,582,6.394,139.06,0.0
N,583,8.526,140.291,0.0
N,584,7.105,140.291,0.0
N,585,9.236,141.522,0.0
N,586,8.526,142.752,0.0
N,587,10.658,143.983,0.0
N,588,9.237,143.983,0.0
N,589,11.368,145.213,0.0
N,590,10.658,146.444,0.0
N,591,12.789,147.675,0.0
N,592,11.368,147.675,0.0
N,593,13.5,148.905,0.0
N,594,12.789,150.136,0.0
N,595,14.921,151.367,0.0
N,596,13.5,151.367,0.0
N,597,15.631,152.597,0.0
N,598,14.921,153.828,0.0
N,599,17.052,155.058,0.0
N,600,15.631,155.058,0.0
N,601,17.763,156.289,0.0
N,602,17.052,157.52,0.0
N,603,19.184,158.75,0.0
N,604,17.763,158.75,0.0
N,605,19.894,159.981,0.0
N,606,19.184,161.212,0.0
N,607,21.315,162.442,0.0
N,608,19.894,162.442,0.0
N,609,22.026,163.673,0.0
N,610,21.315,164.903,0.0
N,611,23.447,166.134,0.0
N,612,22.026,166.134,0.0
N,613,24.157,167.365,0.0
N,614,23.447,168.595,0.0
N,615,25.578,169.826,0.0
N,616,24.157,169.826,0.0
N,617,26.289,171.057,0.0
N,618,25.578,172.287,0.0
N,619,27.71,173.518,0.0
N,620,26.289,173.518,0.0
N,621,28.42,174.748,0.0
N,622,27.71,175.979,0.0
N,623,29.841,177.21,0.0
N,624,28.42,177.21,0.0
N,625,30.552,178.44,0.0
N,626,29.841,179.671,0.0
N,627,31.973,180.902,0.0
N,628,30.552,180.902,0.0
N,629,32.683,182.132,0.0
N,630,31.973,183.363,0.0
N,631,34.104,184.593,0.0
N,632,32.683,184.593,0.0
N,633,34.815,185.824,0.0
N,634,34.104,187.055,0.0
N,635,36.236,188.285,0.0
N,636,34.815,188.285,0.0
N,637,36.946,189.516,0.0
N,638,36.236,190.746,0.0
N,639,36.946,191.977,0.0
N,640,0.0,120.601,0.0
N,641,0.71,121.832,0.0
N,642,0.0,123.062,0.0
N,643,2.131,124.293,0.0
N,644,0.71,124.293,0.0
N,645,2.842,125.523,0.0
N,646,2.132,126.754,0.0
N,647,4.263,127.985,0.0
N,648,2.842,127.985,0.0
N,649,4.973,129.215,0.0
N,650,4.263,130.446,0.0
N,651,6.394,131.677,0.0
N,652,4.973,131.677,0.0
N,653,7.105,132.907,0.0
N,654,6.395,134.138,0.0
N,655,8.526,135.368,0.0
N,656,7.105,135.368,0.0
N,657,9.236,136.599,0.0
N,658,8.526,137.83,0.0
N,659,10.658,139.06,0.0
N,660,9.236,139.06,0.0
N,661,11.368,140.291,0.0
N,662,10.658,141.522,0.0
N,663,12.789,142.752,0.0
N,664,11.368,142.752,0.0
N,665,13.5,143.983,0.0
N,667,14.921,146.444,0.0
N,668,13.5,146.444,0.0
N,669,15.631,147.675,0.0
N,670,14.921,148.905,0.0
N,671,17.052,150.136,0.0
N,672,15.631,150.136,0.0
N,673,17.763,151.367,0.0
N,674,17.052,152.597,0.0
N,675,19.184,153.828,0.0
N,676,17.763,153.828,0.0
N,677,19.894,155.058,0.0
N,678,19.184,156.289,0.0
N,679,21.315,157.52,0.0
N,680,19.894,157.52,0.0
N,681,22.026,158.75,0.0
N,682,21.315,159.981,0.0
N,683,23.447,161.212,0.0
N,684,22.026,161.212,0.0
N,685,24.157,162.442,0.0
N,686,23.447,163.673,0.0
N,687,25.578,164.903,0.0
N,688,24.157,164.903,0.0
N,689,26.289,166.134,0.0
N,690,25.578,167.365,0.0
N,691,27.71,168.595,0.0
N,692,26.289,168.595,0.0
N,693,28.42,169.826,0.0
N,694,27.71,171.057,0.0
N,695,29.841,172.287,0.0
N,696,28.42,172.287,0.0
N,697,30.552,173.518,0.0
N,698,29.841,174.748,0.0
N,699,31.973,175.979,0.0
N,700,30.552,175.979,0.0
N,701,32.683,177.21,0.0
N,702,31.973,178.44,0.0
N,703,34.104,179.671,0.0
N,704,32.683,179.671,0.0
N,705,34.815,180.902,0.0
N,706,34.104,182.132,0.0
N,707,36.236,183.363,0.0
N,708,34.815,183.363,0.0
N,709,36.946,184.593,0.0
N,710,36.236,185.824,0.0
N,711,36.946,187.055,0.0
N,712,0.0,115.679,0.0
N,713,0.711,116.909,0.0
N,714,0.0,118.14,0.0
N,715,2.132,119.37,0.0
N,716,0.71,119.37,0.0
N,717,2.842,120.601,0.0
N,718,2.132,121.832,0.0
N,719,4.263,123.062,0.0
N,720,2.842,123.062,0.0
N,721,4.974,124.293,0.0
N,722,4.263,125.524,0.0
N,723,6.395,126.754,0.0
N,724,4.974,126.754,0.0
N,725,7.105,127.985,0.0
N,726,6.395,129.215,0.0
N,727,8.526,130.446,0.0
N,728,7.105,130.446,0.0
N,729,9.237,131.677,0.0
N,730,8.526,132.907,0.0
N,731,10.658,134.138,0.0
N,732,9.237,134.138,0.0
N,733,11.368,135.368,0.0
N,734,10.658,136.599,0.0
N,735,12.789,137.83,0.0
N,736,11.368,137.83,0.0
N,737,13.5,139.06,0.0
N,738,12.789,140.291,0.0
N,739,14.921,141.522,0.0
N,741,15.631,142.752,0.0
N,742,14.921,143.983,0.0
N,743,17.052,145.213,0.0
N,744,15.631,145.213,0.0
N,745,17.763,146.444,0.0
N,746,17.052,147.675,0.0
N,747,19.184,148.905,0.0
N,748,17.763,148.905,0.0
N,749,19.894,150.136,0.0
N,750,19.184,151.367,0.0
N,751,21.315,152.597,0.0
N,752,19.894,152.597,0.0
N,753,22.026,153.828,0.0
N,754,21.315,155.058,0.0
N,755,23.447,156.289,0.0
N,756,22.026,156.289,0.0
N,757,24.157,157.52,0.0
N,758,23.447,158.75,0.0
N,759,25.578,159.981,0.0
N,760,24.157,159.981,0.0
N,761,26.289,161.212,0.0
N,762,25.578,162.442,0.0
N,763,27.71,163.673,0.0
N,764,26.289,163.673,0.0
N,765,28.42,164.903,0.0
N,766,27.71,166.134,0.0
N,767,29.841,167.365,0.0
N,768,28.42,167.365,0.0
N,769,30.552,168.595,0.0
N,770,29.841,169.826,0.0
N,771,31.973,171.057,0.0
N,772,30.552,171.057,0.0
N,773,32.683,172.287,0.0
N,774,31.973,173.518,0.0
N,775,34.104,174.748,0.0
N,776,32.683,174.748,0.0
N,777,34.815,175.979,0.0
N,778,34.104,177.21,0.0
N,779,36.236,178.44,0.0
N,780,34.815,178.44,0.0
N,781,36.946,179.671,0.0
N,782,36.236,180.901,0.0
N,783,36.946,182.132,0.0
N,784,0.0,110.756,0.0
N,785,0.71,111.987,0.0
N,786,0.0,113.217,0.0
N,787,2.131,114.448,0.0
N,788,0.71,114.448,0.0
N,789,2.842,115.679,0.0
N,790,2.131,116.909,0.0
N,791,4.263,118.14,0.0
N,792,2.842,118.14,0.0
N,793,4.973,119.37,0.0
N,794,4.263,120.601,0.0
N,795,6.394,121.832,0.0
N,796,4.973,121.832,0.0
N,798,6.394,124.293,0.0
N,799,8.526,125.524,0.0
N,800,7.105,125.524,0.0
N,801,9.236,126.754,0.0
N,802,8.526,127.985,0.0
N,803,10.658,129.215,0.0
N,804,9.236,129.215,0.0
N,805,11.368,130.446,0.0
N,806,10.658,131.677,0.0
N,807,12.789,132.907,0.0
N,808,11.368,132.907,0.0
N,809,13.5,134.138,0.0
N,810,12.789,135.368,0.0
N,811,14.921,136.599,0.0
N,812,13.5,136.599,0.0
N,813,15.631,137.83,0.0
N,814,14.921,139.06,0.0
N,815,17.052,140.291,0.0
N,816,15.631,140.291,0.0
N,817,17.763,141.522,0.0
N,818,17.052,142.752,0.0
N,819,19.184,143.983,0.0
N,820,17.763,143.983,0.0
N,821,19.894,145.213,0.0
N,822,19.184,146.444,0.0
N,824,19.894,147.675,0.0
N,825,22.026,148.905,0.0
N,826,21.315,150.136,0.0
N,827,23.447,151.367,0.0
N,828,22.026,151.367,0.0
N,829,24.157,152.597,0.0
N,830,23.447,153.828,0.0
N,831,25.578,155.058,0.0
N,832,24.157,155.058,0.0
N,833,26.289,156.289,0.0
N,834,25.578,157.52,0.0
N,835,27.71,158.75,0.0
N,836,26.289,158.75,0.0
N,837,28.42,159.981,0.0
N,838,27.71,161.212,0.0
N,839,29.841,162.442,0.0
N,840,28.42,162.442,0.0
N,841,30.552,163.673,0.0
N,842,29.841,164.903,0.0
N,843,31.973,166.134,0.0
N,844,30.552,166.134,0.0
N,845,32.683,167.365,0.0
N,846,31.973,168.595,0.0
N,847,34.104,169.826,0.0
N,848,32.683,169.826,0.0
N,849,34.815,171.057,0.0
N,850,34.104,172.287,0.0
N,851,36.236,173.518,0.0
N,852,34.815,173.518,0.0
N,853,36.946,174.748,0.0
N,854,36.236,175.979,0.0
N,855,36.946,177.21,0.0
N,856,0.0,105.834,0.0
N,857,0.71,107.064,0.0
N,858,0.0,108.295,0.0
N,859,2.132,109.525,0.0
N,860,0.711,109.525,0.0
N,861,2.842,110.756,0.0
N,862,2.132,111.987,0.0
N,863,4.263,113.217,0.0
N,864,2.842,113.217,0.0
N,865,4.974,114.448,0.0
N,866,4.263,115.679,0.0
N,867,6.394,116.909,0.0
N,868,4.973,116.909,0.0
N,869,7.105,118.14,0.0
N,870,6.394,119.37,0.0
N,871,8.526,120.601,0.0
N,872,7.105,120.601,0.0
N,873,9.236,121.832,0.0
N,874,8.526,123.062,0.0
N,875,10.658,124.293,0.0
N,876,9.236,124.293,0.0
N,877,11.368,125.524,0.0
N,878,10.658,126.754,0.0
N,879,12.789,127.985,0.0
N,880,11.368,127.985,0.0
N,881,13.5,129.215,0.0
N,882,12.789,130.446,0.0
N,883,14.921,131.677,0.0
N,884,13.5,131.677,0.0
N,886,14.921,134.138,0.0
N,887,17.052,135.368,0.0
N,888,15.631,135.368,0.0
N,889,17.763,136.599,0.0
N,890,17.052,137.83,0.0
N,891,19.184,139.06,0.0
N,892,17.763,139.06,0.0
N,893,19.894,140.291,0.0
N,894,19.184,141.522,0.0
N,895,21.315,142.752,0.0
N,896,19.894,142.752,0.0
N,897,22.026,143.983,0.0
N,898,21.315,145.213,0.0
N,899,23.447,146.444,0.0
N,901,24.157,147.675,0.0
N,902,23.447,148.905,0.0
N,903,25.578,150.136,0.0
N,904,24.157,150.136,0.0
N,905,26.289,151.367,0.0
N,906,25.578,152.597,0.0
N,907,27.71,153.828,0.0
N,908,26.289,153.828,0.0
N,909,28.42,155.058,0.0
N,910,27.71,156.289,0.0
N,911,29.841,157.52,0.0
N,912,28.42,157.52,0.0
N,913,30.552,158.75,0.0
N,914,29.841,159.981,0.0
N,915,31.973,161.212,0.0
N,916,30.552,161.212,0.0
N,917,32.683,162.442,0.0
N,918,31.973,163.673,0.0
N,919,34.104,164.903,0.0
N,920,32.683,164.903,0.0
N,921,34.815,166.134,0.0
N,922,34.104,167.365,0.0
N,923,36.236,168.595,0.0
N,924,34.815,168.595,0.0
N,925,36.946,169.826,0.0
N,926,36.236,171.057,0.0
N,927,36.946,172.287,0.0
N,928,0.0,100.911,0.0
N,930,0.0,103.372,0.0
N,931,2.132,104.603,0.0
N,932,0.711,104.603,0.0
N,933,2.842,105.834,0.0
N,934,2.132,107.064,0.0
N,935,4.263,108.295,0.0
N,936,2.842,108.295,0.0
N,937,4.974,109.525,0.0
N,938,4.263,110.756,0.0
N,939,6.395,111.987,0.0
N,940,4.974,111.987,0.0
N,941,7.105,113.217,0.0
N,942,6.395,114.448,0.0
N,943,8.526,115.679,0.0
N,944,7.105,115.679,0.0
N,945,9.236,116.909,0.0
N,946,8.526,118.14,0.0
N,947,10.658,119.37,0.0
N,948,9.237,119.37,0.0
N,949,11.368,120.601,0.0
N,950,10.658,121.832,0.0
N,951,12.789,123.062,0.0
N,952,11.368,123.062,0.0
N,953,13.5,124.293,0.0
N,954,12.789,125.524,0.0
N,955,14.921,126.754,0.0
N,956,13.5,126.754,0.0
N,957,15.631,127.985,0.0
N,958,14.921,129.215,0.0
N,959,17.052,130.446,0.0
N,960,15.631,130.446,0.0
N,961,17.763,131.677,0.0
N,962,17.052,132.907,0.0
N,963,19.184,134.138,0.0
N,964,17.763,134.138,0.0
N,965,19.894,135.368,0.0
N,966,19.184,136.599,0.0
N,967,21.315,137.83,0.0
N,968,19.894,137.83,0.0
N,969,22.026,139.06,0.0
N,970,21.315,140.291,0.0
N,971,23.447,141.522,0.0
N,973,24.157,142.752,0.0
N,974,23.447,143.983,0.0
N,975,25.578,145.213,0.0
N,976,24.157,145.213,0.0
N,977,26.289,146.444,0.0
N,978,25.578,147.675,0.0
N,979,27.71,148.905,0.0
N,980,26.289,148.905,0.0
N,981,28.42,150.136,0.0
N,982,27.71,151.367,0.0
N,983,29.841,152.597,0.0
N,984,28.42,152.597,0.0
N,985,30.552,153.828,0.0
N,986,29.841,155.058,0.0
N,987,31.973,156.289,0.0
N,988,30.552,156.289,0.0
N,989,32.683,157.52,0.0
N,990,31.973,158.75,0.0
N,991,34.104,159.981,0.0
N,992,32.683,159.981,0.0
N,993,34.815,161.212,0.0
N,994,34.104,162.442,0.0
N,995,36.236,163.673,0.0
N,996,34.815,163.673,0.0
N,997,36.946,164.903,0.0
N,998,36.236,166.134,0.0
N,999,36.946,167.365,0.0
N,1000,0.0,95.989,0.0
N,1001,0.711,97.219,0.0
N,1002,0.0,98.45,0.0
N,1003,2.132,99.68,0.0
N,1004,0.711,99.68,0.0
N,1005,2.842,100.911,0.0
N,1006,2.132,102.142,0.0
N,1007,4.263,103.372,0.0
N,1008,2.842,103.372,0.0
N,1009,4.974,104.603,0.0
N,1010,4.263,105.834,0.0
N,1011,6.395,107.064,0.0
N,1012,4.974,107.064,0.0
N,1013,7.105,108.295,0.0
N,1014,6.395,109.525,0.0
N,1015,8.526,110.756,0.0
N,1016,7.105,110.756,0.0
N,1017,9.237,111.987,0.0
N,1018,8.526,113.217,0.0
N,1019,10.658,114.448,0.0
N,1020,9.237,114.448,0.0
N,1021,11.368,115.679,0.0
N,1022,10.658,116.909,0.0
N,1023,12.789,118.14,0.0
N,1024,11.368,118.14,0.0
N,1025,13.5,119.37,0.0
N,1026,12.789,120.601,0.0
N,1027,14.921,121.832,0.0
N,1028,13.5,121.832,0.0
N,1029,15.631,123.062,0.0
N,1030,14.921,124.293,0.0
N,1031,17.052,125.524,0.0
N,1032,15.631,125.523,0.0
N,1033,17.763,126.754,0.0
N,1034,17.052,127.985,0.0
N,1035,19.184,129.215,0.0
N,1036,17.763,129.215,0.0
N,1037,19.894,130.446,0.0
N,1038,19.184,131.677,0.0
N,1039,21.315,132.907,0.0
N,1040,19.894,132.907,0.0
N,1041,22.026,134.138,0.0
N,1042,21.315,135.368,0.0
N,1043,23.447,136.599,0.0
N,1044,22.026,136.599,0.0
N,1045,24.157,137.83,0.0
N,1046,23.447,139.06,0.0
N,1047,25.578,140.291,0.0
N,1048,24.157,140.291,0.0
N,1049,26.289,141.522,0.0
N,1050,25.578,142.752,0.0
N,1051,27.71,143.983,0.0
N,1052,26.289,143.983,0.0
N,1053,28.42,145.213,0.0
N,1054,27.71,146.444,0.0
N,1055,29.841,147.675,0.0
N,1056,28.42,147.675,0.0
N,1057,30.552,148.905,0.0
N,1058,29.841,150.136,0.0
N,1059,31.973,151.367,0.0
N,1060,30.552,151.367,0.0
N,1061,32.683,152.597,0.0
N,1062,31.973,153.828,0.0
N,1063,34.104,155.058,0.0
N,1064,32.683,155.058,0.0
N,1065,34.815,156.289,0.0
N,1066,34.104,157.52,0.0
N,1067,36.236,158.75,0.0
N,1068,34.815,158.75,0.0
N,1069,36.946,159.981,0.0
N,1070,36.236,161.212,0.0
N,1071,36.946,162.442,0.0
N,1072,0.0,91.066,0.0
N,1073,0.71,92.297,0.0
N,1074,0.0,93.527,0.0
N,1075,2.132,94.758,0.0
N,1076,0.71,94.758,0.0
N,1077,2.842,95.989,0.0
N,1078,2.132,97.219,0.0
N,1079,4.263,98.45,0.0
N,1080,2.842,98.45,0.0
N,1081,4.973,99.68,0.0
N,1082,4.263,100.911,0.0
N,1083,6.395,102.142,0.0
N,1084,4.973,102.142,0.0
N,1085,7.105,103.372,0.0
N,1086,6.395,104.603,0.0
N,1087,8.526,105.834,0.0
N,1088,7.105,105.834,0.0
N,1089,9.236,107.064,0.0
N,1090,8.526,108.295,0.0
N,1091,10.658,109.525,0.0
N,1092,9.237,109.525,0.0
N,1093,11.368,110.756,0.0
N,1094,10.658,111.987,0.0
N,1095,12.789,113.217,0.0
N,1096,11.368,113.217,0.0
N,1097,13.5,114.448,0.0
N,1098,12.789,115.679,0.0
N,1099,14.921,116.909,0.0
N,1100,13.5,116.909,0.0
N,1101,15.631,118.14,0.0
N,1102,14.921,119.37,0.0
N,1103,17.052,120.601,0.0
N,1104,15.631,120.601,0.0
N,1105,17.763,121.832,0.0
N,1106,17.052,123.062,0.0
N,1107,19.184,124.293,0.0
N,1109,19.894,125.524,0.0
N,1110,19.184,126.754,0.0
N,1111,21.315,127.985,0.0
N,1112,19.894,127.985,0.0
N,1113,22.026,129.215,0.0
N,1114,21.315,130.446,0.0
N,1115,23.447,131.677,0.0
N,1116,22.026,131.677,0.0
N,1117,24.157,132.907,0.0
N,1118,23.447,134.138,0.0
N,1119,25.578,135.368,0.0
N,1120,24.157,135.368,0.0
N,1121,26.289,136.599,0.0
N,1122,25.578,137.83,0.0
N,1123,27.71,139.06,0.0
N,1124,26.289,139.06,0.0
N,1125,28.42,140.291,0.0
N,1126,27.71,141.522,0.0
N,1127,29.841,142.752,0.0
N,1128,28.42,142.752,0.0
N,1129,30.552,143.983,0.0
N,1130,29.841,145.213,0.0
N,1131,31.973,146.444,0.0
N,1132,30.552,146.444,0.0
N,1133,32.683,147.675,0.0
N,1134,31.973,148.905,0.0
N,1135,34.104,150.136,0.0
N,1136,32.683,150.136,0.0
N,1137,34.815,151.367,0.0
N,1138,34.104,152.597,0.0
N,1139,36.236,153.828,0.0
N,1140,34.815,153.828,0.0
N,1141,36.946,155.058,0.0
N,1142,36.236,156.289,0.0
N,1143,36.946,157.52,0.0
N,1144,0.0,86.144,0.0
N,1145,0.71,87.374,0.0
N,1146,0.0,88.605,0.0
N,1147,2.132,89.835,0.0
N,1148,0.711,89.835,0.0
N,1149,2.842,91.066,0.0
N,1150,2.132,92.297,0.0
N,1151,4.263,93.527,0.0
N,1152,2.842,93.527,0.0
N,1153,4.974,94.758,0.0
N,1154,4.263,95.989,0.0
N,1155,6.395,97.219,0.0
N,1156,4.974,97.219,0.0
N,1157,7.105,98.45,0.0
N,1158,6.395,99.68,0.0
N,1159,8.526,100.911,0.0
N,1160,7.105,100.911,0.0
N,1161,9.237,102.142,0.0
N,1162,8.526,103.372,0.0
N,1163,10.658,104.603,0.0
N,1164,9.237,104.603,0.0
N,1165,11.368,105.834,0.0
N,1166,10.658,107.064,0.0
N,1167,12.789,108.295,0.0
N,1168,11.368,108.295,0.0
N,1169,13.5,109.525,0.0
N,1170,12.789,110.756,0.0
N,1171,14.921,111.987,0.0
N,1172,13.5,111.987,0.0
N,1173,15.631,113.217,0.0
N,1174,14.921,114.448,0.0
N,1175,17.052,115.679,0.0
N,1176,15.631,115.679,0.0
N,1178,17.052,118.14,0.0
N,1179,19.184,119.37,0.0
N,1180,17.763,119.37,0.0
N,1181,19.894,120.601,0.0
N,1182,19.184,121.832,0.0
N,1183,21.315,123.062,0.0
N,1184,19.894,123.062,0.0
N,1185,22.026,124.293,0.0
N,1186,21.315,125.524,0.0
N,1187,23.447,126.754,0.0
N,1188,22.026,126.754,0.0
N,1189,24.157,127.985,0.0
N,1190,23.447,129.215,0.0
N,1191,25.578,130.446,0.0
N,1192,24.157,130.446,0.0
N,1193,26.289,131.677,0.0
N,1194,25.578,132.907,0.0
N,1195,27.71,134.138,0.0
N,1196,26.289,134.138,0.0
N,1197,28.42,135.368,0.0
N,1198,27.71,136.599,0.0
N,1199,29.841,137.83,0.0
N,1200,28.42,137.83,0.0
N,1201,30.552,139.06,0.0
N,1202,29.841,140.291,0.0
N,1203,31.973,141.522,0.0
N,1204,30.552,141.522,0.0
N,1205,32.683,142.752,0.0
N,1206,31.973,143.983,0.0
N,1207,34.104,145.213,0.0
N,1208,32.683,145.213,0.0
N,1209,34.815,146.444,0.0
N,1210,34.104,147.675,0.0
N,1211,36.236,148.905,0.0
N,1212,34.815,148.905,0.0
N,1213,36.946,150.136,0.0
N,1214,36.236,151.367,0.0
N,1215,36.946,152.597,0.0
N,1216,0.0,81.221,0.0
N,1217,0.711,82.452,0.0
N,1218,0.0,83.682,0.0
N,1219,2.132,84.913,0.0
N,1220,0.711,84.913,0.0
N,1221,2.842,86.144,0.0
N,1222,2.132,87.374,0.0
N,1223,4.263,88.605,0.0
N,1224,2.842,88.605,0.0
N,1225,4.974,89.835,0.0
N,1226,4.263,91.066,0.0
N,1227,6.395,92.297,0.0
N,1228,4.974,92.297,0.0
N,1229,7.105,93.527,0.0
N,1230,6.395,94.758,0.0
N,1231,8.526,95.989,0.0
N,1232,7.105,95.989,0.0
N,1233,9.237,97.219,0.0
N,1234,8.526,98.45,0.0
N,1235,10.658,99.68,0.0
N,1236,9.237,99.68,0.0
N,1237,11.368,100.911,0.0
N,1238,10.658,102.142,0.0
N,1239,12.789,103.372,0.0
N,1240,11.368,103.372,0.0
N,1241,13.5,104.603,0.0
N,1242,12.789,105.834,0.0
N,1243,14.921,107.064,0.0
N,1244,13.5,107.064,0.0
N,1245,15.631,108.295,0.0
N,1246,14.921,109.525,0.0
N,1247,17.052,110.756,0.0
N,1248,15.631,110.756,0.0
N,1249,17.763,111.987,0.0
N,1250,17.052,113.217,0.0
N,1251,19.184,114.448,0.0
N,1252,17.763,114.448,0.0
N,1253,19.894,115.679,0.0
N,1254,19.184,116.909,0.0
N,1255,21.315,118.14,0.0
N,1256,19.894,118.14,0.0
N,1257,22.026,119.37,0.0
N,1258,21.315,120.601,0.0
N,1259,23.447,121.832,0.0
N,1260,22.026,121.832,0.0
N,1261,24.157,123.062,0.0
N,1262,23.447,124.293,0.0
N,1263,25.578,125.524,0.0
N,1264,24.157,125.523,0.0
N,1265,26.289,126.754,0.0
N,1266,25.578,127.985,0.0
N,1267,27.71,129.215,0.0
N,1268,26.289,129.215,0.0
N,1269,28.42,130.446,0.0
N,1270,27.71,131.677,0.0
N,1271,29.841,132.907,0.0
N,1272,28.42,132.907,0.0
N,1273,30.552,134.138,0.0
N,1274,29.841,135.368,0.0
N,1275,31.973,136.599,0.0
N,1276,30.552,136.599,0.0
N,1277,32.683,137.83,0.0
N,1278,31.973,139.06,0.0
N,1279,34.104,140.291,0.0
N,1280,32.683,140.291,0.0
N,1281,34.815,141.522,0.0
N,1282,34.104,142.752,0.0
N,1283,36.236,143.983,0.0
N,1284,34.815,143.983,0.0
N,1285,36.946,145.213,0.0
N,1286,36.236,146.444,0.0
N,1287,36.946,147.675,0.0
N,1288,0.0,76.299,0.0
N,1289,0.711,77.529,0.0
N,1290,0.0,78.76,0.0
N,1291,2.132,79.99,0.0
N,1292,0.711,79.99,0.0
N,1293,2.842,81.221,0.0
N,1294,2.132,82.452,0.0
N,1295,4.263,83.682,0.0
N,1296,2.842,83.682,0.0
N,1297,4.974,84.913,0.0
N,1298,4.263,86.144,0.0
N,1299,6.395,87.374,0.0
N,1300,4.974,87.374,0.0
N,1301,7.105,88.605,0.0
N,1302,6.395,89.835,0.0
N,1303,8.526,91.066,0.0
N,1304,7.105,91.066,0.0
N,1305,9.237,92.297,0.0
N,1306,8.526,93.527,0.0
N,1307,10.658,94.758,0.0
N,1308,9.237,94.758,0.0
N,1309,11.368,95.989,0.0
N,1310,10.658,97.219,0.0
N,1311,12.789,98.45,0.0
N,1312,11.368,98.45,0.0
N,1313,13.5,99.68,0.0
N,1314,12.789,100.911,0.0
N,1315,14.921,102.142,0.0
N,1316,13.5,102.142,0.0
N,1317,15.631,103.372,0.0
N,1318,14.921,104.603,0.0
N,1319,17.052,105.834,0.0
N,1320,15.631,105.834,0.0
N,1321,17.763,107.064,0.0
N,1322,17.052,108.295,0.0
N,1323,19.184,109.525,0.0
N,1324,17.763,109.525,0.0
N,1325,19.894,110.756,0.0
N,1326,19.184,111.987,0.0
N,1327,21.315,113.217,0.0
N,1329,22.026,114.448,0.0
N,1330,21.315,115.679,0.0
N,1331,23.447,116.909,0.0
N,1332,22.026,116.909,0.0
N,1333,24.157,118.14,0.0
N,1334,23.447,119.37,0.0
N,1335,25.578,120.601,0.0
N,1336,24.157,120.601,0.0
N,1337,26.289,121.832,0.0
N,1338,25.578,123.062,0.0
N,1339,27.71,124.293,0.0
N,1340,26.289,124.293,0.0
N,1341,28.42,125.523,0.0
N,1342,27.71,126.754,0.0
N,1343,29.841,127.985,0.0
N,1344,28.42,127.985,0.0
N,1345,30.552,129.215,0.0
N,1346,29.841,130.446,0.0
N,1347,31.973,131.677,0.0
N,1348,30.552,131.677,0.0
N,1349,32.683,132.907,0.0
N,1350,31.973,134.138,0.0
N,1351,34.104,135.368,0.0
N,1352,32.683,135.368,0.0
N,1353,34.815,136.599,0.0
N,1354,34.104,137.83,0.0
N,1355,36.236,139.06,0.0
N,1356,34.815,139.06,0.0
N,1357,36.946,140.291,0.0
N,1358,36.236,141.522,0.0
N,1359,36.946,142.752,0.0
N,1360,0.0,71.376,0.0
N,1361,0.711,72.607,0.0
N,1362,0.0,73.837,0.0
N,1363,2.132,75.068,0.0
N,1364,0.71,75.068,0.0
N,1365,2.842,76.299,0.0
N,1366,2.132,77.529,0.0
N,1367,4.263,78.76,0.0
N,1368,2.842,78.76,0.0
N,1369,4.973,79.99,0.0
N,1370,4.263,81.221,0.0
N,1371,6.395,82.452,0.0
N,1372,4.974,82.452,0.0
N,1373,7.105,83.682,0.0
N,1374,6.395,84.913,0.0
N,1375,8.526,86.144,0.0
N,1376,7.105,86.144,0.0
N,1377,9.237,87.374,0.0
N,1378,8.526,88.605,0.0
N,1379,10.658,89.835,0.0
N,1380,9.237,89.835,0.0
N,1381,11.368,91.066,0.0
N,1382,10.658,92.297,0.0
N,1383,12.789,93.527,0.0
N,1384,11.368,93.527,0.0
N,1385,13.5,94.758,0.0
N,1386,12.789,95.989,0.0
N,1387,14.921,97.219,0.0
N,1388,13.5,97.219,0.0
N,1389,15.631,98.45,0.0
N,1390,14.921,99.68,0.0
N,1392,15.631,100.911,0.0
N,1393,17.763,102.142,0.0
N,1394,17.052,103.372,0.0
N,1395,19.184,104.603,0.0
N,1396,17.763,104.603,0.0
N,1397,19.894,105.834,0.0
N,1398,19.184,107.064,0.0
N,1399,21.315,108.295,0.0
N,1400,19.894,108.295,0.0
N,1401,22.026,109.525,0.0
N,1402,21.315,110.756,0.0
N,1403,23.447,111.987,0.0
N,1404,22.026,111.987,0.0
N,1406,23.447,114.448,0.0
N,1407,25.578,115.679,0.0
N,1408,24.157,115.679,0.0
N,1409,26.289,116.909,0.0
N,1410,25.578,118.14,0.0
N,1411,27.71,119.37,0.0
N,1412,26.289,119.37,0.0
N,1413,28.42,120.601,0.0
N,1414,27.71,121.832,0.0
N,1415,29.841,123.062,0.0
N,1416,28.42,123.062,0.0
N,1417,30.552,124.293,0.0
N,1418,29.841,125.524,0.0
N,1419,31.973,126.754,0.0
N,1420,30.552,126.754,0.0
N,1421,32.683,127.985,0.0
N,1422,31.973,129.215,0.0
N,1423,34.104,130.446,0.0
N,1424,32.683,130.446,0.0
N,1425,34.815,131.677,0.0
N,1426,34.104,132.907,0.0
N,1427,36.236,134.138,0.0
N,1428,34.815,134.138,0.0
N,1429,36.946,135.368,0.0
N,1430,36.236,136.599,0.0
N,1431,36.946,137.83,0.0
N,1432,0.0,66.454,0.0
N,1433,0.711,67.684,0.0
N,1434,0.0,68.915,0.0
N,1435,2.132,70.145,0.0
N,1436,0.711,70.145,0.0
N,1437,2.842,71.376,0.0
N,1438,2.132,72.607,0.0
N,1439,4.263,73.837,0.0
N,1440,2.842,73.837,0.0
N,1441,4.974,75.068,0.0
N,1442,4.263,76.299,0.0
N,1443,6.395,77.529,0.0
N,1444,4.974,77.529,0.0
N,1445,7.105,78.76,0.0
N,1446,6.395,79.99,0.0
N,1447,8.526,81.221,0.0
N,1448,7.105,81.221,0.0
N,1449,9.237,82.452,0.0
N,1450,8.526,83.682,0.0
N,1451,10.658,84.913,0.0
N,1452,9.237,84.913,0.0
N,1453,11.368,86.144,0.0
N,1454,10.658,87.374,0.0
N,1455,12.789,88.605,0.0
N,1456,11.368,88.605,0.0
N,1457,13.5,89.835,0.0
N,1458,12.789,91.066,0.0
N,1459,14.921,92.297,0.0
N,1460,13.5,92.297,0.0
N,1461,15.631,93.527,0.0
N,1462,14.921,94.758,0.0
N,1463,17.052,95.989,0.0
N,1464,15.631,95.989,0.0
N,1465,17.763,97.219,0.0
N,1466,17.052,98.45,0.0
N,1467,19.184,99.68,0.0
N,1468,17.763,99.68,0.0
N,1469,19.894,100.911,0.0
N,1470,19.184,102.142,0.0
N,1471,21.315,103.372,0.0
N,1472,19.894,103.372,0.0
N,1473,22.026,104.603,0.0
N,1474,21.315,105.834,0.0
N,1475,23.447,107.064,0.0
N,1476,22.026,107.064,0.0
N,1477,24.157,108.295,0.0
N,1478,23.447,109.525,0.0
N,1479,25.578,110.756,0.0
N,1480,24.157,110.756,0.0
N,1481,26.289,111.987,0.0
N,1482,25.578,113.217,0.0
N,1483,27.71,114.448,0.0
N,1484,26.289,114.448,0.0
N,1485,28.42,115.679,0.0
N,1486,27.71,116.909,0.0
N,1487,29.841,118.14,0.0
N,1488,28.42,118.14,0.0
N,1489,30.552,119.37,0.0
N,1490,29.841,120.601,0.0
N,1491,31.973,121.832,0.0
N,1492,30.552,121.832,0.0
N,1493,32.683,123.062,0.0
N,1494,31.973,124.293,0.0
N,1495,34.104,125.524,0.0
N,1496,32.683,125.523,0.0
N,1497,34.815,126.754,0.0
N,1498,34.104,127.985,0.0
N,1499,36.236,129.215,0.0
N,1500,34.815,129.215,0.0
N,1501,36.946,130.446,0.0
N,1502,36.236,131.677,0.0
N,1503,36.946,132.907,0.0
N,1504,0.0,61.531,0.0
N,1505,0.71,62.762,0.0
N,1506,0.0,63.992,0.0
N,1507,2.131,65.223,0.0
N,1508,0.71,65.223,0.0
N,1509,2.842,66.454,0.0
N,1510,2.131,67.684,0.0
N,1511,4.263,68.915,0.0
N,1512,2.842,68.915,0.0
N,1513,4.973,70.145,0.0
N,1514,4.263,71.376,0.0
N,1515,6.394,72.607,0.0
N,1516,4.973,72.607,0.0
N,1517,7.105,73.837,0.0
N,1518,6.395,75.068,0.0
N,1519,8.526,76.299,0.0
N,1520,7.105,76.299,0.0
N,1521,9.236,77.529,0.0
N,1522,8.526,78.76,0.0
N,1523,10.658,79.99,0.0
N,1524,9.236,79.99,0.0
N,1525,11.368,81.221,0.0
N,1526,10.658,82.452,0.0
N,1527,12.789,83.682,0.0
N,1528,11.368,83.682,0.0
N,1530,12.789,86.144,0.0
N,1531,14.921,87.374,0.0
N,1532,13.5,87.374,0.0
N,1533,15.631,88.605,0.0
N,1534,14.921,89.835,0.0
N,1535,17.052,91.066,0.0
N,1536,15.631,91.066,0.0
N,1537,17.763,92.297,0.0
N,1538,17.052,93.527,0.0
N,1539,19.184,94.758,0.0
N,1540,17.763,94.758,0.0
N,1541,19.894,95.989,0.0
N,1542,19.184,97.219,0.0
N,1543,21.315,98.45,0.0
N,1544,19.894,98.45,0.0
N,1545,22.026,99.68,0.0
N,1546,21.315,100.911,0.0
N,1547,23.447,102.142,0.0
N,1548,22.026,102.142,0.0
N,1549,24.157,103.372,0.0
N,1550,23.447,104.603,0.0
N,1551,25.578,105.834,0.0
N,1552,24.157,105.834,0.0
N,1553,26.289,107.064,0.0
N,1554,25.578,108.295,0.0
N,1555,27.71,109.525,0.0
N,1556,26.289,109.525,0.0
N,1557,28.42,110.756,0.0
N,1558,27.71,111.987,0.0
N,1559,29.841,113.217,0.0
N,1560,28.42,113.217,0.0
N,1561,30.552,114.448,0.0
N,1562,29.841,115.679,0.0
N,1563,31.973,116.909,0.0
N,1564,30.552,116.909,0.0
N,1565,32.683,118.14,0.0
N,1566,31.973,119.37,0.0
N,1567,34.104,120.601,0.0
N,1568,32.683,120.601,0.0
N,1569,34.815,121.832,0.0
N,1570,34.104,123.062,0.0
N,1571,36.236,124.293,0.0
N,1572,34.815,124.293,0.0
N,1573,36.946,125.524,0.0
N,1574,36.236,126.754,0.0
N,1575,38.367,127.985,0.0
N,1576,36.946,127.985,0.0
N,1577,0.0,56.609,0.0
N,1578,0.711,57.839,0.0
N,1579,0.0,59.07,0.0
N,1580,2.132,60.3,0.0
N,1581,0.711,60.3,0.0
N,1582,2.842,61.531,0.0
N,1583,2.132,62.762,0.0
N,1584,4.263,63.992,0.0
N,1585,2.842,63.992,0.0
N,1586,4.974,65.223,0.0
N,1587,4.263,66.454,0.0
N,1588,6.395,67.684,0.0
N,1589,4.974,67.684,0.0
N,1590,7.105,68.915,0.0
N,1591,6.395,70.145,0.0
N,1592,8.526,71.376,0.0
N,1593,7.105,71.376,0.0
N,1594,9.237,72.607,0.0
N,1595,8.526,73.837,0.0
N,1598,11.368,76.299,0.0
N,1599,10.658,77.529,0.0
N,1600,12.789,78.76,0.0
N,1601,11.368,78.76,0.0
N,1602,13.5,79.99,0.0
N,1603,12.789,81.221,0.0
N,1604,14.921,82.452,0.0
N,1605,13.5,82.452,0.0
N,1606,15.631,83.682,0.0
N,1607,14.921,84.913,0.0
N,1608,17.052,86.144,0.0
N,1609,15.631,86.144,0.0
N,1610,17.763,87.374,0.0
N,1611,17.052,88.605,0.0
N,1612,19.184,89.835,0.0
N,1613,17.763,89.835,0.0
N,1614,19.894,91.066,0.0
N,1615,19.184,92.297,0.0
N,1616,21.315,93.527,0.0
N,1617,19.894,93.527,0.0
N,1618,22.026,94.758,0.0
N,1619,21.315,95.989,0.0
N,1620,23.447,97.219,0.0
N,1621,22.026,97.219,0.0
N,1622,24.157,98.45,0.0
N,1623,23.447,99.68,0.0
N,1624,25.578,100.911,0.0
N,1625,24.157,100.911,0.0
N,1626,26.289,102.142,0.0
N,1627,25.578,103.372,0.0
N,1628,27.71,104.603,0.0
N,1630,28.42,105.834,0.0
N,1631,27.71,107.064,0.0
N,1632,29.841,108.295,0.0
N,1633,28.42,108.295,0.0
N,1634,30.552,109.525,0.0
N,1635,29.841,110.756,0.0
N,1636,31.973,111.987,0.0
N,1637,30.552,111.987,0.0
N,1638,32.683,113.217,0.0
N,1639,31.973,114.448,0.0
N,1640,34.104,115.679,0.0
N,1641,32.683,115.679,0.0
N,1642,34.815,116.909,0.0
N,1643,34.104,118.14,0.0
N,1644,36.236,119.37,0.0
N,1645,34.815,119.37,0.0
N,1647,36.236,121.832,0.0
N,1648,36.946,123.062,0.0
N,1649,0.0,51.686,0.0
N,1650,0.711,52.917,0.0
N,1651,0.0,54.147,0.0
N,1652,2.132,55.378,0.0
N,1653,0.711,55.378,0.0
N,1654,2.842,56.609,0.0
N,1655,2.131,57.839,0.0
N,1656,4.263,59.07,0.0
N,1657,2.842,59.07,0.0
N,1658,4.973,60.3,0.0
N,1659,4.263,61.531,0.0
N,1660,6.394,62.762,0.0
N,1661,4.974,62.762,0.0
N,1662,7.105,63.992,0.0
N,1663,6.395,65.223,0.0
N,1664,8.526,66.454,0.0
N,1665,7.105,66.454,0.0
N,1666,9.237,67.684,0.0
N,1667,8.526,68.915,0.0
N,1668,10.658,70.145,0.0
N,1669,9.236,70.145,0.0
N,1670,11.368,71.376,0.0
N,1671,10.658,72.607,0.0
N,1673,11.368,73.837,0.0
N,1674,13.5,75.068,0.0
N,1675,12.789,76.299,0.0
N,1676,14.921,77.529,0.0
N,1677,13.5,77.529,0.0
N,1678,15.631,78.76,0.0
N,1679,14.921,79.99,0.0
N,1680,17.052,81.221,0.0
N,1681,15.631,81.221,0.0
N,1682,17.763,82.452,0.0
N,1683,17.052,83.682,0.0
N,1684,19.184,84.913,0.0
N,1685,17.763,84.913,0.0
N,1686,19.894,86.144,0.0
N,1687,19.184,87.374,0.0
N,1688,21.315,88.605,0.0
N,1689,19.894,88.605,0.0
N,1690,22.026,89.835,0.0
N,1691,21.315,91.066,0.0
N,1692,23.447,92.297,0.0
N,1693,22.026,92.297,0.0
N,1694,24.157,93.527,0.0
N,1695,23.447,94.758,0.0
N,1696,25.578,95.989,0.0
N,1697,24.157,95.989,0.0
N,1698,26.289,97.219,0.0
N,1699,25.578,98.45,0.0
N,1700,27.71,99.68,0.0
N,1701,26.289,99.68,0.0
N,1702,28.42,100.911,0.0
N,1703,27.71,102.142,0.0
N,1704,29.841,103.372,0.0
N,1705,28.42,103.372,0.0
N,1706,30.552,104.603,0.0
N,1707,29.841,105.834,0.0
N,1708,31.973,107.064,0.0
N,1709,30.552,107.064,0.0
N,1710,32.683,108.295,0.0
N,1711,31.973,109.525,0.0
N,1712,34.104,110.756,0.0
N,1713,32.683,110.756,0.0
N,1714,34.815,111.987,0.0
N,1715,34.104,113.217,0.0
N,1716,36.236,114.448,0.0
N,1717,34.815,114.448,0.0
N,1718,36.946,115.679,0.0
N,1719,36.236,116.909,0.0
N,1720,36.946,118.14,0.0
N,1721,0.0,46.764,0.0
N,1722,0.711,47.994,0.0
N,1723,0.0,49.225,0.0
N,1724,2.132,50.456,0.0
N,1725,0.711,50.456,0.0
N,1727,2.132,52.917,0.0
N,1729,2.842,54.147,0.0
N,1730,4.974,55.378,0.0
N,1731,4.263,56.609,0.0
N,1732,6.395,57.839,0.0
N,1733,4.974,57.839,0.0
N,1734,7.105,59.07,0.0
N,1735,6.395,60.3,0.0
N,1736,8.526,61.531,0.0
N,1737,7.105,61.531,0.0
N,1738,9.237,62.762,0.0
N,1739,8.526,63.992,0.0
N,1740,10.658,65.223,0.0
N,1741,9.237,65.223,0.0
N,1742,11.368,66.454,0.0
N,1743,10.658,67.684,0.0
N,1744,12.789,68.915,0.0
N,1745,11.368,68.915,0.0
N,1746,13.5,70.145,0.0
N,1747,12.789,71.376,0.0
N,1748,14.921,72.607,0.0
N,1749,13.5,72.607,0.0
N,1750,15.631,73.837,0.0
N,1751,14.921,75.068,0.0
N,1752,17.052,76.299,0.0
N,1753,15.631,76.299,0.0
N,1754,17.763,77.529,0.0
N,1755,17.052,78.76,0.0
N,1756,19.184,79.99,0.0
N,1757,17.763,79.99,0.0
N,1758,19.894,81.221,0.0
N,1759,19.184,82.452,0.0
N,1760,21.315,83.682,0.0
N,1761,19.894,83.682,0.0
N,1762,22.026,84.913,0.0
N,1763,21.315,86.144,0.0
N,1764,23.447,87.374,0.0
N,1765,22.026,87.374,0.0
N,1766,24.157,88.605,0.0
N,1767,23.447,89.835,0.0
N,1768,25.578,91.066,0.0
N,1769,24.157,91.066,0.0
N,1770,26.289,92.297,0.0
N,1771,25.578,93.527,0.0
N,1772,27.71,94.758,0.0
N,1773,26.289,94.758,0.0
N,1774,28.42,95.989,0.0
N,1775,27.71,97.219,0.0
N,1776,29.841,98.45,0.0
N,1777,28.42,98.45,0.0
N,1778,30.552,99.68,0.0
N,1779,29.841,100.911,0.0
N,1780,31.973,102.142,0.0
N,1781,30.552,102.142,0.0
N,1782,32.683,103.372,0.0
N,1783,31.973,104.603,0.0
N,1784,34.104,105.834,0.0
N,1785,32.683,105.834,0.0
N,1786,34.815,107.064,0.0
N,1787,34.104,108.295,0.0
N,1788,36.236,109.525,0.0
N,1789,34.815,109.525,0.0
N,1790,36.946,110.756,0.0
N,1791,36.236,111.987,0.0
N,1792,36.946,113.217,0.0
N,1793,0.0,41.841,0.0
N,1794,0.711,43.072,0.0
N,1795,0.0,44.302,0.0
N,1796,2.132,45.533,0.0
N,1797,0.711,45.533,0.0
N,1798,2.842,46.764,0.0
N,1799,2.132,47.994,0.0
N,1800,4.263,49.225,0.0
N,1801,2.842,49.225,0.0
N,1802,4.974,50.456,0.0
N,1803,4.263,51.686,0.0
N,1804,6.395,52.917,0.0
N,1805,4.974,52.917,0.0
N,1806,7.105,54.147,0.0
N,1807,6.395,55.378,0.0
N,1808,8.526,56.609,0.0
N,1809,7.105,56.609,0.0
N,1810,9.237,57.839,0.0
N,1811,8.526,59.07,0.0
N,1812,10.658,60.3,0.0
N,1813,9.237,60.3,0.0
N,1814,11.368,61.531,0.0
N,1815,10.658,62.762,0.0
N,1816,12.789,63.992,0.0
N,1817,11.368,63.992,0.0
N,1818,13.5,65.223,0.0
N,1819,12.789,66.454,0.0
N,1820,14.921,67.684,0.0
N,1821,13.5,67.684,0.0
N,1822,15.631,68.915,0.0
N,1823,14.921,70.145,0.0
N,1824,17.052,71.376,0.0
N,1825,15.631,71.376,0.0
N,1826,17.763,72.607,0.0
N,1827,17.052,73.837,0.0
N,1828,19.184,75.068,0.0
N,1829,17.763,75.068,0.0
N,1830,19.894,76.299,0.0
N,1831,19.184,77.529,0.0
N,1832,21.315,78.76,0.0
N,1833,19.894,78.76,0.0
N,1834,22.026,79.99,0.0
N,1835,21.315,81.221,0.0
N,1836,23.447,82.452,0.0
N,1837,22.026,82.452,0.0
N,1838,24.157,83.682,0.0
N,1839,23.447,84.913,0.0
N,1840,25.578,86.144,0.0
N,1841,24.157,86.144,0.0
N,1842,26.289,87.374,0.0
N,1843,25.578,88.605,0.0
N,1844,27.71,89.835,0.0
N,1845,26.289,89.835,0.0
N,1846,28.42,91.066,0.0
N,1847,27.71,92.297,0.0
N,1848,29.841,93.527,0.0
N,1849,28.42,93.527,0.0
N,1850,30.552,94.758,0.0
N,1851,29.841,95.989,0.0
N,1852,31.973,97.219,0.0
N,1853,30.552,97.219,0.0
N,1854,32.683,98.45,0.0
N,1855,31.973,99.68,0.0
N,1856,34.104,100.911,0.0
N,1857,32.683,100.911,0.0
N,1858,34.815,102.142,0.0
N,1859,34.104,103.372,0.0
N,1860,36.236,104.603,0.0
N,1861,34.815,104.603,0.0
N,1862,36.946,105.834,0.0
N,1863,36.236,107.064,0.0
N,1864,36.946,108.295,0.0
N,1865,0.0,36.919,0.0
N,1866,0.711,38.149,0.0
N,1867,0.0,39.38,0.0
N,1869,0.711,40.611,0.0
N,1870,2.842,41.841,0.0
N,1871,2.132,43.072,0.0
N,1872,4.263,44.302,0.0
N,1873,2.842,44.302,0.0
N,1874,4.974,45.533,0.0
N,1875,4.263,46.764,0.0
N,1876,6.395,47.994,0.0
N,1877,4.974,47.994,0.0
N,1878,7.105,49.225,0.0
N,1879,6.395,50.456,0.0
N,1880,8.526,51.686,0.0
N,1881,7.105,51.686,0.0
N,1882,9.237,52.917,0.0
N,1883,8.526,54.147,0.0
N,1884,10.658,55.378,0.0
N,1885,9.237,55.378,0.0
N,1886,11.368,56.609,0.0
N,1887,10.658,57.839,0.0
N,1888,12.789,59.07,0.0
N,1889,11.368,59.07,0.0
N,1890,13.5,60.3,0.0
N,1891,12.789,61.531,0.0
N,1892,14.921,62.762,0.0
N,1893,13.5,62.762,0.0
N,1894,15.631,63.992,0.0
N,1895,14.921,65.223,0.0
N,1896,17.052,66.454,0.0
N,1897,15.631,66.454,0.0
N,1898,17.763,67.684,0.0
N,1899,17.052,68.915,0.0
N,1900,19.184,70.145,0.0
N,1901,17.763,70.145,0.0
N,1902,19.894,71.376,0.0
N,1903,19.184,72.607,0.0
N,1904,21.315,73.837,0.0
N,1905,19.894,73.837,0.0
N,1906,22.026,75.068,0.0
N,1907,21.315,76.299,0.0
N,1908,23.447,77.529,0.0
N,1909,22.026,77.529,0.0
N,1910,24.157,78.76,0.0
N,1911,23.447,79.99,0.0
N,1912,25.578,81.221,0.0
N,1913,24.157,81.221,0.0
N,1915,25.578,83.682,0.0
N,1916,27.71,84.913,0.0
N,1917,26.289,84.913,0.0
N,1918,28.42,86.144,0.0
N,1919,27.71,87.374,0.0
N,1920,29.841,88.605,0.0
N,1921,28.42,88.605,0.0
N,1922,30.552,89.835,0.0
N,1923,29.841,91.066,0.0
N,1924,31.973,92.297,0.0
N,1925,30.552,92.297,0.0
N,1926,32.683,93.527,0.0
N,1927,31.973,94.758,0.0
N,1928,34.104,95.989,0.0
N,1929,32.683,95.989,0.0
N,1930,34.815,97.219,0.0
N,1931,34.104,98.45,0.0
N,1932,36.236,99.68,0.0
N,1933,34.815,99.68,0.0
N,1934,36.946,100.911,0.0
N,1935,36.236,102.142,0.0
N,1936,36.946,103.372,0.0
N,1937,0.0,31.996,0.0
N,1938,0.711,33.227,0.0
N,1939,0.0,34.457,0.0
N,1940,2.132,35.688,0.0
N,1941,0.711,35.688,0.0
N,1942,2.842,36.919,0.0
N,1943,2.132,38.149,0.0
N,1944,4.263,39.38,0.0
N,1945,2.842,39.38,0.0
N,1946,4.974,40.611,0.0
N,1947,4.263,41.841,0.0
N,1948,6.395,43.072,0.0
N,1949,4.974,43.072,0.0
N,1950,7.105,44.302,0.0
N,1951,6.395,45.533,0.0
N,1952,8.526,46.764,0.0
N,1953,7.105,46.764,0.0
N,1954,9.237,47.994,0.0
N,1955,8.526,49.225,0.0
N,1956,10.658,50.456,0.0
N,1957,9.237,50.456,0.0
N,1958,11.368,51.686,0.0
N,1959,10.658,52.917,0.0
N,1960,12.789,54.147,0.0
N,1961,11.368,54.147,0.0
N,1962,13.5,55.378,0.0
N,1963,12.789,56.609,0.0
N,1964,14.921,57.839,0.0
N,1965,13.5,57.839,0.0
N,1966,15.631,59.07,0.0
N,1967,14.921,60.3,0.0
N,1968,17.052,61.531,0.0
N,1969,15.631,61.531,0.0
N,1970,17.763,62.762,0.0
N,1971,17.052,63.992,0.0
N,1972,19.184,65.223,0.0
N,1973,17.763,65.223,0.0
N,1974,19.894,66.454,0.0
N,1975,19.184,67.684,0.0
N,1976,21.315,68.915,0.0
N,1977,19.894,68.915,0.0
N,1978,22.026,70.145,0.0
N,1979,21.315,71.376,0.0
N,1980,23.447,72.607,0.0
N,1981,22.026,72.607,0.0
N,1982,24.157,73.837,0.0
N,1983,23.447,75.068,0.0
N,1984,25.578,76.299,0.0
N,1985,24.157,76.299,0.0
N,1986,26.289,77.529,0.0
N,1987,25.578,78.76,0.0
N,1988,27.71,79.99,0.0
N,1989,26.289,79.99,0.0
N,1990,28.42,81.221,0.0
N,1991,27.71,82.452,0.0
N,1992,29.841,83.682,0.0
N,1993,28.42,83.682,0.0
N,1994,30.552,84.913,0.0
N,1995,29.841,86.144,0.0
N,1996,31.973,87.374,0.0
N,1997,30.552,87.374,0.0
N,1998,32.683,88.605,0.0
N,1999,31.973,89.835,0.0
N,2000,34.104,91.066,0.0
N,2001,32.683,91.066,0.0
N,2002,34.815,92.297,0.0
N,2003,34.104,93.527,0.0
N,2004,36.236,94.758,0.0
N,2005,34.815,94.758,0.0
N,2006,36.946,95.989,0.0
N,2007,36.236,97.219,0.0
N,2008,36.946,98.45,0.0
N,2009,0.0,27.074,0.0
N,2010,0.711,28.304,0.0
N,2011,0.0,29.535,0.0
N,2012,2.132,30.766,0.0
N,2013,0.711,30.766,0.0
N,2014,2.842,31.996,0.0
N,2015,2.132,33.227,0.0
N,2016,4.263,34.457,0.0
N,2017,2.842,34.457,0.0
N,2018,4.974,35.688,0.0
N,2019,4.263,36.919,0.0
N,2020,6.395,38.149,0.0
N,2021,4.974,38.149,0.0
N,2022,7.105,39.38,0.0
N,2023,6.395,40.611,0.0
N,2024,8.526,41.841,0.0
N,2025,7.105,41.841,0.0
N,2026,9.237,43.072,0.0
N,2027,8.526,44.302,0.0
N,2028,10.658,45.533,0.0
N,2029,9.237,45.533,0.0
N,2030,11.368,46.764,0.0
N,2031,10.658,47.994,0.0
N,2032,12.789,49.225,0.0
N,2033,11.368,49.225,0.0
N,2034,13.5,50.456,0.0
N,2035,12.789,51.686,0.0
N,2036,14.921,52.917,0.0
N,2037,13.5,52.917,0.0
N,2038,15.631,54.147,0.0
N,2039,14.921,55.378,0.0
N,2040,17.052,56.609,0.0
N,2041,15.631,56.609,0.0
N,2042,17.763,57.839,0.0
N,2043,17.052,59.07,0.0
N,2044,19.184,60.3,0.0
N,2045,17.763,60.3,0.0
N,2046,19.894,61.531,0.0
N,2047,19.184,62.762,0.0
N,2048,21.315,63.992,0.0
N,2049,19.894,63.992,0.0
N,2050,22.026,65.223,0.0
N,2051,21.315,66.454,0.0
N,2053,22.026,67.684,0.0
N,2054,24.157,68.915,0.0
N,2055,23.447,70.145,0.0
N,2056,25.578,71.376,0.0
N,2057,24.157,71.376,0.0
N,2058,26.289,72.607,0.0
N,2059,25.578,73.837,0.0
N,2060,27.71,75.068,0.0
N,2061,26.289,75.068,0.0
N,2062,28.42,76.299,0.0
N,2063,27.71,77.529,0.0
N,2064,29.841,78.76,0.0
N,2065,28.42,78.76,0.0
N,2066,30.552,79.99,0.0
N,2067,29.841,81.221,0.0
N,2068,31.973,82.452,0.0
N,2069,30.552,82.452,0.0
N,2070,32.683,83.682,0.0
N,2071,31.973,84.913,0.0
N,2072,34.104,86.144,0.0
N,2073,32.683,86.144,0.0
N,2074,34.815,87.374,0.0
N,2075,34.104,88.605,0.0
N,2076,36.236,89.835,0.0
N,2077,34.815,89.835,0.0
N,2078,36.946,91.066,0.0
N,2079,36.236,92.297,0.0
N,2080,36.946,93.527,0.0
N,2081,0.0,22.151,0.0
N,2082,0.711,23.382,0.0
N,2083,0.0,24.612,0.0
N,2084,2.132,25.843,0.0
N,2085,0.711,25.843,0.0
N,2086,2.842,27.074,0.0
N,2087,2.132,28.304,0.0
N,2088,4.263,29.535,0.0
N,2089,2.842,29.535,0.0
N,2090,4.974,30.766,0.0
N,2091,4.263,31.996,0.0
N,2092,6.395,33.227,0.0
N,2093,4.974,33.227,0.0
N,2094,7.105,34.457,0.0
N,2096,8.526,36.919,0.0
N,2097,7.105,36.919,0.0
N,2098,9.237,38.149,0.0
N,2099,8.526,39.38,0.0
N,2100,10.658,40.611,0.0
N,2101,9.237,40.611,0.0
N,2102,11.368,41.841,0.0
N,2103,10.658,43.072,0.0
N,2104,12.789,44.302,0.0
N,2105,11.368,44.302,0.0
N,2106,13.5,45.533,0.0
N,2107,12.789,46.764,0.0
N,2108,14.921,47.994,0.0
N,2109,13.5,47.994,0.0
N,2110,15.631,49.225,0.0
N,2111,14.921,50.456,0.0
N,2112,17.052,51.686,0.0
N,2113,15.631,51.686,0.0
N,2114,17.763,52.917,0.0
N,2115,17.052,54.147,0.0
N,2116,19.184,55.378,0.0
N,2117,17.763,55.378,0.0
N,2118,19.894,56.609,0.0
N,2119,19.184,57.839,0.0
N,2120,21.315,59.07,0.0
N,2121,19.894,59.07,0.0
N,2122,22.026,60.3,0.0
N,2123,21.315,61.531,0.0
N,2124,23.447,62.762,0.0
N,2125,22.026,62.762,0.0
N,2127,23.447,65.223,0.0
N,2128,25.578,66.454,0.0
N,2129,24.157,66.454,0.0
N,2130,26.289,67.684,0.0
N,2131,25.578,68.915,0.0
N,2132,27.71,70.145,0.0
N,2133,26.289,70.145,0.0
N,2134,28.42,71.376,0.0
N,2135,27.71,72.607,0.0
N,2136,29.841,73.837,0.0
N,2137,28.42,73.837,0.0
N,2138,30.552,75.068,0.0
N,2139,29.841,76.299,0.0
N,2140,31.973,77.529,0.0
N,2142,32.683,78.76,0.0
N,2143,31.973,79.99,0.0
N,2144,34.104,81.221,0.0
N,2145,32.683,81.221,0.0
N,2146,34.815,82.452,0.0
N,2147,34.104,83.682,0.0
N,2148,36.236,84.913,0.0
N,2149,34.815,84.913,0.0
N,2150,36.946,86.144,0.0
N,2151,36.236,87.374,0.0
N,2152,36.946,88.605,0.0
N,2153,0.0,17.229,0.0
N,2154,0.711,18.459,0.0
N,2155,0.0,19.69,0.0
N,2156,2.132,20.921,0.0
N,2157,0.711,20.921,0.0
N,2158,2.842,22.151,0.0
N,2159,2.132,23.382,0.0
N,2160,4.263,24.612,0.0
N,2161,2.842,24.612,0.0
N,2162,4.974,25.843,0.0
N,2163,4.263,27.074,0.0
N,2164,6.395,28.304,0.0
N,2165,4.974,28.304,0.0
N,2166,7.105,29.535,0.0
N,2167,6.395,30.766,0.0
N,2168,8.526,31.996,0.0
N,2169,7.105,31.996,0.0
N,2170,9.237,33.227,0.0
N,2171,8.526,34.457,0.0
N,2172,10.658,35.688,0.0
N,2173,9.237,35.688,0.0
N,2174,11.368,36.919,0.0
N,2175,10.658,38.149,0.0
N,2176,12.789,39.38,0.0
N,2177,11.368,39.38,0.0
N,2178,13.5,40.611,0.0
N,2179,12.789,41.841,0.0
N,2180,14.921,43.072,0.0
N,2181,13.5,43.072,0.0
N,2182,15.631,44.302,0.0
N,2183,14.921,45.533,0.0
N,2184,17.052,46.764,0.0
N,2185,15.631,46.764,0.0
N,2186,17.763,47.994,0.0
N,2187,17.052,49.225,0.0
N,2188,19.184,50.456,0.0
N,2189,17.763,50.456,0.0
N,2190,19.894,51.686,0.0
N,2191,19.184,52.917,0.0
N,2192,21.315,54.147,0.0
N,2193,19.894,54.147,0.0
N,2194,22.026,55.378,0.0
N,2195,21.315,56.609,0.0
N,2196,23.447,57.839,0.0
N,2197,22.026,57.839,0.0
N,2198,24.157,59.07,0.0
N,2199,23.447,60.3,0.0
N,2200,25.578,61.531,0.0
N,2201,24.157,61.531,0.0
N,2202,26.289,62.762,0.0
N,2203,25.578,63.992,0.0
N,2204,27.71,65.223,0.0
N,2205,26.289,65.223,0.0
N,2206,28.42,66.454,0.0
N,2207,27.71,67.684,0.0
N,2208,29.841,68.915,0.0
N,2209,28.42,68.915,0.0
N,2210,30.552,70.145,0.0
N,2211,29.841,71.376,0.0
N,2212,31.973,72.607,0.0
N,2213,30.552,72.607,0.0
N,2214,32.683,73.837,0.0
N,2215,31.973,75.068,0.0
N,2216,34.104,76.299,0.0
N,2217,32.683,76.299,0.0
N,2218,34.815,77.529,0.0
N,2219,34.104,78.76,0.0
N,2220,36.236,79.99,0.0
N,2221,34.815,79.99,0.0
N,2222,36.946,81.221,0.0
N,2223,36.236,82.452,0.0
N,2224,36.946,83.682,0.0
N,2225,0.0,12.306,0.0
N,2226,0.711,13.537,0.0
N,2227,0.0,14.767,0.0
N,2228,2.132,15.998,0.0
N,2229,0.71,15.998,0.0
N,2230,2.842,17.229,0.0
N,2231,2.132,18.459,0.0
N,2232,4.263,19.69,0.0
N,2233,2.842,19.69,0.0
N,2234,4.974,20.921,0.0
N,2235,4.263,22.151,0.0
N,2236,6.395,23.382,0.0
N,2237,4.974,23.382,0.0
N,2238,7.105,24.612,0.0
N,2240,8.526,27.074,0.0
N,2241,7.105,27.074,0.0
N,2242,9.237,28.304,0.0
N,2243,8.526,29.535,0.0
N,2244,10.658,30.766,0.0
N,2245,9.237,30.766,0.0
N,2246,11.368,31.996,0.0
N,2247,10.658,33.227,0.0
N,2248,12.789,34.457,0.0
N,2249,11.368,34.457,0.0
N,2250,13.5,35.688,0.0
N,2251,12.789,36.919,0.0
N,2252,14.921,38.149,0.0
N,2253,13.5,38.149,0.0
N,2254,15.631,39.38,0.0
N,2255,14.921,40.611,0.0
N,2256,17.052,41.841,0.0
N,2257,15.631,41.841,0.0
N,2258,17.763,43.072,0.0
N,2259,17.052,44.302,0.0
N,2260,19.184,45.533,0.0
N,2262,19.894,46.764,0.0
N,2263,19.184,47.994,0.0
N,2264,21.315,49.225,0.0
N,2265,19.894,49.225,0.0
N,2266,22.026,50.456,0.0
N,2267,21.315,51.686,0.0
N,2268,23.447,52.917,0.0
N,2269,22.026,52.917,0.0
N,2270,24.157,54.147,0.0
N,2271,23.447,55.378,0.0
N,2272,25.578,56.609,0.0
N,2273,24.157,56.609,0.0
N,2275,25.578,59.07,0.0
N,2276,27.71,60.3,0.0
N,2277,26.289,60.3,0.0
N,2278,28.42,61.531,0.0
N,2279,27.71,62.762,0.0
N,2280,29.841,63.992,0.0
N,2281,28.42,63.992,0.0
N,2282,30.552,65.223,0.0
N,2283,29.841,66.454,0.0
N,2284,31.973,67.684,0.0
N,2285,30.552,67.684,0.0
N,2286,32.683,68.915,0.0
N,2287,31.973,70.145,0.0
N,2288,34.104,71.376,0.0
N,2289,32.683,71.376,0.0
N,2290,34.815,72.607,0.0
N,2291,34.104,73.837,0.0
N,2292,36.236,75.068,0.0
N,2293,34.815,75.068,0.0
N,2294,36.946,76.299,0.0
N,2295,36.236,77.529,0.0
N,2296,36.946,78.76,0.0
N,2297,0.0,7.384,0.0
N,2298,0.711,8.614,0.0
N,2299,0.0,9.845,0.0
N,2300,2.132,11.076,0.0
N,2301,0.711,11.076,0.0
N,2302,2.842,12.306,0.0
N,2303,2.132,13.537,0.0
N,2305,2.842,14.767,0.0
N,2306,4.974,15.998,0.0
N,2307,4.263,17.229,0.0
N,2308,6.395,18.459,0.0
N,2309,4.974,18.459,0.0
N,2310,7.105,19.69,0.0
N,2311,6.395,20.921,0.0
N,2312,8.526,22.151,0.0
N,2313,7.105,22.151,0.0
N,2314,9.237,23.382,0.0
N,2315,8.526,24.612,0.0
N,2316,10.658,25.843,0.0
N,2317,9.237,25.843,0.0
N,2318,11.368,27.074,0.0
N,2319,10.658,28.304,0.0
N,2320,12.789,29.535,0.0
N,2321,11.368,29.535,0.0
N,2322,13.5,30.766,0.0
N,2323,12.789,31.996,0.0
N,2324,14.921,33.227,0.0
N,2325,13.5,33.227,0.0
N,2326,15.631,34.457,0.0
N,2327,14.921,35.688,0.0
N,2328,17.052,36.919,0.0
N,2329,15.631,36.919,0.0
N,2330,17.763,38.149,0.0
N,2331,17.052,39.38,0.0
N,2332,19.184,40.611,0.0
N,2333,17.763,40.611,0.0
N,2334,19.894,41.841,0.0
N,2335,19.184,43.072,0.0
N,2336,21.315,44.302,0.0
N,2337,19.894,44.302,0.0
N,2338,22.026,45.533,0.0
N,2339,21.315,46.764,0.0
N,2340,23.447,47.994,0.0
N,2341,22.026,47.994,0.0
N,2342,24.157,49.225,0.0
N,2343,23.447,50.456,0.0
N,2344,25.578,51.686,0.0
N,2345,24.157,51.686,0.0
N,2346,26.289,52.917,0.0
N,2347,25.578,54.147,0.0
N,2348,27.71,55.378,0.0
N,2349,26.289,55.378,0.0
N,2350,28.42,56.609,0.0
N,2351,27.71,57.839,0.0
N,2352,29.841,59.07,0.0
N,2353,28.42,59.07,0.0
N,2354,30.552,60.3,0.0
N,2355,29.841,61.531,0.0
N,2356,31.973,62.762,0.0
N,2357,30.552,62.762,0.0
N,2358,32.683,63.992,0.0
N,2359,31.973,65.223,0.0
N,2360,34.104,66.454,0.0
N,2361,32.683,66.454,0.0
N,2363,34.104,68.915,0.0
N,2364,36.236,70.145,0.0
N,2365,34.815,70.145,0.0
N,2366,36.946,71.376,0.0
N,2367,36.236,72.607,0.0
N,2368,36.946,73.837,0.0
N,2369,0.0,2.461,0.0
N,2370,0.711,3.692,0.0
N,2371,0.0,4.922,0.0
N,2372,2.132,6.153,0.0
N,2373,0.711,6.153,0.0
N,2374,2.842,7.384,0.0
N,2375,2.132,8.614,0.0
N,2376,4.263,9.845,0.0
N,2377,2.842,9.845,0.0
N,2378,4.974,11.076,0.0
N,2379,4.263,12.306,0.0
N,2380,6.395,13.537,0.0
N,2381,4.974,13.537,0.0
N,2382,7.105,14.767,0.0
N,2383,6.395,15.998,0.0
N,2384,8.526,17.229,0.0
N,2385,7.105,17.229,0.0
N,2386,9.237,18.459,0.0
N,2387,8.526,19.69,0.0
N,2388,10.658,20.921,0.0
N,2389,9.237,20.921,0.0
N,2390,11.368,22.151,0.0
N,2391,10.658,23.382,0.0
N,2392,12.789,24.612,0.0
N,2393,11.368,24.612,0.0
N,2394,13.5,25.843,0.0
N,2395,12.789,27.074,0.0
N,2396,14.921,28.304,0.0
N,2397,13.5,28.304,0.0
N,2398,15.631,29.535,0.0
N,2399,14.921,30.766,0.0
N,2400,17.052,31.996,0.0
N,2401,15.631,31.996,0.0
N,2402,17.763,33.227,0.0
N,2403,17.052,34.457,0.0
N,2404,19.184,35.688,0.0
N,2405,17.763,35.688,0.0
N,2406,19.894,36.919,0.0
N,2408,21.315,39.38,0.0
N,2409,19.894,39.38,0.0
N,2410,22.026,40.611,0.0
N,2411,21.315,41.841,0.0
N,2412,23.447,43.072,0.0
N,2413,22.026,43.072,0.0
N,2414,24.157,44.302,0.0
N,2415,23.447,45.533,0.0
N,2416,25.578,46.764,0.0
N,2417,24.157,46.764,0.0
N,2418,26.289,47.994,0.0
N,2419,25.578,49.225,0.0
N,2420,27.71,50.456,0.0
N,2421,26.289,50.456,0.0
N,2422,28.42,51.686,0.0
N,2423,27.71,52.917,0.0
N,2424,29.841,54.147,0.0
N,2425,28.42,54.147,0.0
N,2426,30.552,55.378,0.0
N,2427,29.841,56.609,0.0
N,2428,31.973,57.839,0.0
N,2429,30.552,57.839,0.0
N,2430,32.683,59.07,0.0
N,2431,31.973,60.3,0.0
N,2432,34.104,61.531,0.0
N,2433,32.683,61.531,0.0
N,2434,34.815,62.762,0.0
N,2435,34.104,63.992,0.0
N,2436,36.236,65.223,0.0
N,2437,34.815,65.223,0.0
N,2438,36.946,66.454,0.0
N,2439,36.236,67.684,0.0
N,2440,36.946,68.915,0.0
N,2441,0.0,0.0,0.0
N,2442,2.132,1.231,0.0
N,2443,0.711,1.231,0.0
N,2444,2.842,2.461,0.0
N,2445,2.132,3.692,0.0
N,2446,4.263,4.922,0.0
N,2447,2.842,4.922,0.0
N,2448,4.974,6.153,0.0
N,2449,4.263,7.384,0.0
N,2450,6.395,8.614,0.0
N,2451,4.974,8.614,0.0
N,2452,7.105,9.845,0.0
N,2453,6.395,11.076,0.0
N,2454,8.526,12.306,0.0
N,2455,7.105,12.306,0.0
N,2456,9.237,13.537,0.0
N,2457,8.526,14.767,0.0
N,2458,10.658,15.998,0.0
N,2459,9.237,15.998,0.0
N,2460,11.368,17.229,0.0
N,2461,10.658,18.459,0.0
N,2462,12.789,19.69,0.0
N,2463,11.368,19.69,0.0
N,2464,13.5,20.921,0.0
N,2465,12.789,22.151,0.0
N,2466,14.921,23.382,0.0
N,2467,13.5,23.382,0.0
N,2468,15.631,24.612,0.0
N,2469,14.921,25.843,0.0
N,2470,17.052,27.074,0.0
N,2471,15.631,27.074,0.0
N,2472,17.763,28.304,0.0
N,2473,17.052,29.535,0.0
N,2474,19.184,30.766,0.0
N,2475,17.763,30.766,0.0
N,2476,19.894,31.996,0.0
N,2477,19.184,33.227,0.0
N,2478,21.315,34.457,0.0
N,2479,19.894,34.457,0.0
N,2480,22.026,35.688,0.0
N,2481,21.315,36.919,0.0
N,2482,23.447,38.149,0.0
N,2483,22.026,38.149,0.0
N,2484,24.157,39.38,0.0
N,2485,23.447,40.611,0.0
N,2486,25.578,41.841,0.0
N,2487,24.157,41.841,0.0
N,2488,26.289,43.072,0.0
N,2489,25.578,44.302,0.0
N,2490,27.71,45.533,0.0
N,2491,26.289,45.533,0.0
N,2492,28.42,46.764,0.0
N,2493,27.71,47.994,0.0
N,2494,29.841,49.225,0.0
N,2495,28.42,49.225,0.0
N,2496,30.552,50.456,0.0
N,2497,29.841,51.686,0.0
N,2498,31.973,52.917,0.0
N,2499,30.552,52.917,0.0
N,2500,32.683,54.147,0.0
N,2501,31.973,55.378,0.0
N,2502,34.104,56.609,0.0
N,2503,32.683,56.609,0.0
N,2504,34.815,57.839,0.0
N,2506,36.236,60.3,0.0
N,2507,34.815,60.3,0.0
N,2508,36.946,61.531,0.0
N,2509,36.236,62.762,0.0
N,2510,36.946,63.992,0.0
N,2511,4.263,0.0,0.0
N,2512,2.842,0.0,0.0
N,2513,4.974,1.231,0.0
N,2514,4.263,2.461,0.0
N,2515,6.395,3.692,0.0
N,2516,4.974,3.692,0.0
N,2517,7.105,4.922,0.0
N,2518,6.395,6.153,0.0
N,2519,8.526,7.384,0.0
N,2520,7.105,7.384,0.0
N,2521,9.237,8.614,0.0
N,2522,8.526,9.845,0.0
N,2523,10.658,11.076,0.0
N,2524,9.237,11.076,0.0
N,2525,11.368,12.306,0.0
N,2526,10.658,13.537,0.0
N,2527,12.789,14.767,0.0
N,2528,11.368,14.767,0.0
N,2529,13.5,15.998,0.0
N,2530,12.789,17.229,0.0
N,2531,14.921,18.459,0.0
N,2532,13.5,18.459,0.0
N,2533,15.631,19.69,0.0
N,2534,14.921,20.921,0.0
N,2535,17.052,22.151,0.0
N,2536,15.631,22.151,0.0
N,2537,17.763,23.382,0.0
N,2538,17.052,24.612,0.0
N,2539,19.184,25.843,0.0
N,2540,17.763,25.843,0.0
N,2541,19.894,27.074,0.0
N,2542,19.184,28.304,0.0
N,2543,21.315,29.535,0.0
N,2544,19.894,29.535,0.0
N,2545,22.026,30.766,0.0
N,2546,21.315,31.996,0.0
N,2547,23.447,33.227,0.0
N,2548,22.026,33.227,0.0
N,2549,24.157,34.457,0.0
N,2550,23.447,35.688,0.0
N,2551,25.578,36.919,0.0
N,2552,24.157,36.919,0.0
N,2553,26.289,38.149,0.0
N,2555,27.71,40.611,0.0
N,2556,26.289,40.611,0.0
N,2557,28.42,41.841,0.0
N,2558,27.71,43.072,0.0
N,2559,29.841,44.302,0.0
N,2560,28.42,44.302,0.0
N,2561,30.552,45.533,0.0
N,2562,29.841,46.764,0.0
N,2563,31.973,47.994,0.0
N,2564,30.552,47.994,0.0
N,2565,32.683,49.225,0.0
N,2566,31.973,50.456,0.0
N,2567,34.104,51.686,0.0
N,2568,32.683,51.686,0.0
N,2569,34.815,52.917,0.0
N,2570,34.104,54.147,0.0
N,2571,36.236,55.378,0.0
N,2572,34.815,55.378,0.0
N,2573,36.946,56.609,0.0
N,2574,36.236,57.839,0.0
N,2575,36.946,59.07,0.0
N,2576,7.105,0.0,0.0
N,2577,6.395,1.231,0.0
N,2578,8.526,2.461,0.0
N,2579,7.105,2.461,0.0
N,2580,9.237,3.692,0.0
N,2581,8.526,4.922,0.0
N,2582,10.658,6.153,0.0
N,2583,9.237,6.153,0.0
N,2584,11.368,7.384,0.0
N,2585,10.658,8.614,0.0
N,2586,12.789,9.845,0.0
N,2587,11.368,9.845,0.0
N,2588,13.5,11.076,0.0
N,2589,12.789,12.306,0.0
N,2590,14.921,13.537,0.0
N,2591,13.5,13.537,0.0
N,2592,15.631,14.767,0.0
N,2593,14.921,15.998,0.0
N,2594,17.052,17.229,0.0
N,2595,15.631,17.229,0.0
N,2596,17.763,18.459,0.0
N,2597,17.052,19.69,0.0
N,2598,19.184,20.921,0.0
N,2599,17.763,20.921,0.0
N,2600,19.894,22.151,0.0
N,2601,19.184,23.382,0.0
N,2602,21.315,24.612,0.0
N,2603,19.894,24.612,0.0
N,2604,22.026,25.843,0.0
N,2605,21.315,27.074,0.0
N,2606,23.447,28.304,0.0
N,2607,22.026,28.304,0.0
N,2608,24.157,29.535,0.0
N,2609,23.447,30.766,0.0
N,2610,25.578,31.996,0.0
N,2611,24.157,31.996,0.0
N,2612,26.289,33.227,0.0
N,2613,25.578,34.457,0.0
N,2614,27.71,35.688,0.0
N,2615,26.289,35.688,0.0
N,2616,28.42,36.919,0.0
N,2617,27.71,38.149,0.0
N,2618,29.841,39.38,0.0
N,2619,28.42,39.38,0.0
N,2620,30.552,40.611,0.0
N,2621,29.841,41.841,0.0
N,2622,31.973,43.072,0.0
N,2623,30.552,43.072,0.0
N,2624,32.683,44.302,0.0
N,2625,31.973,45.533,0.0
N,2626,34.104,46.764,0.0
N,2627,32.683,46.764,0.0
N,2628,34.815,47.994,0.0
N,2629,34.104,49.225,0.0
N,2630,36.236,50.456,0.0
N,2631,34.815,50.456,0.0
N,2632,36.946,51.686,0.0
N,2633,36.236,52.917,0.0
N,2634,36.946,54.147,0.0
N,2635,8.526,0.0,0.0
N,2636,10.658,1.231,0.0
N,2637,9.237,1.231,0.0
N,2638,11.368,2.461,0.0
N,2639,10.658,3.692,0.0
N,2640,12.789,4.922,0.0
N,2641,11.368,4.922,0.0
N,2642,13.5,6.153,0.0
N,2643,12.789,7.384,0.0
N,2644,14.921,8.614,0.0
N,2645,13.5,8.614,0.0
N,2646,15.631,9.845,0.0
N,2647,14.921,11.076,0.0
N,2648,17.052,12.306,0.0
N,2649,15.631,12.306,0.0
N,2650,17.763,13.537,0.0
N,2652,19.184,15.998,0.0
N,2653,17.763,15.998,0.0
N,2654,19.894,17.229,0.0
N,2655,19.184,18.459,0.0
N,2656,21.315,19.69,0.0
N,2657,19.894,19.69,0.0
N,2658,22.026,20.921,0.0
N,2659,21.315,22.151,0.0
N,2660,23.447,23.382,0.0
N,2661,22.026,23.382,0.0
N,2662,24.157,24.612,0.0
N,2663,23.447,25.843,0.0
N,2664,25.578,27.074,0.0
N,2665,24.157,27.074,0.0
N,2666,26.289,28.304,0.0
N,2667,25.578,29.535,0.0
N,2668,27.71,30.766,0.0
N,2669,26.289,30.766,0.0
N,2670,28.42,31.996,0.0
N,2671,27.71,33.227,0.0
N,2672,29.841,34.457,0.0
N,2673,28.42,34.457,0.0
N,2674,30.552,35.688,0.0
N,2675,29.841,36.919,0.0
N,2676,31.973,38.149,0.0
N,2677,30.552,38.149,0.0
N,2678,32.683,39.38,0.0
N,2679,31.973,40.611,0.0
N,2680,34.104,41.841,0.0
N,2681,32.683,41.841,0.0
N,2682,34.815,43.072,0.0
N,2683,34.104,44.302,0.0
N,2684,36.236,45.533,0.0
N,2685,34.815,45.533,0.0
N,2686,36.946,46.764,0.0
N,2687,36.236,47.994,0.0
N,2688,36.946,49.225,0.0
N,2689,12.789,0.0,0.0
N,2690,11.368,0.0,0.0
N,2691,13.5,1.231,0.0
N,2692,12.789,2.461,0.0
N,2693,14.921,3.692,0.0
N,2694,13.5,3.692,0.0
N,2695,15.631,4.922,0.0
N,2696,14.921,6.153,0.0
N,2697,17.052,7.384,0.0
N,2698,15.631,7.384,0.0
N,2699,17.763,8.614,0.0
N,2700,17.052,9.845,0.0
N,2701,19.184,11.076,0.0
N,2702,17.763,11.076,0.0
N,2703,19.894,12.306,0.0
N,2704,19.184,13.537,0.0
N,2705,21.315,14.767,0.0
N,2706,19.894,14.767,0.0
N,2707,22.026,15.998,0.0
N,2708,21.315,17.229,0.0
N,2709,23.447,18.459,0.0
N,2711,24.157,19.69,0.0
N,2712,23.447,20.921,0.0
N,2713,25.578,22.151,0.0
N,2714,24.157,22.151,0.0
N,2715,26.289,23.382,0.0
N,2716,25.578,24.612,0.0
N,2717,27.71,25.843,0.0
N,2718,26.289,25.843,0.0
N,2719,28.42,27.074,0.0
N,2720,27.71,28.304,0.0
N,2721,29.841,29.535,0.0
N,2722,28.42,29.535,0.0
N,2723,30.552,30.766,0.0
N,2724,29.841,31.996,0.0
N,2725,31.973,33.227,0.0
N,2726,30.552,33.227,0.0
N,2727,32.683,34.457,0.0
N,2728,31.973,35.688,0.0
N,2729,34.104,36.919,0.0
N,2730,32.683,36.919,0.0
N,2731,34.815,38.149,0.0
N,2732,34.104,39.38,0.0
N,2733,36.236,40.611,0.0
N,2734,34.815,40.611,0.0
N,2735,36.946,41.841,0.0
N,2736,36.236,43.072,0.0
N,2738,15.631,0.0,0.0
N,2739,14.921,1.231,0.0
N,2740,17.052,2.461,0.0
N,2741,15.631,2.461,0.0
N,2742,17.763,3.692,0.0
N,2743,17.052,4.922,0.0
N,2744,19.184,6.153,0.0
N,2745,17.763,6.153,0.0
N,2746,19.894,7.384,0.0
N,2747,19.184,8.614,0.0
N,2748,21.315,9.845,0.0
N,2749,19.894,9.845,0.0
N,2750,22.026,11.076,0.0
N,2751,21.315,12.306,0.0
N,2752,23.447,13.537,0.0
N,2753,22.026,13.537,0.0
N,2754,24.157,14.767,0.0
N,2755,23.447,15.998,0.0
N,2756,25.578,17.229,0.0
N,2757,24.157,17.229,0.0
N,2758,26.289,18.459,0.0
N,2759,25.578,19.69,0.0
N,2760,27.71,20.921,0.0
N,2761,26.289,20.921,0.0
N,2762,28.42,22.151,0.0
N,2763,27.71,23.382,0.0
N,2764,29.841,24.612,0.0
N,2765,28.42,24.612,0.0
N,2766,30.552,25.843,0.0
N,2767,29.841,27.074,0.0
N,2768,31.973,28.304,0.0
N,2769,30.552,28.304,0.0
N,2770,32.683,29.535,0.0
N,2771,31.973,30.766,0.0
N,2772,34.104,31.996,0.0
N,2773,32.683,31.996,0.0
N,2774,34.815,33.227,0.0
N,2775,34.104,34.457,0.0
N,2776,36.236,35.688,0.0
N,2777,34.815,35.688,0.0
N,2778,36.946,36.919,0.0
N,2779,36.236,38.149,0.0
N,2780,38.367,39.38,0.0
N,2781,36.946,39.38,0.0
N,2782,38.367,41.841,0.0
N,2783,17.052,0.0,0.0
N,2784,19.184,1.231,0.0
N,2785,17.763,1.231,0.0
N,2786,19.894,2.461,0.0
N,2787,19.184,3.692,0.0
N,2788,21.315,4.922,0.0
N,2789,19.894,4.922,0.0
N,2790,22.026,6.153,0.0
N,2791,21.315,7.384,0.0
N,2792,23.447,8.614,0.0
N,2793,22.026,8.614,0.0
N,2794,24.157,9.845,0.0
N,2795,23.447,11.076,0.0
N,2796,25.578,12.306,0.0
N,2797,24.157,12.306,0.0
N,2798,26.289,13.537,0.0
N,2799,25.578,14.767,0.0
N,2800,27.71,15.998,0.0
N,2801,26.289,15.998,0.0
N,2802,28.42,17.229,0.0
N,2803,27.71,18.459,0.0
N,2804,29.841,19.69,0.0
N,2805,28.42,19.69,0.0
N,2806,30.552,20.921,0.0
N,2807,29.841,22.151,0.0
N,2808,31.973,23.382,0.0
N,2809,30.552,23.382,0.0
N,2810,32.683,24.612,0.0
N,2811,31.973,25.843,0.0
N,2812,34.104,27.074,0.0
N,2813,32.683,27.074,0.0
N,2814,34.815,28.304,0.0
N,2815,34.104,29.535,0.0
N,2816,36.236,30.766,0.0
N,2817,34.815,30.766,0.0
N,2818,36.946,31.996,0.0
N,2819,36.236,33.227,0.0
N,2820,36.946,34.457,0.0
N,2821,38.367,36.919,0.0
N,2822,21.315,0.0,0.0
N,2823,19.894,0.0,0.0
N,2824,22.026,1.231,0.0
N,2825,21.315,2.461,0.0
N,2826,23.447,3.692,0.0
N,2827,22.026,3.692,0.0
N,2828,24.157,4.922,0.0
N,2829,23.447,6.153,0.0
N,2830,25.578,7.384,0.0
N,2831,24.157,7.384,0.0
N,2832,26.289,8.614,0.0
N,2833,25.578,9.845,0.0
N,2834,27.71,11.076,0.0
N,2835,26.289,11.076,0.0
N,2836,28.42,12.306,0.0
N,2837,27.71,13.537,0.0
N,2838,29.841,14.767,0.0
N,2839,28.42,14.767,0.0
N,2840,30.552,15.998,0.0
N,2842,31.973,18.459,0.0
N,2843,30.552,18.459,0.0
N,2844,32.683,19.69,0.0
N,2845,31.973,20.921,0.0
N,2846,34.104,22.151,0.0
N,2847,32.683,22.151,0.0
N,2848,34.815,23.382,0.0
N,2849,34.104,24.612,0.0
N,2850,36.236,25.843,0.0
N,2851,34.815,25.843,0.0
N,2852,36.946,27.074,0.0
N,2853,36.236,28.304,0.0
N,2854,36.946,29.535,0.0
N,2855,24.157,0.0,0.0
N,2856,23.447,1.231,0.0
N,2857,25.578,2.461,0.0
N,2859,26.289,3.692,0.0
N,2860,25.578,4.922,0.0
N,2861,27.71,6.153,0.0
N,2862,26.289,6.153,0.0
N,2863,28.42,7.384,0.0
N,2864,27.71,8.614,0.0
N,2865,29.841,9.845,0.0
N,2866,28.42,9.845,0.0
N,2867,30.552,11.076,0.0
N,2868,29.841,12.306,0.0
N,2869,31.973,13.537,0.0
N,2870,30.552,13.537,0.0
N,2871,32.683,14.767,0.0
N,2872,31.973,15.998,0.0
N,2873,34.104,17.229,0.0
N,2874,32.683,17.229,0.0
N,2875,34.815,18.459,0.0
N,2876,34.104,19.69,0.0
N,2877,36.236,20.921,0.0
N,2878,34.815,20.921,0.0
N,2879,36.946,22.151,0.0
N,2880,36.236,23.382,0.0
N,2881,36.946,24.612,0.0
N,2882,25.578,0.0,0.0
N,2883,27.71,1.231,0.0
N,2884,26.289,1.231,0.0
N,2885,28.42,2.461,0.0
N,2886,27.71,3.692,0.0
N,2887,29.841,4.922,0.0
N,2888,28.42,4.922,0.0
N,2889,30.552,6.153,0.0
N,2890,29.841,7.384,0.0
N,2891,31.973,8.614,0.0
N,2892,30.552,8.614,0.0
N,2893,32.683,9.845,0.0
N,2894,31.973,11.076,0.0
N,2895,34.104,12.306,0.0
N,2896,32.683,12.306,0.0
N,2897,34.815,13.537,0.0
N,2898,34.104,14.767,0.0
N,2899,36.236,15.998,0.0
N,2900,34.815,15.998,0.0
N,2901,36.946,17.229,0.0
N,2902,36.236,18.459,0.0
N,2903,36.946,19.69,0.0
N,2904,29.841,0.0,0.0
N,2905,28.42,0.0,0.0
N,2907,29.841,2.461,0.0
N,2908,31.973,3.692,0.0
N,2909,30.552,3.692,0.0
N,2910,32.683,4.922,0.0
N,2911,31.973,6.153,0.0
N,2912,34.104,7.384,0.0
N,2913,32.683,7.384,0.0
N,2914,34.815,8.614,0.0
N,2915,34.104,9.845,0.0
N,2916,36.236,11.076,0.0
N,2917,34.815,11.076,0.0
N,2918,36.946,12.306,0.0
N,2919,36.236,13.537,0.0
N,2920,38.367,14.767,0.0
N,2921,36.946,14.767,0.0
N,2922,38.367,17.229,0.0
N,2923,32.683,0.0,0.0
N,2924,31.973,1.231,0.0
N,2925,34.104,2.461,0.0
N,2926,32.683,2.461,0.0
N,2927,34.815,3.692,0.0
N,2928,34.104,4.922,0.0
N,2929,36.236,6.153,0.0
N,2930,34.815,6.153,0.0
N,2931,36.946,7.384,0.0
N,2932,36.236,8.614,0.0
N,2933,36.946,9.845,0.0
N,2934,34.104,0.0,0.0
N,2935,36.236,1.231,0.0
N,2936,34.815,1.231,0.0
N,2937,36.946,2.461,0.0
N,2938,36.236,3.692,0.0
N,2939,38.367,4.922,0.0
N,2940,36.946,4.922,0.0
N,2941,38.367,7.384,0.0
N,2942,36.946,0.0,0.0
