/PREP7
K, 1, 0.000, 199.816, 0.000
K, 2, 0.341, 190.949, 0.000
K, 3, 0.683, 192.328, 0.000
K, 4, 1.365, 195.087, 0.000
K, 5, 0.000, 194.693, 0.000
K, 6, 1.707, 196.466, 0.000
K, 7, 0.683, 197.451, 0.000
K, 8, 2.389, 199.225, 0.000
K, 9, 1.024, 198.831, 0.000
K, 10, 0.000, 179.322, 0.000
K, 11, 0.683, 182.081, 0.000
K, 12, 1.024, 183.460, 0.000
K, 13, 0.000, 184.446, 0.000
K, 14, 1.707, 186.219, 0.000
K, 15, 0.341, 185.825, 0.000
K, 16, 2.048, 187.599, 0.000
K, 17, 1.024, 188.584, 0.000
K, 18, 2.731, 190.357, 0.000
K, 19, 1.365, 189.963, 0.000
K, 20, 3.072, 191.737, 0.000
K, 21, 2.048, 192.722, 0.000
K, 22, 3.754, 194.496, 0.000
K, 23, 2.389, 194.101, 0.000
K, 24, 4.096, 195.875, 0.000
K, 25, 3.072, 196.860, 0.000
K, 26, 4.778, 198.634, 0.000
K, 27, 3.413, 198.240, 0.000
K, 28, 5.120, 200.013, 0.000
K, 29, 0.000, 169.075, 0.000
K, 30, 0.341, 170.455, 0.000
K, 31, 1.024, 173.213, 0.000
K, 32, 1.365, 174.593, 0.000
K, 33, 0.341, 175.578, 0.000
K, 34, 2.048, 177.352, 0.000
K, 35, 0.683, 176.957, 0.000
K, 36, 2.389, 178.731, 0.000
K, 37, 1.365, 179.716, 0.000
K, 38, 3.072, 181.490, 0.000
K, 39, 1.707, 181.096, 0.000
K, 40, 3.413, 182.869, 0.000
K, 41, 2.389, 183.854, 0.000
K, 42, 4.096, 185.628, 0.000
K, 43, 2.731, 185.234, 0.000
K, 44, 4.437, 187.007, 0.000
K, 45, 3.413, 187.993, 0.000
K, 46, 5.120, 189.766, 0.000
K, 47, 3.754, 189.372, 0.000
K, 48, 5.461, 191.146, 0.000
K, 49, 4.437, 192.131, 0.000
K, 50, 6.144, 193.904, 0.000
K, 51, 4.778, 193.510, 0.000
K, 52, 6.485, 195.284, 0.000
K, 53, 5.461, 196.269, 0.000
K, 54, 7.168, 198.043, 0.000
K, 55, 5.802, 197.648, 0.000
K, 56, 7.509, 199.422, 0.000
K, 57, 0.341, 160.208, 0.000
K, 58, 0.683, 161.587, 0.000
K, 59, 1.365, 164.346, 0.000
K, 60, 0.000, 163.952, 0.000
K, 61, 1.707, 165.725, 0.000
K, 62, 0.683, 166.710, 0.000
K, 63, 2.389, 168.484, 0.000
K, 64, 1.024, 168.090, 0.000
K, 65, 2.731, 169.863, 0.000
K, 66, 1.707, 170.849, 0.000
K, 67, 3.413, 172.622, 0.000
K, 68, 2.048, 172.228, 0.000
K, 69, 3.754, 174.002, 0.000
K, 70, 2.731, 174.987, 0.000
K, 71, 4.437, 176.760, 0.000
K, 72, 3.072, 176.366, 0.000
K, 73, 4.778, 178.140, 0.000
K, 74, 3.754, 179.125, 0.000
K, 75, 5.461, 180.899, 0.000
K, 76, 4.096, 180.505, 0.000
K, 77, 5.802, 182.278, 0.000
K, 78, 4.778, 183.263, 0.000
K, 79, 6.485, 185.037, 0.000
K, 80, 5.120, 184.643, 0.000
K, 81, 6.826, 186.416, 0.000
K, 82, 5.802, 187.401, 0.000
K, 83, 7.509, 189.175, 0.000
K, 84, 6.144, 188.781, 0.000
K, 85, 7.850, 190.554, 0.000
K, 86, 6.826, 191.540, 0.000
K, 87, 8.533, 193.313, 0.000
K, 88, 7.168, 192.919, 0.000
K, 89, 7.850, 195.678, 0.000
K, 90, 8.192, 197.057, 0.000
K, 91, 0.000, 148.581, 0.000
K, 92, 0.683, 151.340, 0.000
K, 93, 1.024, 152.719, 0.000
K, 94, 0.000, 153.705, 0.000
K, 95, 1.707, 155.478, 0.000
K, 96, 0.341, 155.084, 0.000
K, 97, 2.048, 156.858, 0.000
K, 98, 1.024, 157.843, 0.000
K, 99, 2.731, 159.616, 0.000
K, 100, 1.365, 159.222, 0.000
K, 101, 3.072, 160.996, 0.000
K, 102, 2.048, 161.981, 0.000
K, 103, 3.754, 163.755, 0.000
K, 104, 2.389, 163.361, 0.000
K, 105, 4.096, 165.134, 0.000
K, 106, 3.072, 166.119, 0.000
K, 107, 4.778, 167.893, 0.000
K, 108, 3.413, 167.499, 0.000
K, 109, 5.120, 169.272, 0.000
K, 110, 4.096, 170.258, 0.000
K, 111, 5.802, 172.031, 0.000
K, 112, 4.437, 171.637, 0.000
K, 113, 6.144, 173.410, 0.000
K, 114, 5.120, 174.396, 0.000
K, 115, 6.826, 176.169, 0.000
K, 116, 5.461, 175.775, 0.000
K, 117, 7.168, 177.549, 0.000
K, 118, 6.144, 178.534, 0.000
K, 119, 7.850, 180.307, 0.000
K, 120, 6.485, 179.913, 0.000
K, 121, 8.192, 181.687, 0.000
K, 122, 7.168, 182.672, 0.000
K, 123, 7.509, 184.052, 0.000
K, 124, 8.192, 186.810, 0.000
K, 125, 8.533, 188.190, 0.000
K, 126, 0.000, 138.334, 0.000
K, 127, 0.341, 139.714, 0.000
K, 128, 1.024, 142.472, 0.000
K, 129, 1.365, 143.852, 0.000
K, 130, 0.341, 144.837, 0.000
K, 131, 2.048, 146.611, 0.000
K, 132, 0.683, 146.217, 0.000
K, 133, 2.389, 147.990, 0.000
K, 134, 1.365, 148.975, 0.000
K, 135, 3.072, 150.749, 0.000
K, 136, 1.707, 150.355, 0.000
K, 137, 3.413, 152.128, 0.000
K, 138, 2.389, 153.114, 0.000
K, 139, 4.096, 154.887, 0.000
K, 140, 2.731, 154.493, 0.000
K, 141, 4.437, 156.266, 0.000
K, 142, 3.413, 157.252, 0.000
K, 143, 5.120, 159.025, 0.000
K, 144, 3.754, 158.631, 0.000
K, 145, 5.461, 160.405, 0.000
K, 146, 4.437, 161.390, 0.000
K, 147, 6.144, 163.163, 0.000
K, 148, 4.778, 162.769, 0.000
K, 149, 6.485, 164.543, 0.000
K, 150, 5.461, 165.528, 0.000
K, 151, 7.168, 167.302, 0.000
K, 152, 5.802, 166.908, 0.000
K, 153, 7.509, 168.681, 0.000
K, 154, 6.485, 169.666, 0.000
K, 155, 8.192, 171.440, 0.000
K, 156, 6.826, 171.046, 0.000
K, 157, 8.533, 172.819, 0.000
K, 158, 7.509, 173.805, 0.000
K, 159, 7.850, 175.184, 0.000
K, 160, 8.533, 177.943, 0.000
K, 161, 0.341, 129.467, 0.000
K, 162, 0.683, 130.846, 0.000
K, 163, 1.365, 133.605, 0.000
K, 164, 0.000, 133.211, 0.000
K, 165, 1.707, 134.984, 0.000
K, 166, 0.683, 135.970, 0.000
K, 167, 2.389, 137.743, 0.000
K, 168, 1.024, 137.349, 0.000
K, 169, 2.731, 139.122, 0.000
K, 170, 1.707, 140.108, 0.000
K, 171, 3.413, 141.881, 0.000
K, 172, 2.048, 141.487, 0.000
K, 173, 3.754, 143.261, 0.000
K, 174, 2.731, 144.246, 0.000
K, 175, 4.437, 146.019, 0.000
K, 176, 3.072, 145.625, 0.000
K, 177, 4.778, 147.399, 0.000
K, 178, 3.754, 148.384, 0.000
K, 179, 5.461, 150.158, 0.000
K, 180, 4.096, 149.764, 0.000
K, 181, 5.802, 151.537, 0.000
K, 182, 4.778, 152.522, 0.000
K, 183, 6.485, 154.296, 0.000
K, 184, 5.120, 153.902, 0.000
K, 185, 6.826, 155.675, 0.000
K, 186, 5.802, 156.661, 0.000
K, 187, 7.509, 158.434, 0.000
K, 188, 6.144, 158.040, 0.000
K, 189, 7.850, 159.813, 0.000
K, 190, 6.826, 160.799, 0.000
K, 191, 8.533, 162.572, 0.000
K, 192, 7.168, 162.178, 0.000
K, 193, 7.850, 164.937, 0.000
K, 194, 8.192, 166.316, 0.000
K, 195, 0.000, 117.840, 0.000
K, 196, 0.683, 120.599, 0.000
K, 197, 1.024, 121.978, 0.000
K, 198, 0.000, 122.964, 0.000
K, 199, 1.707, 124.737, 0.000
K, 200, 0.341, 124.343, 0.000
K, 201, 2.048, 126.117, 0.000
K, 202, 1.024, 127.102, 0.000
K, 203, 2.731, 128.875, 0.000
K, 204, 1.365, 128.481, 0.000
K, 205, 3.072, 130.255, 0.000
K, 206, 2.048, 131.240, 0.000
K, 207, 3.754, 133.014, 0.000
K, 208, 2.389, 132.620, 0.000
K, 209, 4.096, 134.393, 0.000
K, 210, 3.072, 135.378, 0.000
K, 211, 4.778, 137.152, 0.000
K, 212, 3.413, 136.758, 0.000
K, 213, 5.120, 138.531, 0.000
K, 214, 4.096, 139.517, 0.000
K, 215, 5.802, 141.290, 0.000
K, 216, 4.437, 140.896, 0.000
K, 217, 6.144, 142.669, 0.000
K, 218, 5.120, 143.655, 0.000
K, 219, 6.826, 145.428, 0.000
K, 220, 5.461, 145.034, 0.000
K, 221, 7.168, 146.808, 0.000
K, 222, 6.144, 147.793, 0.000
K, 223, 7.850, 149.567, 0.000
K, 224, 6.485, 149.172, 0.000
K, 225, 8.192, 150.946, 0.000
K, 226, 7.168, 151.931, 0.000
K, 227, 7.509, 153.311, 0.000
K, 228, 8.192, 156.069, 0.000
K, 229, 8.533, 157.449, 0.000
K, 230, 0.000, 107.593, 0.000
K, 231, 0.341, 108.973, 0.000
K, 232, 1.024, 111.732, 0.000
K, 233, 1.365, 113.111, 0.000
K, 234, 0.341, 114.096, 0.000
K, 235, 2.048, 115.870, 0.000
K, 236, 0.683, 115.476, 0.000
K, 237, 2.389, 117.249, 0.000
K, 238, 1.365, 118.234, 0.000
K, 239, 3.072, 120.008, 0.000
K, 240, 1.707, 119.614, 0.000
K, 241, 3.413, 121.387, 0.000
K, 242, 2.389, 122.373, 0.000
K, 243, 4.096, 124.146, 0.000
K, 244, 2.731, 123.752, 0.000
K, 245, 4.437, 125.526, 0.000
K, 246, 3.413, 126.511, 0.000
K, 247, 5.120, 128.284, 0.000
K, 248, 3.754, 127.890, 0.000
K, 249, 5.461, 129.664, 0.000
K, 250, 4.437, 130.649, 0.000
K, 251, 6.144, 132.423, 0.000
K, 252, 4.778, 132.028, 0.000
K, 253, 6.485, 133.802, 0.000
K, 254, 5.461, 134.787, 0.000
K, 255, 7.168, 136.561, 0.000
K, 256, 5.802, 136.167, 0.000
K, 257, 7.509, 137.940, 0.000
K, 258, 6.485, 138.925, 0.000
K, 259, 8.192, 140.699, 0.000
K, 260, 6.826, 140.305, 0.000
K, 261, 8.533, 142.078, 0.000
K, 262, 7.509, 143.064, 0.000
K, 263, 7.850, 144.443, 0.000
K, 264, 8.533, 147.202, 0.000
K, 265, 0.341, 98.726, 0.000
K, 266, 0.683, 100.105, 0.000
K, 267, 1.365, 102.864, 0.000
K, 268, 0.000, 102.470, 0.000
K, 269, 1.707, 104.243, 0.000
K, 270, 0.683, 105.229, 0.000
K, 271, 2.389, 107.002, 0.000
K, 272, 1.024, 106.608, 0.000
K, 273, 2.731, 108.382, 0.000
K, 274, 1.707, 109.367, 0.000
K, 275, 3.413, 111.140, 0.000
K, 276, 2.048, 110.746, 0.000
K, 277, 3.754, 112.520, 0.000
K, 278, 2.731, 113.505, 0.000
K, 279, 4.437, 115.279, 0.000
K, 280, 3.072, 114.884, 0.000
K, 281, 4.778, 116.658, 0.000
K, 282, 3.754, 117.643, 0.000
K, 283, 5.461, 119.417, 0.000
K, 284, 4.096, 119.023, 0.000
K, 285, 5.802, 120.796, 0.000
K, 286, 4.778, 121.781, 0.000
K, 287, 6.485, 123.555, 0.000
K, 288, 5.120, 123.161, 0.000
K, 289, 6.826, 124.934, 0.000
K, 290, 5.802, 125.920, 0.000
K, 291, 7.509, 127.693, 0.000
K, 292, 6.144, 127.299, 0.000
K, 293, 7.850, 129.073, 0.000
K, 294, 6.826, 130.058, 0.000
K, 295, 8.533, 131.831, 0.000
K, 296, 7.168, 131.437, 0.000
K, 297, 7.850, 134.196, 0.000
K, 298, 8.192, 135.575, 0.000
K, 299, 0.000, 87.099, 0.000
K, 300, 0.683, 89.858, 0.000
K, 301, 1.024, 91.238, 0.000
K, 302, 0.000, 92.223, 0.000
K, 303, 1.707, 93.996, 0.000
K, 304, 0.341, 93.602, 0.000
K, 305, 2.048, 95.376, 0.000
K, 306, 1.024, 96.361, 0.000
K, 307, 2.731, 98.135, 0.000
K, 308, 1.365, 97.740, 0.000
K, 309, 3.072, 99.514, 0.000
K, 310, 2.048, 100.499, 0.000
K, 311, 3.754, 102.273, 0.000
K, 312, 2.389, 101.879, 0.000
K, 313, 4.096, 103.652, 0.000
K, 314, 3.072, 104.637, 0.000
K, 315, 4.778, 106.411, 0.000
K, 316, 3.413, 106.017, 0.000
K, 317, 5.120, 107.790, 0.000
K, 318, 4.096, 108.776, 0.000
K, 319, 5.802, 110.549, 0.000
K, 320, 4.437, 110.155, 0.000
K, 321, 6.144, 111.929, 0.000
K, 322, 5.120, 112.914, 0.000
K, 323, 6.826, 114.687, 0.000
K, 324, 5.461, 114.293, 0.000
K, 325, 7.168, 116.067, 0.000
K, 326, 6.144, 117.052, 0.000
K, 327, 7.850, 118.826, 0.000
K, 328, 6.485, 118.431, 0.000
K, 329, 8.192, 120.205, 0.000
K, 330, 7.168, 121.190, 0.000
K, 331, 7.509, 122.570, 0.000
K, 332, 8.192, 125.328, 0.000
K, 333, 8.533, 126.708, 0.000
K, 334, 0.000, 76.852, 0.000
K, 335, 0.341, 78.232, 0.000
K, 336, 1.024, 80.991, 0.000
K, 337, 1.365, 82.370, 0.000
K, 338, 0.341, 83.355, 0.000
K, 339, 2.048, 85.129, 0.000
K, 340, 0.683, 84.735, 0.000
K, 341, 2.389, 86.508, 0.000
K, 342, 1.365, 87.493, 0.000
K, 343, 3.072, 89.267, 0.000
K, 344, 1.707, 88.873, 0.000
K, 345, 3.413, 90.646, 0.000
K, 346, 2.389, 91.632, 0.000
K, 347, 4.096, 93.405, 0.000
K, 348, 2.731, 93.011, 0.000
K, 349, 4.437, 94.785, 0.000
K, 350, 3.413, 95.770, 0.000
K, 351, 5.120, 97.543, 0.000
K, 352, 3.754, 97.149, 0.000
K, 353, 5.461, 98.923, 0.000
K, 354, 4.437, 99.908, 0.000
K, 355, 6.144, 101.682, 0.000
K, 356, 4.778, 101.287, 0.000
K, 357, 6.485, 103.061, 0.000
K, 358, 5.461, 104.046, 0.000
K, 359, 7.168, 105.820, 0.000
K, 360, 5.802, 105.426, 0.000
K, 361, 7.509, 107.199, 0.000
K, 362, 6.485, 108.184, 0.000
K, 363, 8.192, 109.958, 0.000
K, 364, 6.826, 109.564, 0.000
K, 365, 8.533, 111.337, 0.000
K, 366, 7.509, 112.323, 0.000
K, 367, 7.850, 113.702, 0.000
K, 368, 8.533, 116.461, 0.000
K, 369, 0.341, 67.985, 0.000
K, 370, 0.683, 69.364, 0.000
K, 371, 1.365, 72.123, 0.000
K, 372, 0.000, 71.729, 0.000
K, 373, 1.707, 73.502, 0.000
K, 374, 0.683, 74.488, 0.000
K, 375, 2.389, 76.261, 0.000
K, 376, 1.024, 75.867, 0.000
K, 377, 2.731, 77.641, 0.000
K, 378, 1.707, 78.626, 0.000
K, 379, 3.413, 80.399, 0.000
K, 380, 2.048, 80.005, 0.000
K, 381, 3.754, 81.779, 0.000
K, 382, 2.731, 82.764, 0.000
K, 383, 4.437, 84.538, 0.000
K, 384, 3.072, 84.143, 0.000
K, 385, 4.778, 85.917, 0.000
K, 386, 3.754, 86.902, 0.000
K, 387, 5.461, 88.676, 0.000
K, 388, 4.096, 88.282, 0.000
K, 389, 5.802, 90.055, 0.000
K, 390, 4.778, 91.040, 0.000
K, 391, 6.485, 92.814, 0.000
K, 392, 5.120, 92.420, 0.000
K, 393, 6.826, 94.193, 0.000
K, 394, 5.802, 95.179, 0.000
K, 395, 7.509, 96.952, 0.000
K, 396, 6.144, 96.558, 0.000
K, 397, 7.850, 98.332, 0.000
K, 398, 6.826, 99.317, 0.000
K, 399, 8.533, 101.090, 0.000
K, 400, 7.168, 100.696, 0.000
K, 401, 7.850, 103.455, 0.000
K, 402, 8.192, 104.834, 0.000
K, 403, 0.000, 56.358, 0.000
K, 404, 0.683, 59.117, 0.000
K, 405, 1.024, 60.497, 0.000
K, 406, 0.000, 61.482, 0.000
K, 407, 1.707, 63.255, 0.000
K, 408, 0.341, 62.861, 0.000
K, 409, 2.048, 64.635, 0.000
K, 410, 1.024, 65.620, 0.000
K, 411, 2.731, 67.394, 0.000
K, 412, 1.365, 66.999, 0.000
K, 413, 3.072, 68.773, 0.000
K, 414, 2.048, 69.758, 0.000
K, 415, 3.754, 71.532, 0.000
K, 416, 2.389, 71.138, 0.000
K, 417, 4.096, 72.911, 0.000
K, 418, 3.072, 73.896, 0.000
K, 419, 4.778, 75.670, 0.000
K, 420, 3.413, 75.276, 0.000
K, 421, 5.120, 77.049, 0.000
K, 422, 4.096, 78.035, 0.000
K, 423, 5.802, 79.808, 0.000
K, 424, 4.437, 79.414, 0.000
K, 425, 6.144, 81.188, 0.000
K, 426, 5.120, 82.173, 0.000
K, 427, 6.826, 83.946, 0.000
K, 428, 5.461, 83.552, 0.000
K, 429, 7.168, 85.326, 0.000
K, 430, 6.144, 86.311, 0.000
K, 431, 7.850, 88.085, 0.000
K, 432, 6.485, 87.690, 0.000
K, 433, 8.192, 89.464, 0.000
K, 434, 7.168, 90.449, 0.000
K, 435, 7.509, 91.829, 0.000
K, 436, 8.192, 94.587, 0.000
K, 437, 8.533, 95.967, 0.000
K, 438, 0.000, 46.111, 0.000
K, 439, 0.341, 47.491, 0.000
K, 440, 1.024, 50.250, 0.000
K, 441, 1.365, 51.629, 0.000
K, 442, 0.341, 52.614, 0.000
K, 443, 2.048, 54.388, 0.000
K, 444, 0.683, 53.994, 0.000
K, 445, 2.389, 55.767, 0.000
K, 446, 1.365, 56.752, 0.000
K, 447, 3.072, 58.526, 0.000
K, 448, 1.707, 58.132, 0.000
K, 449, 3.413, 59.905, 0.000
K, 450, 2.389, 60.891, 0.000
K, 451, 4.096, 62.664, 0.000
K, 452, 2.731, 62.270, 0.000
K, 453, 4.437, 64.044, 0.000
K, 454, 3.413, 65.029, 0.000
K, 455, 5.120, 66.802, 0.000
K, 456, 3.754, 66.408, 0.000
K, 457, 5.461, 68.182, 0.000
K, 458, 4.437, 69.167, 0.000
K, 459, 6.144, 70.941, 0.000
K, 460, 4.778, 70.546, 0.000
K, 461, 6.485, 72.320, 0.000
K, 462, 5.461, 73.305, 0.000
K, 463, 7.168, 75.079, 0.000
K, 464, 5.802, 74.685, 0.000
K, 465, 7.509, 76.458, 0.000
K, 466, 6.485, 77.444, 0.000
K, 467, 8.192, 79.217, 0.000
K, 468, 6.826, 78.823, 0.000
K, 469, 8.533, 80.596, 0.000
K, 470, 7.509, 81.582, 0.000
K, 471, 7.850, 82.961, 0.000
K, 472, 8.533, 85.720, 0.000
K, 473, 0.341, 37.244, 0.000
K, 474, 0.683, 38.623, 0.000
K, 475, 1.365, 41.382, 0.000
K, 476, 0.000, 40.988, 0.000
K, 477, 1.707, 42.761, 0.000
K, 478, 0.683, 43.747, 0.000
K, 479, 2.389, 45.520, 0.000
K, 480, 1.024, 45.126, 0.000
K, 481, 2.731, 46.900, 0.000
K, 482, 1.707, 47.885, 0.000
K, 483, 3.413, 49.658, 0.000
K, 484, 2.048, 49.264, 0.000
K, 485, 3.754, 51.038, 0.000
K, 486, 2.731, 52.023, 0.000
K, 487, 4.437, 53.797, 0.000
K, 488, 3.072, 53.403, 0.000
K, 489, 4.778, 55.176, 0.000
K, 490, 3.754, 56.161, 0.000
K, 491, 5.461, 57.935, 0.000
K, 492, 4.096, 57.541, 0.000
K, 493, 5.802, 59.314, 0.000
K, 494, 4.778, 60.300, 0.000
K, 495, 6.485, 62.073, 0.000
K, 496, 5.120, 61.679, 0.000
K, 497, 6.826, 63.452, 0.000
K, 498, 5.802, 64.438, 0.000
K, 499, 7.509, 66.211, 0.000
K, 500, 6.144, 65.817, 0.000
K, 501, 7.850, 67.591, 0.000
K, 502, 6.826, 68.576, 0.000
K, 503, 8.533, 70.349, 0.000
K, 504, 7.168, 69.955, 0.000
K, 505, 7.850, 72.714, 0.000
K, 506, 8.192, 74.094, 0.000
K, 507, 0.000, 25.617, 0.000
K, 508, 0.683, 28.376, 0.000
K, 509, 1.024, 29.756, 0.000
K, 510, 0.000, 30.741, 0.000
K, 511, 1.707, 32.514, 0.000
K, 512, 0.341, 32.120, 0.000
K, 513, 2.048, 33.894, 0.000
K, 514, 1.024, 34.879, 0.000
K, 515, 2.731, 36.653, 0.000
K, 516, 1.365, 36.259, 0.000
K, 517, 3.072, 38.032, 0.000
K, 518, 2.048, 39.017, 0.000
K, 519, 3.754, 40.791, 0.000
K, 520, 2.389, 40.397, 0.000
K, 521, 4.096, 42.170, 0.000
K, 522, 3.072, 43.156, 0.000
K, 523, 4.778, 44.929, 0.000
K, 524, 3.413, 44.535, 0.000
K, 525, 5.120, 46.308, 0.000
K, 526, 4.096, 47.294, 0.000
K, 527, 5.802, 49.067, 0.000
K, 528, 4.437, 48.673, 0.000
K, 529, 6.144, 50.447, 0.000
K, 530, 5.120, 51.432, 0.000
K, 531, 6.826, 53.205, 0.000
K, 532, 5.461, 52.811, 0.000
K, 533, 7.168, 54.585, 0.000
K, 534, 6.144, 55.570, 0.000
K, 535, 7.850, 57.344, 0.000
K, 536, 6.485, 56.950, 0.000
K, 537, 8.192, 58.723, 0.000
K, 538, 7.168, 59.708, 0.000
K, 539, 7.509, 61.088, 0.000
K, 540, 8.192, 63.847, 0.000
K, 541, 8.533, 65.226, 0.000
K, 542, 0.000, 15.370, 0.000
K, 543, 0.341, 16.750, 0.000
K, 544, 1.024, 19.509, 0.000
K, 545, 1.365, 20.888, 0.000
K, 546, 0.341, 21.873, 0.000
K, 547, 2.048, 23.647, 0.000
K, 548, 0.683, 23.253, 0.000
K, 549, 2.389, 25.026, 0.000
K, 550, 1.365, 26.012, 0.000
K, 551, 3.072, 27.785, 0.000
K, 552, 1.707, 27.391, 0.000
K, 553, 3.413, 29.164, 0.000
K, 554, 2.389, 30.150, 0.000
K, 555, 4.096, 31.923, 0.000
K, 556, 2.731, 31.529, 0.000
K, 557, 4.437, 33.303, 0.000
K, 558, 3.413, 34.288, 0.000
K, 559, 5.120, 36.061, 0.000
K, 560, 3.754, 35.667, 0.000
K, 561, 5.461, 37.441, 0.000
K, 562, 4.437, 38.426, 0.000
K, 563, 6.144, 40.200, 0.000
K, 564, 4.778, 39.806, 0.000
K, 565, 6.485, 41.579, 0.000
K, 566, 5.461, 42.564, 0.000
K, 567, 7.168, 44.338, 0.000
K, 568, 5.802, 43.944, 0.000
K, 569, 7.509, 45.717, 0.000
K, 570, 6.485, 46.703, 0.000
K, 571, 8.192, 48.476, 0.000
K, 572, 6.826, 48.082, 0.000
K, 573, 8.533, 49.855, 0.000
K, 574, 7.509, 50.841, 0.000
K, 575, 7.850, 52.220, 0.000
K, 576, 8.533, 54.979, 0.000
K, 577, 0.341, 6.503, 0.000
K, 578, 0.683, 7.882, 0.000
K, 579, 1.365, 10.641, 0.000
K, 580, 0.000, 10.247, 0.000
K, 581, 1.707, 12.020, 0.000
K, 582, 0.683, 13.006, 0.000
K, 583, 2.389, 14.779, 0.000
K, 584, 1.024, 14.385, 0.000
K, 585, 2.731, 16.159, 0.000
K, 586, 1.707, 17.144, 0.000
K, 587, 3.413, 18.918, 0.000
K, 588, 2.048, 18.523, 0.000
K, 589, 3.754, 20.297, 0.000
K, 590, 2.731, 21.282, 0.000
K, 591, 4.437, 23.056, 0.000
K, 592, 3.072, 22.662, 0.000
K, 593, 4.778, 24.435, 0.000
K, 594, 3.754, 25.420, 0.000
K, 595, 5.461, 27.194, 0.000
K, 596, 4.096, 26.800, 0.000
K, 597, 5.802, 28.573, 0.000
K, 598, 4.778, 29.559, 0.000
K, 599, 6.485, 31.332, 0.000
K, 600, 5.120, 30.938, 0.000
K, 601, 6.826, 32.712, 0.000
K, 602, 5.802, 33.697, 0.000
K, 603, 7.509, 35.470, 0.000
K, 604, 6.144, 35.076, 0.000
K, 605, 7.850, 36.850, 0.000
K, 606, 6.826, 37.835, 0.000
K, 607, 8.533, 39.609, 0.000
K, 608, 7.168, 39.214, 0.000
K, 609, 7.850, 41.973, 0.000
K, 610, 8.192, 43.353, 0.000
K, 611, 0.000, 0.000, 0.000
K, 612, 1.707, 1.774, 0.000
K, 613, 0.341, 1.379, 0.000
K, 614, 2.048, 3.153, 0.000
K, 615, 1.024, 4.138, 0.000
K, 616, 2.731, 5.912, 0.000
K, 617, 1.365, 5.518, 0.000
K, 618, 3.072, 7.291, 0.000
K, 619, 2.048, 8.276, 0.000
K, 620, 3.754, 10.050, 0.000
K, 621, 2.389, 9.656, 0.000
K, 622, 4.096, 11.429, 0.000
K, 623, 3.072, 12.415, 0.000
K, 624, 4.778, 14.188, 0.000
K, 625, 3.413, 13.794, 0.000
K, 626, 5.120, 15.568, 0.000
K, 627, 4.096, 16.553, 0.000
K, 628, 5.802, 18.326, 0.000
K, 629, 4.437, 17.932, 0.000
K, 630, 6.144, 19.706, 0.000
K, 631, 5.120, 20.691, 0.000
K, 632, 6.826, 22.465, 0.000
K, 633, 5.461, 22.070, 0.000
K, 634, 7.168, 23.844, 0.000
K, 635, 6.144, 24.829, 0.000
K, 636, 7.850, 26.603, 0.000
K, 637, 6.485, 26.209, 0.000
K, 638, 8.192, 27.982, 0.000
K, 639, 7.168, 28.967, 0.000
K, 640, 7.509, 30.347, 0.000
K, 641, 8.192, 33.106, 0.000
K, 642, 8.533, 34.485, 0.000
K, 643, 4.096, 1.182, 0.000
K, 644, 2.731, 0.788, 0.000
K, 645, 4.437, 2.562, 0.000
K, 646, 3.413, 3.547, 0.000
K, 647, 5.120, 5.321, 0.000
K, 648, 3.754, 4.926, 0.000
K, 649, 5.461, 6.700, 0.000
K, 650, 4.437, 7.685, 0.000
K, 651, 6.144, 9.459, 0.000
K, 652, 4.778, 9.065, 0.000
K, 653, 6.485, 10.838, 0.000
K, 654, 5.461, 11.823, 0.000
K, 655, 7.168, 13.597, 0.000
K, 656, 5.802, 13.203, 0.000
K, 657, 7.509, 14.976, 0.000
K, 658, 6.485, 15.962, 0.000
K, 659, 8.192, 17.735, 0.000
K, 660, 6.826, 17.341, 0.000
K, 661, 8.533, 19.115, 0.000
K, 662, 7.509, 20.100, 0.000
K, 663, 7.850, 21.479, 0.000
K, 664, 8.533, 24.238, 0.000
K, 665, 6.485, 0.591, 0.000
K, 666, 5.120, 0.197, 0.000
K, 667, 6.826, 1.971, 0.000
K, 668, 5.802, 2.956, 0.000
K, 669, 7.509, 4.729, 0.000
K, 670, 6.144, 4.335, 0.000
K, 671, 7.850, 6.109, 0.000
K, 672, 6.826, 7.094, 0.000
K, 673, 8.533, 8.868, 0.000
K, 674, 7.168, 8.473, 0.000
K, 675, 7.850, 11.232, 0.000
K, 676, 8.192, 12.612, 0.000
K, 677, 8.192, 2.365, 0.000
K, 678, 8.533, 3.744, 0.000
L, 1, 9
L, 2, 3
L, 2, 19
L, 3, 2
L, 3, 21
L, 4, 5
L, 4, 6
L, 5, 4
L, 6, 4
L, 6, 7
L, 7, 6
L, 7, 9
L, 8, 9
L, 8, 27
L, 9, 1
L, 9, 7
L, 10, 37
L, 11, 12
L, 11, 39
L, 12, 11
L, 12, 13
L, 13, 12
L, 13, 15
L, 14, 15
L, 14, 16
L, 15, 13
L, 15, 14
L, 16, 14
L, 16, 17
L, 17, 16
L, 17, 19
L, 18, 19
L, 18, 20
L, 19, 2
L, 19, 17
L, 20, 18
L, 20, 21
L, 21, 3
L, 21, 20
L, 22, 23
L, 22, 24
L, 23, 4
L, 23, 21
L, 24, 22
L, 24, 25
L, 25, 6
L, 25, 24
L, 26, 27
L, 26, 28
L, 27, 8
L, 27, 25
L, 28, 26
L, 29, 30
L, 29, 64
L, 30, 29
L, 30, 66
L, 31, 32
L, 31, 68
L, 32, 31
L, 32, 33
L, 33, 32
L, 33, 35
L, 34, 35
L, 34, 36
L, 35, 33
L, 35, 34
L, 36, 34
L, 36, 37
L, 37, 10
L, 37, 36
L, 38, 39
L, 38, 40
L, 39, 11
L, 39, 37
L, 40, 38
L, 40, 41
L, 41, 12
L, 41, 40
L, 42, 43
L, 42, 44
L, 43, 14
L, 43, 41
L, 44, 42
L, 44, 45
L, 45, 16
L, 45, 44
L, 46, 47
L, 46, 48
L, 47, 18
L, 47, 45
L, 48, 46
L, 48, 49
L, 49, 20
L, 49, 48
L, 50, 51
L, 50, 52
L, 51, 22
L, 51, 49
L, 52, 50
L, 52, 53
L, 53, 24
L, 53, 52
L, 54, 55
L, 54, 56
L, 55, 26
L, 55, 53
L, 56, 54
L, 57, 58
L, 57, 100
L, 58, 57
L, 58, 102
L, 59, 60
L, 59, 61
L, 60, 59
L, 61, 59
L, 61, 62
L, 62, 61
L, 62, 64
L, 63, 64
L, 63, 65
L, 64, 29
L, 64, 62
L, 65, 63
L, 65, 66
L, 66, 30
L, 66, 65
L, 67, 68
L, 67, 69
L, 68, 31
L, 68, 66
L, 69, 67
L, 69, 70
L, 70, 32
L, 70, 69
L, 71, 72
L, 71, 73
L, 72, 34
L, 72, 70
L, 73, 71
L, 73, 74
L, 74, 36
L, 74, 73
L, 75, 76
L, 75, 77
L, 76, 38
L, 76, 74
L, 77, 75
L, 77, 78
L, 78, 40
L, 78, 77
L, 79, 80
L, 79, 81
L, 80, 42
L, 80, 78
L, 81, 79
L, 81, 82
L, 82, 44
L, 82, 81
L, 83, 84
L, 83, 85
L, 84, 46
L, 84, 82
L, 85, 83
L, 85, 86
L, 86, 48
L, 86, 85
L, 87, 88
L, 88, 50
L, 88, 86
L, 89, 52
L, 89, 90
L, 90, 54
L, 90, 89
L, 91, 134
L, 92, 93
L, 92, 136
L, 93, 92
L, 93, 94
L, 94, 93
L, 94, 96
L, 95, 96
L, 95, 97
L, 96, 94
L, 96, 95
L, 97, 95
L, 97, 98
L, 98, 97
L, 98, 100
L, 99, 100
L, 99, 101
L, 100, 57
L, 100, 98
L, 101, 99
L, 101, 102
L, 102, 58
L, 102, 101
L, 103, 104
L, 103, 105
L, 104, 59
L, 104, 102
L, 105, 103
L, 105, 106
L, 106, 61
L, 106, 105
L, 107, 108
L, 107, 109
L, 108, 63
L, 108, 106
L, 109, 107
L, 109, 110
L, 110, 65
L, 110, 109
L, 111, 112
L, 111, 113
L, 112, 67
L, 112, 110
L, 113, 111
L, 113, 114
L, 114, 69
L, 114, 113
L, 115, 116
L, 115, 117
L, 116, 71
L, 116, 114
L, 117, 115
L, 117, 118
L, 118, 73
L, 118, 117
L, 119, 120
L, 119, 121
L, 120, 75
L, 120, 118
L, 121, 119
L, 121, 122
L, 122, 77
L, 122, 121
L, 123, 79
L, 123, 122
L, 124, 81
L, 124, 125
L, 125, 83
L, 125, 124
L, 126, 127
L, 126, 168
L, 127, 126
L, 127, 170
L, 128, 129
L, 128, 172
L, 129, 128
L, 129, 130
L, 130, 129
L, 130, 132
L, 131, 132
L, 131, 133
L, 132, 130
L, 132, 131
L, 133, 131
L, 133, 134
L, 134, 91
L, 134, 133
L, 135, 136
L, 135, 137
L, 136, 92
L, 136, 134
L, 137, 135
L, 137, 138
L, 138, 93
L, 138, 137
L, 139, 140
L, 139, 141
L, 140, 95
L, 140, 138
L, 141, 139
L, 141, 142
L, 142, 97
L, 142, 141
L, 143, 144
L, 143, 145
L, 144, 99
L, 144, 142
L, 145, 143
L, 145, 146
L, 146, 101
L, 146, 145
L, 147, 148
L, 147, 149
L, 148, 103
L, 148, 146
L, 149, 147
L, 149, 150
L, 150, 105
L, 150, 149
L, 151, 152
L, 151, 153
L, 152, 107
L, 152, 150
L, 153, 151
L, 153, 154
L, 154, 109
L, 154, 153
L, 155, 156
L, 155, 157
L, 156, 111
L, 156, 154
L, 157, 155
L, 157, 158
L, 158, 113
L, 158, 157
L, 159, 115
L, 159, 158
L, 160, 117
L, 161, 162
L, 161, 204
L, 162, 161
L, 162, 206
L, 163, 164
L, 163, 165
L, 164, 163
L, 165, 163
L, 165, 166
L, 166, 165
L, 166, 168
L, 167, 168
L, 167, 169
L, 168, 126
L, 168, 166
L, 169, 167
L, 169, 170
L, 170, 127
L, 170, 169
L, 171, 172
L, 171, 173
L, 172, 128
L, 172, 170
L, 173, 171
L, 173, 174
L, 174, 129
L, 174, 173
L, 175, 176
L, 175, 177
L, 176, 131
L, 176, 174
L, 177, 175
L, 177, 178
L, 178, 133
L, 178, 177
L, 179, 180
L, 179, 181
L, 180, 135
L, 180, 178
L, 181, 179
L, 181, 182
L, 182, 137
L, 182, 181
L, 183, 184
L, 183, 185
L, 184, 139
L, 184, 182
L, 185, 183
L, 185, 186
L, 186, 141
L, 186, 185
L, 187, 188
L, 187, 189
L, 188, 143
L, 188, 186
L, 189, 187
L, 189, 190
L, 190, 145
L, 190, 189
L, 191, 192
L, 192, 147
L, 192, 190
L, 193, 149
L, 193, 194
L, 194, 151
L, 194, 193
L, 195, 238
L, 196, 197
L, 196, 240
L, 197, 196
L, 197, 198
L, 198, 197
L, 198, 200
L, 199, 200
L, 199, 201
L, 200, 198
L, 200, 199
L, 201, 199
L, 201, 202
L, 202, 201
L, 202, 204
L, 203, 204
L, 203, 205
L, 204, 161
L, 204, 202
L, 205, 203
L, 205, 206
L, 206, 162
L, 206, 205
L, 207, 208
L, 207, 209
L, 208, 163
L, 208, 206
L, 209, 207
L, 209, 210
L, 210, 165
L, 210, 209
L, 211, 212
L, 211, 213
L, 212, 167
L, 212, 210
L, 213, 211
L, 213, 214
L, 214, 169
L, 214, 213
L, 215, 216
L, 215, 217
L, 216, 171
L, 216, 214
L, 217, 215
L, 217, 218
L, 218, 173
L, 218, 217
L, 219, 220
L, 219, 221
L, 220, 175
L, 220, 218
L, 221, 219
L, 221, 222
L, 222, 177
L, 222, 221
L, 223, 224
L, 223, 225
L, 224, 179
L, 224, 222
L, 225, 223
L, 225, 226
L, 226, 181
L, 226, 225
L, 227, 183
L, 227, 226
L, 228, 185
L, 228, 229
L, 229, 187
L, 229, 228
L, 230, 231
L, 230, 272
L, 231, 230
L, 231, 274
L, 232, 233
L, 232, 276
L, 233, 232
L, 233, 234
L, 234, 233
L, 234, 236
L, 235, 236
L, 235, 237
L, 236, 234
L, 236, 235
L, 237, 235
L, 237, 238
L, 238, 195
L, 238, 237
L, 239, 240
L, 239, 241
L, 240, 196
L, 240, 238
L, 241, 239
L, 241, 242
L, 242, 197
L, 242, 241
L, 243, 244
L, 243, 245
L, 244, 199
L, 244, 242
L, 245, 243
L, 245, 246
L, 246, 201
L, 246, 245
L, 247, 248
L, 247, 249
L, 248, 203
L, 248, 246
L, 249, 247
L, 249, 250
L, 250, 205
L, 250, 249
L, 251, 252
L, 251, 253
L, 252, 207
L, 252, 250
L, 253, 251
L, 253, 254
L, 254, 209
L, 254, 253
L, 255, 256
L, 255, 257
L, 256, 211
L, 256, 254
L, 257, 255
L, 257, 258
L, 258, 213
L, 258, 257
L, 259, 260
L, 259, 261
L, 260, 215
L, 260, 258
L, 261, 259
L, 261, 262
L, 262, 217
L, 262, 261
L, 263, 219
L, 263, 262
L, 264, 221
L, 265, 266
L, 265, 308
L, 266, 265
L, 266, 310
L, 267, 268
L, 267, 269
L, 268, 267
L, 269, 267
L, 269, 270
L, 270, 269
L, 270, 272
L, 271, 272
L, 271, 273
L, 272, 230
L, 272, 270
L, 273, 271
L, 273, 274
L, 274, 231
L, 274, 273
L, 275, 276
L, 275, 277
L, 276, 232
L, 276, 274
L, 277, 275
L, 277, 278
L, 278, 233
L, 278, 277
L, 279, 280
L, 279, 281
L, 280, 235
L, 280, 278
L, 281, 279
L, 281, 282
L, 282, 237
L, 282, 281
L, 283, 284
L, 283, 285
L, 284, 239
L, 284, 282
L, 285, 283
L, 285, 286
L, 286, 241
L, 286, 285
L, 287, 288
L, 287, 289
L, 288, 243
L, 288, 286
L, 289, 287
L, 289, 290
L, 290, 245
L, 290, 289
L, 291, 292
L, 291, 293
L, 292, 247
L, 292, 290
L, 293, 291
L, 293, 294
L, 294, 249
L, 294, 293
L, 295, 296
L, 296, 251
L, 296, 294
L, 297, 253
L, 297, 298
L, 298, 255
L, 298, 297
L, 299, 342
L, 300, 301
L, 300, 344
L, 301, 300
L, 301, 302
L, 302, 301
L, 302, 304
L, 303, 304
L, 303, 305
L, 304, 302
L, 304, 303
L, 305, 303
L, 305, 306
L, 306, 305
L, 306, 308
L, 307, 308
L, 307, 309
L, 308, 265
L, 308, 306
L, 309, 307
L, 309, 310
L, 310, 266
L, 310, 309
L, 311, 312
L, 311, 313
L, 312, 267
L, 312, 310
L, 313, 311
L, 313, 314
L, 314, 269
L, 314, 313
L, 315, 316
L, 315, 317
L, 316, 271
L, 316, 314
L, 317, 315
L, 317, 318
L, 318, 273
L, 318, 317
L, 319, 320
L, 319, 321
L, 320, 275
L, 320, 318
L, 321, 319
L, 321, 322
L, 322, 277
L, 322, 321
L, 323, 324
L, 323, 325
L, 324, 279
L, 324, 322
L, 325, 323
L, 325, 326
L, 326, 281
L, 326, 325
L, 327, 328
L, 327, 329
L, 328, 283
L, 328, 326
L, 329, 327
L, 329, 330
L, 330, 285
L, 330, 329
L, 331, 287
L, 331, 330
L, 332, 289
L, 332, 333
L, 333, 291
L, 333, 332
L, 334, 335
L, 334, 376
L, 335, 334
L, 335, 378
L, 336, 337
L, 336, 380
L, 337, 336
L, 337, 338
L, 338, 337
L, 338, 340
L, 339, 340
L, 339, 341
L, 340, 338
L, 340, 339
L, 341, 339
L, 341, 342
L, 342, 299
L, 342, 341
L, 343, 344
L, 343, 345
L, 344, 300
L, 344, 342
L, 345, 343
L, 345, 346
L, 346, 301
L, 346, 345
L, 347, 348
L, 347, 349
L, 348, 303
L, 348, 346
L, 349, 347
L, 349, 350
L, 350, 305
L, 350, 349
L, 351, 352
L, 351, 353
L, 352, 307
L, 352, 350
L, 353, 351
L, 353, 354
L, 354, 309
L, 354, 353
L, 355, 356
L, 355, 357
L, 356, 311
L, 356, 354
L, 357, 355
L, 357, 358
L, 358, 313
L, 358, 357
L, 359, 360
L, 359, 361
L, 360, 315
L, 360, 358
L, 361, 359
L, 361, 362
L, 362, 317
L, 362, 361
L, 363, 364
L, 363, 365
L, 364, 319
L, 364, 362
L, 365, 363
L, 365, 366
L, 366, 321
L, 366, 365
L, 367, 323
L, 367, 366
L, 368, 325
L, 369, 370
L, 369, 412
L, 370, 369
L, 370, 414
L, 371, 372
L, 371, 373
L, 372, 371
L, 373, 371
L, 373, 374
L, 374, 373
L, 374, 376
L, 375, 376
L, 375, 377
L, 376, 334
L, 376, 374
L, 377, 375
L, 377, 378
L, 378, 335
L, 378, 377
L, 379, 380
L, 379, 381
L, 380, 336
L, 380, 378
L, 381, 379
L, 381, 382
L, 382, 337
L, 382, 381
L, 383, 384
L, 383, 385
L, 384, 339
L, 384, 382
L, 385, 383
L, 385, 386
L, 386, 341
L, 386, 385
L, 387, 388
L, 387, 389
L, 388, 343
L, 388, 386
L, 389, 387
L, 389, 390
L, 390, 345
L, 390, 389
L, 391, 392
L, 391, 393
L, 392, 347
L, 392, 390
L, 393, 391
L, 393, 394
L, 394, 349
L, 394, 393
L, 395, 396
L, 395, 397
L, 396, 351
L, 396, 394
L, 397, 395
L, 397, 398
L, 398, 353
L, 398, 397
L, 399, 400
L, 400, 355
L, 400, 398
L, 401, 357
L, 401, 402
L, 402, 359
L, 402, 401
L, 403, 446
L, 404, 405
L, 404, 448
L, 405, 404
L, 405, 406
L, 406, 405
L, 406, 408
L, 407, 408
L, 407, 409
L, 408, 406
L, 408, 407
L, 409, 407
L, 409, 410
L, 410, 409
L, 410, 412
L, 411, 412
L, 411, 413
L, 412, 369
L, 412, 410
L, 413, 411
L, 413, 414
L, 414, 370
L, 414, 413
L, 415, 416
L, 415, 417
L, 416, 371
L, 416, 414
L, 417, 415
L, 417, 418
L, 418, 373
L, 418, 417
L, 419, 420
L, 419, 421
L, 420, 375
L, 420, 418
L, 421, 419
L, 421, 422
L, 422, 377
L, 422, 421
L, 423, 424
L, 423, 425
L, 424, 379
L, 424, 422
L, 425, 423
L, 425, 426
L, 426, 381
L, 426, 425
L, 427, 428
L, 427, 429
L, 428, 383
L, 428, 426
L, 429, 427
L, 429, 430
L, 430, 385
L, 430, 429
L, 431, 432
L, 431, 433
L, 432, 387
L, 432, 430
L, 433, 431
L, 433, 434
L, 434, 389
L, 434, 433
L, 435, 391
L, 435, 434
L, 436, 393
L, 436, 437
L, 437, 395
L, 437, 436
L, 438, 439
L, 438, 480
L, 439, 438
L, 439, 482
L, 440, 441
L, 440, 484
L, 441, 440
L, 441, 442
L, 442, 441
L, 442, 444
L, 443, 444
L, 443, 445
L, 444, 442
L, 444, 443
L, 445, 443
L, 445, 446
L, 446, 403
L, 446, 445
L, 447, 448
L, 447, 449
L, 448, 404
L, 448, 446
L, 449, 447
L, 449, 450
L, 450, 405
L, 450, 449
L, 451, 452
L, 451, 453
L, 452, 407
L, 452, 450
L, 453, 451
L, 453, 454
L, 454, 409
L, 454, 453
L, 455, 456
L, 455, 457
L, 456, 411
L, 456, 454
L, 457, 455
L, 457, 458
L, 458, 413
L, 458, 457
L, 459, 460
L, 459, 461
L, 460, 415
L, 460, 458
L, 461, 459
L, 461, 462
L, 462, 417
L, 462, 461
L, 463, 464
L, 463, 465
L, 464, 419
L, 464, 462
L, 465, 463
L, 465, 466
L, 466, 421
L, 466, 465
L, 467, 468
L, 467, 469
L, 468, 423
L, 468, 466
L, 469, 467
L, 469, 470
L, 470, 425
L, 470, 469
L, 471, 427
L, 471, 470
L, 472, 429
L, 473, 474
L, 473, 516
L, 474, 473
L, 474, 518
L, 475, 476
L, 475, 477
L, 476, 475
L, 477, 475
L, 477, 478
L, 478, 477
L, 478, 480
L, 479, 480
L, 479, 481
L, 480, 438
L, 480, 478
L, 481, 479
L, 481, 482
L, 482, 439
L, 482, 481
L, 483, 484
L, 483, 485
L, 484, 440
L, 484, 482
L, 485, 483
L, 485, 486
L, 486, 441
L, 486, 485
L, 487, 488
L, 487, 489
L, 488, 443
L, 488, 486
L, 489, 487
L, 489, 490
L, 490, 445
L, 490, 489
L, 491, 492
L, 491, 493
L, 492, 447
L, 492, 490
L, 493, 491
L, 493, 494
L, 494, 449
L, 494, 493
L, 495, 496
L, 495, 497
L, 496, 451
L, 496, 494
L, 497, 495
L, 497, 498
L, 498, 453
L, 498, 497
L, 499, 500
L, 499, 501
L, 500, 455
L, 500, 498
L, 501, 499
L, 501, 502
L, 502, 457
L, 502, 501
L, 503, 504
L, 504, 459
L, 504, 502
L, 505, 461
L, 505, 506
L, 506, 463
L, 506, 505
L, 507, 550
L, 508, 509
L, 508, 552
L, 509, 508
L, 509, 510
L, 510, 509
L, 510, 512
L, 511, 512
L, 511, 513
L, 512, 510
L, 512, 511
L, 513, 511
L, 513, 514
L, 514, 513
L, 514, 516
L, 515, 516
L, 515, 517
L, 516, 473
L, 516, 514
L, 517, 515
L, 517, 518
L, 518, 474
L, 518, 517
L, 519, 520
L, 519, 521
L, 520, 475
L, 520, 518
L, 521, 519
L, 521, 522
L, 522, 477
L, 522, 521
L, 523, 524
L, 523, 525
L, 524, 479
L, 524, 522
L, 525, 523
L, 525, 526
L, 526, 481
L, 526, 525
L, 527, 528
L, 527, 529
L, 528, 483
L, 528, 526
L, 529, 527
L, 529, 530
L, 530, 485
L, 530, 529
L, 531, 532
L, 531, 533
L, 532, 487
L, 532, 530
L, 533, 531
L, 533, 534
L, 534, 489
L, 534, 533
L, 535, 536
L, 535, 537
L, 536, 491
L, 536, 534
L, 537, 535
L, 537, 538
L, 538, 493
L, 538, 537
L, 539, 495
L, 539, 538
L, 540, 497
L, 540, 541
L, 541, 499
L, 541, 540
L, 542, 543
L, 542, 584
L, 543, 542
L, 543, 586
L, 544, 545
L, 544, 588
L, 545, 544
L, 545, 546
L, 546, 545
L, 546, 548
L, 547, 548
L, 547, 549
L, 548, 546
L, 548, 547
L, 549, 547
L, 549, 550
L, 550, 507
L, 550, 549
L, 551, 552
L, 551, 553
L, 552, 508
L, 552, 550
L, 553, 551
L, 553, 554
L, 554, 509
L, 554, 553
L, 555, 556
L, 555, 557
L, 556, 511
L, 556, 554
L, 557, 555
L, 557, 558
L, 558, 513
L, 558, 557
L, 559, 560
L, 559, 561
L, 560, 515
L, 560, 558
L, 561, 559
L, 561, 562
L, 562, 517
L, 562, 561
L, 563, 564
L, 563, 565
L, 564, 519
L, 564, 562
L, 565, 563
L, 565, 566
L, 566, 521
L, 566, 565
L, 567, 568
L, 567, 569
L, 568, 523
L, 568, 566
L, 569, 567
L, 569, 570
L, 570, 525
L, 570, 569
L, 571, 572
L, 571, 573
L, 572, 527
L, 572, 570
L, 573, 571
L, 573, 574
L, 574, 529
L, 574, 573
L, 575, 531
L, 575, 574
L, 576, 533
L, 577, 578
L, 577, 617
L, 578, 577
L, 578, 619
L, 579, 580
L, 579, 581
L, 580, 579
L, 581, 579
L, 581, 582
L, 582, 581
L, 582, 584
L, 583, 584
L, 583, 585
L, 584, 542
L, 584, 582
L, 585, 583
L, 585, 586
L, 586, 543
L, 586, 585
L, 587, 588
L, 587, 589
L, 588, 544
L, 588, 586
L, 589, 587
L, 589, 590
L, 590, 545
L, 590, 589
L, 591, 592
L, 591, 593
L, 592, 547
L, 592, 590
L, 593, 591
L, 593, 594
L, 594, 549
L, 594, 593
L, 595, 596
L, 595, 597
L, 596, 551
L, 596, 594
L, 597, 595
L, 597, 598
L, 598, 553
L, 598, 597
L, 599, 600
L, 599, 601
L, 600, 555
L, 600, 598
L, 601, 599
L, 601, 602
L, 602, 557
L, 602, 601
L, 603, 604
L, 603, 605
L, 604, 559
L, 604, 602
L, 605, 603
L, 605, 606
L, 606, 561
L, 606, 605
L, 607, 608
L, 608, 563
L, 608, 606
L, 609, 565
L, 609, 610
L, 610, 567
L, 610, 609
L, 611, 613
L, 612, 613
L, 612, 614
L, 613, 611
L, 613, 612
L, 614, 612
L, 614, 615
L, 615, 614
L, 615, 617
L, 616, 617
L, 616, 618
L, 617, 577
L, 617, 615
L, 618, 616
L, 618, 619
L, 619, 578
L, 619, 618
L, 620, 621
L, 620, 622
L, 621, 579
L, 621, 619
L, 622, 620
L, 622, 623
L, 623, 581
L, 623, 622
L, 624, 625
L, 624, 626
L, 625, 583
L, 625, 623
L, 626, 624
L, 626, 627
L, 627, 585
L, 627, 626
L, 628, 629
L, 628, 630
L, 629, 587
L, 629, 627
L, 630, 628
L, 630, 631
L, 631, 589
L, 631, 630
L, 632, 633
L, 632, 634
L, 633, 591
L, 633, 631
L, 634, 632
L, 634, 635
L, 635, 593
L, 635, 634
L, 636, 637
L, 636, 638
L, 637, 595
L, 637, 635
L, 638, 636
L, 638, 639
L, 639, 597
L, 639, 638
L, 640, 599
L, 640, 639
L, 641, 601
L, 641, 642
L, 642, 603
L, 642, 641
L, 643, 644
L, 643, 645
L, 644, 612
L, 644, 643
L, 645, 643
L, 645, 646
L, 646, 614
L, 646, 645
L, 647, 648
L, 647, 649
L, 648, 616
L, 648, 646
L, 649, 647
L, 649, 650
L, 650, 618
L, 650, 649
L, 651, 652
L, 651, 653
L, 652, 620
L, 652, 650
L, 653, 651
L, 653, 654
L, 654, 622
L, 654, 653
L, 655, 656
L, 655, 657
L, 656, 624
L, 656, 654
L, 657, 655
L, 657, 658
L, 658, 626
L, 658, 657
L, 659, 660
L, 659, 661
L, 660, 628
L, 660, 658
L, 661, 659
L, 661, 662
L, 662, 630
L, 662, 661
L, 663, 632
L, 663, 662
L, 664, 634
L, 665, 666
L, 665, 667
L, 666, 643
L, 666, 665
L, 667, 665
L, 667, 668
L, 668, 645
L, 668, 667
L, 669, 670
L, 669, 671
L, 670, 647
L, 670, 668
L, 671, 669
L, 671, 672
L, 672, 649
L, 672, 671
L, 673, 674
L, 674, 651
L, 674, 672
L, 675, 653
L, 675, 676
L, 676, 655
L, 676, 675
L, 677, 667
L, 677, 678
L, 678, 669
L, 678, 677
