/PREP7
K, 1, 0.000, 199.816, 0.000
K, 2, 0.341, 190.949, 0.000
K, 3, 0.683, 192.328, 0.000
K, 4, 1.365, 195.087, 0.000
K, 5, 0.000, 194.693, 0.000
K, 6, 1.707, 196.466, 0.000
K, 7, 0.683, 197.451, 0.000
K, 8, 2.389, 199.225, 0.000
K, 9, 1.024, 198.831, 0.000
K, 10, 0.000, 179.322, 0.000
K, 11, 0.683, 182.081, 0.000
K, 12, 1.024, 183.460, 0.000
K, 13, 0.000, 184.446, 0.000
K, 14, 1.707, 186.219, 0.000
K, 15, 0.341, 185.825, 0.000
K, 16, 2.048, 187.599, 0.000
K, 17, 1.024, 188.584, 0.000
K, 18, 2.731, 190.357, 0.000
K, 19, 1.365, 189.963, 0.000
K, 20, 3.072, 191.737, 0.000
K, 21, 2.048, 192.722, 0.000
K, 22, 3.754, 194.496, 0.000
K, 23, 2.389, 194.101, 0.000
K, 24, 4.096, 195.875, 0.000
K, 25, 3.072, 196.860, 0.000
K, 26, 4.778, 198.634, 0.000
K, 27, 3.413, 198.240, 0.000
K, 28, 5.120, 200.013, 0.000
K, 29, 0.000, 169.075, 0.000
K, 30, 0.341, 170.455, 0.000
K, 31, 1.024, 173.213, 0.000
K, 32, 1.365, 174.593, 0.000
K, 33, 0.341, 175.578, 0.000
K, 34, 2.048, 177.352, 0.000
K, 35, 0.683, 176.957, 0.000
K, 36, 2.389, 178.731, 0.000
K, 37, 1.365, 179.716, 0.000
K, 38, 3.072, 181.490, 0.000
K, 39, 1.707, 181.096, 0.000
K, 40, 3.413, 182.869, 0.000
K, 41, 2.389, 183.854, 0.000
K, 42, 4.096, 185.628, 0.000
K, 43, 2.731, 185.234, 0.000
K, 44, 4.437, 187.007, 0.000
K, 45, 3.413, 187.993, 0.000
K, 46, 5.120, 189.766, 0.000
K, 47, 3.754, 189.372, 0.000
K, 48, 5.461, 191.146, 0.000
K, 49, 4.437, 192.131, 0.000
K, 50, 6.144, 193.904, 0.000
K, 51, 4.778, 193.510, 0.000
K, 52, 6.485, 195.284, 0.000
K, 53, 5.461, 196.269, 0.000
K, 54, 7.168, 198.043, 0.000
K, 55, 5.802, 197.648, 0.000
K, 56, 7.509, 199.422, 0.000
K, 57, 0.341, 160.208, 0.000
K, 58, 0.683, 161.587, 0.000
K, 59, 1.365, 164.346, 0.000
K, 60, 0.000, 163.952, 0.000
K, 61, 1.707, 165.725, 0.000
K, 62, 0.683, 166.710, 0.000
K, 63, 2.389, 168.484, 0.000
K, 64, 1.024, 168.090, 0.000
K, 65, 2.731, 169.863, 0.000
K, 66, 1.707, 170.849, 0.000
K, 67, 3.413, 172.622, 0.000
K, 68, 2.048, 172.228, 0.000
K, 69, 3.754, 174.002, 0.000
K, 70, 2.731, 174.987, 0.000
K, 71, 4.437, 176.760, 0.000
K, 72, 3.072, 176.366, 0.000
K, 73, 4.778, 178.140, 0.000
K, 74, 3.754, 179.125, 0.000
K, 75, 5.461, 180.899, 0.000
K, 76, 4.096, 180.505, 0.000
K, 77, 5.802, 182.278, 0.000
K, 78, 4.778, 183.263, 0.000
K, 79, 6.485, 185.037, 0.000
K, 80, 5.120, 184.643, 0.000
K, 81, 6.826, 186.416, 0.000
K, 82, 5.802, 187.401, 0.000
K, 83, 7.509, 189.175, 0.000
K, 84, 6.144, 188.781, 0.000
K, 85, 7.850, 190.554, 0.000
K, 86, 6.826, 191.540, 0.000
K, 87, 8.533, 193.313, 0.000
K, 88, 7.168, 192.919, 0.000
K, 89, 8.874, 194.693, 0.000
K, 90, 7.850, 195.678, 0.000
K, 91, 9.557, 197.451, 0.000
K, 92, 8.192, 197.057, 0.000
K, 93, 9.898, 198.831, 0.000
K, 94, 8.874, 199.816, 0.000
K, 95, 0.000, 148.581, 0.000
K, 96, 0.683, 151.340, 0.000
K, 97, 1.024, 152.719, 0.000
K, 98, 0.000, 153.705, 0.000
K, 99, 1.707, 155.478, 0.000
K, 100, 0.341, 155.084, 0.000
K, 101, 2.048, 156.858, 0.000
K, 102, 1.024, 157.843, 0.000
K, 103, 2.731, 159.616, 0.000
K, 104, 1.365, 159.222, 0.000
K, 105, 3.072, 160.996, 0.000
K, 106, 2.048, 161.981, 0.000
K, 107, 3.754, 163.755, 0.000
K, 108, 2.389, 163.361, 0.000
K, 109, 4.096, 165.134, 0.000
K, 110, 3.072, 166.119, 0.000
K, 111, 4.778, 167.893, 0.000
K, 112, 3.413, 167.499, 0.000
K, 113, 5.120, 169.272, 0.000
K, 114, 4.096, 170.258, 0.000
K, 115, 5.802, 172.031, 0.000
K, 116, 4.437, 171.637, 0.000
K, 117, 6.144, 173.410, 0.000
K, 118, 5.120, 174.396, 0.000
K, 119, 6.826, 176.169, 0.000
K, 120, 5.461, 175.775, 0.000
K, 121, 7.168, 177.549, 0.000
K, 122, 6.144, 178.534, 0.000
K, 123, 7.850, 180.307, 0.000
K, 124, 6.485, 179.913, 0.000
K, 125, 8.192, 181.687, 0.000
K, 126, 7.168, 182.672, 0.000
K, 127, 8.874, 184.446, 0.000
K, 128, 7.509, 184.052, 0.000
K, 129, 9.215, 185.825, 0.000
K, 130, 8.192, 186.810, 0.000
K, 131, 9.898, 188.584, 0.000
K, 132, 8.533, 188.190, 0.000
K, 133, 10.239, 189.963, 0.000
K, 134, 9.215, 190.949, 0.000
K, 135, 10.922, 192.722, 0.000
K, 136, 9.557, 192.328, 0.000
K, 137, 11.263, 194.101, 0.000
K, 138, 10.239, 195.087, 0.000
K, 139, 11.946, 196.860, 0.000
K, 140, 10.581, 196.466, 0.000
K, 141, 12.287, 198.240, 0.000
K, 142, 11.263, 199.225, 0.000
K, 143, 0.000, 138.334, 0.000
K, 144, 0.341, 139.714, 0.000
K, 145, 1.024, 142.472, 0.000
K, 146, 1.365, 143.852, 0.000
K, 147, 0.341, 144.837, 0.000
K, 148, 2.048, 146.611, 0.000
K, 149, 0.683, 146.217, 0.000
K, 150, 2.389, 147.990, 0.000
K, 151, 1.365, 148.975, 0.000
K, 152, 3.072, 150.749, 0.000
K, 153, 1.707, 150.355, 0.000
K, 154, 3.413, 152.128, 0.000
K, 155, 2.389, 153.114, 0.000
K, 156, 4.096, 154.887, 0.000
K, 157, 2.731, 154.493, 0.000
K, 158, 4.437, 156.266, 0.000
K, 159, 3.413, 157.252, 0.000
K, 160, 5.120, 159.025, 0.000
K, 161, 3.754, 158.631, 0.000
K, 162, 5.461, 160.405, 0.000
K, 163, 4.437, 161.390, 0.000
K, 164, 6.144, 163.163, 0.000
K, 165, 4.778, 162.769, 0.000
K, 166, 6.485, 164.543, 0.000
K, 167, 5.461, 165.528, 0.000
K, 168, 7.168, 167.302, 0.000
K, 169, 5.802, 166.908, 0.000
K, 170, 7.509, 168.681, 0.000
K, 171, 6.485, 169.666, 0.000
K, 172, 8.192, 171.440, 0.000
K, 173, 6.826, 171.046, 0.000
K, 174, 8.533, 172.819, 0.000
K, 175, 7.509, 173.805, 0.000
K, 176, 9.215, 175.578, 0.000
K, 177, 7.850, 175.184, 0.000
K, 178, 9.557, 176.957, 0.000
K, 179, 8.533, 177.943, 0.000
K, 180, 10.239, 179.716, 0.000
K, 181, 8.874, 179.322, 0.000
K, 182, 10.581, 181.096, 0.000
K, 183, 9.557, 182.081, 0.000
K, 184, 11.263, 183.854, 0.000
K, 185, 9.898, 183.460, 0.000
K, 186, 11.605, 185.234, 0.000
K, 187, 10.581, 186.219, 0.000
K, 188, 12.287, 187.993, 0.000
K, 189, 10.922, 187.599, 0.000
K, 190, 12.629, 189.372, 0.000
K, 191, 11.605, 190.357, 0.000
K, 192, 13.311, 192.131, 0.000
K, 193, 11.946, 191.737, 0.000
K, 194, 13.653, 193.510, 0.000
K, 195, 12.629, 194.496, 0.000
K, 196, 14.335, 196.269, 0.000
K, 197, 12.970, 195.875, 0.000
K, 198, 14.676, 197.648, 0.000
K, 199, 13.653, 198.634, 0.000
K, 200, 13.994, 200.013, 0.000
K, 201, 0.341, 129.467, 0.000
K, 202, 0.683, 130.846, 0.000
K, 203, 1.365, 133.605, 0.000
K, 204, 0.000, 133.211, 0.000
K, 205, 1.707, 134.984, 0.000
K, 206, 0.683, 135.970, 0.000
K, 207, 2.389, 137.743, 0.000
K, 208, 1.024, 137.349, 0.000
K, 209, 2.731, 139.122, 0.000
K, 210, 1.707, 140.108, 0.000
K, 211, 3.413, 141.881, 0.000
K, 212, 2.048, 141.487, 0.000
K, 213, 3.754, 143.261, 0.000
K, 214, 2.731, 144.246, 0.000
K, 215, 4.437, 146.019, 0.000
K, 216, 3.072, 145.625, 0.000
K, 217, 4.778, 147.399, 0.000
K, 218, 3.754, 148.384, 0.000
K, 219, 5.461, 150.158, 0.000
K, 220, 4.096, 149.764, 0.000
K, 221, 5.802, 151.537, 0.000
K, 222, 4.778, 152.522, 0.000
K, 223, 6.485, 154.296, 0.000
K, 224, 5.120, 153.902, 0.000
K, 225, 6.826, 155.675, 0.000
K, 226, 5.802, 156.661, 0.000
K, 227, 7.509, 158.434, 0.000
K, 228, 6.144, 158.040, 0.000
K, 229, 7.850, 159.813, 0.000
K, 230, 6.826, 160.799, 0.000
K, 231, 8.533, 162.572, 0.000
K, 232, 7.168, 162.178, 0.000
K, 233, 8.874, 163.952, 0.000
K, 234, 7.850, 164.937, 0.000
K, 235, 9.557, 166.710, 0.000
K, 236, 8.192, 166.316, 0.000
K, 237, 9.898, 168.090, 0.000
K, 238, 8.874, 169.075, 0.000
K, 239, 10.581, 170.849, 0.000
K, 240, 9.215, 170.455, 0.000
K, 241, 10.922, 172.228, 0.000
K, 242, 9.898, 173.213, 0.000
K, 243, 11.605, 174.987, 0.000
K, 244, 10.239, 174.593, 0.000
K, 245, 11.946, 176.366, 0.000
K, 246, 10.922, 177.352, 0.000
K, 247, 12.629, 179.125, 0.000
K, 248, 11.263, 178.731, 0.000
K, 249, 12.970, 180.505, 0.000
K, 250, 11.946, 181.490, 0.000
K, 251, 13.653, 183.263, 0.000
K, 252, 12.287, 182.869, 0.000
K, 253, 13.994, 184.643, 0.000
K, 254, 12.970, 185.628, 0.000
K, 255, 14.676, 187.401, 0.000
K, 256, 13.311, 187.007, 0.000
K, 257, 15.018, 188.781, 0.000
K, 258, 13.994, 189.766, 0.000
K, 259, 15.700, 191.540, 0.000
K, 260, 14.335, 191.146, 0.000
K, 261, 16.042, 192.919, 0.000
K, 262, 15.018, 193.904, 0.000
K, 263, 16.724, 195.678, 0.000
K, 264, 15.359, 195.284, 0.000
K, 265, 17.066, 197.057, 0.000
K, 266, 16.042, 198.043, 0.000
K, 267, 16.383, 199.422, 0.000
K, 268, 0.000, 117.840, 0.000
K, 269, 0.683, 120.599, 0.000
K, 270, 1.024, 121.978, 0.000
K, 271, 0.000, 122.964, 0.000
K, 272, 1.707, 124.737, 0.000
K, 273, 0.341, 124.343, 0.000
K, 274, 2.048, 126.117, 0.000
K, 275, 1.024, 127.102, 0.000
K, 276, 2.731, 128.875, 0.000
K, 277, 1.365, 128.481, 0.000
K, 278, 3.072, 130.255, 0.000
K, 279, 2.048, 131.240, 0.000
K, 280, 3.754, 133.014, 0.000
K, 281, 2.389, 132.620, 0.000
K, 282, 4.096, 134.393, 0.000
K, 283, 3.072, 135.378, 0.000
K, 284, 4.778, 137.152, 0.000
K, 285, 3.413, 136.758, 0.000
K, 286, 5.120, 138.531, 0.000
K, 287, 4.096, 139.517, 0.000
K, 288, 5.802, 141.290, 0.000
K, 289, 4.437, 140.896, 0.000
K, 290, 6.144, 142.669, 0.000
K, 291, 5.120, 143.655, 0.000
K, 292, 6.826, 145.428, 0.000
K, 293, 5.461, 145.034, 0.000
K, 294, 7.168, 146.808, 0.000
K, 295, 6.144, 147.793, 0.000
K, 296, 7.850, 149.567, 0.000
K, 297, 6.485, 149.172, 0.000
K, 298, 8.192, 150.946, 0.000
K, 299, 7.168, 151.931, 0.000
K, 300, 8.874, 153.705, 0.000
K, 301, 7.509, 153.311, 0.000
K, 302, 9.215, 155.084, 0.000
K, 303, 8.192, 156.069, 0.000
K, 304, 9.898, 157.843, 0.000
K, 305, 8.533, 157.449, 0.000
K, 306, 10.239, 159.222, 0.000
K, 307, 9.215, 160.208, 0.000
K, 308, 10.922, 161.981, 0.000
K, 309, 9.557, 161.587, 0.000
K, 310, 11.263, 163.361, 0.000
K, 311, 10.239, 164.346, 0.000
K, 312, 11.946, 166.119, 0.000
K, 313, 10.581, 165.725, 0.000
K, 314, 12.287, 167.499, 0.000
K, 315, 11.263, 168.484, 0.000
K, 316, 12.970, 170.258, 0.000
K, 317, 11.605, 169.863, 0.000
K, 318, 13.311, 171.637, 0.000
K, 319, 12.287, 172.622, 0.000
K, 320, 13.994, 174.396, 0.000
K, 321, 12.629, 174.002, 0.000
K, 322, 14.335, 175.775, 0.000
K, 323, 13.311, 176.760, 0.000
K, 324, 15.018, 178.534, 0.000
K, 325, 13.653, 178.140, 0.000
K, 326, 15.359, 179.913, 0.000
K, 327, 14.335, 180.899, 0.000
K, 328, 16.042, 182.672, 0.000
K, 329, 14.676, 182.278, 0.000
K, 330, 16.383, 184.052, 0.000
K, 331, 15.359, 185.037, 0.000
K, 332, 17.066, 186.810, 0.000
K, 333, 15.700, 186.416, 0.000
K, 334, 17.407, 188.190, 0.000
K, 335, 16.383, 189.175, 0.000
K, 336, 16.724, 190.554, 0.000
K, 337, 17.407, 193.313, 0.000
K, 338, 0.000, 107.593, 0.000
K, 339, 0.341, 108.973, 0.000
K, 340, 1.024, 111.732, 0.000
K, 341, 1.365, 113.111, 0.000
K, 342, 0.341, 114.096, 0.000
K, 343, 2.048, 115.870, 0.000
K, 344, 0.683, 115.476, 0.000
K, 345, 2.389, 117.249, 0.000
K, 346, 1.365, 118.234, 0.000
K, 347, 3.072, 120.008, 0.000
K, 348, 1.707, 119.614, 0.000
K, 349, 3.413, 121.387, 0.000
K, 350, 2.389, 122.373, 0.000
K, 351, 4.096, 124.146, 0.000
K, 352, 2.731, 123.752, 0.000
K, 353, 4.437, 125.526, 0.000
K, 354, 3.413, 126.511, 0.000
K, 355, 5.120, 128.284, 0.000
K, 356, 3.754, 127.890, 0.000
K, 357, 5.461, 129.664, 0.000
K, 358, 4.437, 130.649, 0.000
K, 359, 6.144, 132.423, 0.000
K, 360, 4.778, 132.028, 0.000
K, 361, 6.485, 133.802, 0.000
K, 362, 5.461, 134.787, 0.000
K, 363, 7.168, 136.561, 0.000
K, 364, 5.802, 136.167, 0.000
K, 365, 7.509, 137.940, 0.000
K, 366, 6.485, 138.925, 0.000
K, 367, 8.192, 140.699, 0.000
K, 368, 6.826, 140.305, 0.000
K, 369, 8.533, 142.078, 0.000
K, 370, 7.509, 143.064, 0.000
K, 371, 9.215, 144.837, 0.000
K, 372, 7.850, 144.443, 0.000
K, 373, 9.557, 146.217, 0.000
K, 374, 8.533, 147.202, 0.000
K, 375, 10.239, 148.975, 0.000
K, 376, 8.874, 148.581, 0.000
K, 377, 10.581, 150.355, 0.000
K, 378, 9.557, 151.340, 0.000
K, 379, 11.263, 153.114, 0.000
K, 380, 9.898, 152.719, 0.000
K, 381, 11.605, 154.493, 0.000
K, 382, 10.581, 155.478, 0.000
K, 383, 12.287, 157.252, 0.000
K, 384, 10.922, 156.858, 0.000
K, 385, 12.629, 158.631, 0.000
K, 386, 11.605, 159.616, 0.000
K, 387, 13.311, 161.390, 0.000
K, 388, 11.946, 160.996, 0.000
K, 389, 13.653, 162.769, 0.000
K, 390, 12.629, 163.755, 0.000
K, 391, 14.335, 165.528, 0.000
K, 392, 12.970, 165.134, 0.000
K, 393, 14.676, 166.908, 0.000
K, 394, 13.653, 167.893, 0.000
K, 395, 15.359, 169.666, 0.000
K, 396, 13.994, 169.272, 0.000
K, 397, 15.700, 171.046, 0.000
K, 398, 14.676, 172.031, 0.000
K, 399, 16.383, 173.805, 0.000
K, 400, 15.018, 173.410, 0.000
K, 401, 16.724, 175.184, 0.000
K, 402, 15.700, 176.169, 0.000
K, 403, 17.407, 177.943, 0.000
K, 404, 16.042, 177.549, 0.000
K, 405, 16.724, 180.307, 0.000
K, 406, 17.066, 181.687, 0.000
K, 407, 0.341, 98.726, 0.000
K, 408, 0.683, 100.105, 0.000
K, 409, 1.365, 102.864, 0.000
K, 410, 0.000, 102.470, 0.000
K, 411, 1.707, 104.243, 0.000
K, 412, 0.683, 105.229, 0.000
K, 413, 2.389, 107.002, 0.000
K, 414, 1.024, 106.608, 0.000
K, 415, 2.731, 108.382, 0.000
K, 416, 1.707, 109.367, 0.000
K, 417, 3.413, 111.140, 0.000
K, 418, 2.048, 110.746, 0.000
K, 419, 3.754, 112.520, 0.000
K, 420, 2.731, 113.505, 0.000
K, 421, 4.437, 115.279, 0.000
K, 422, 3.072, 114.884, 0.000
K, 423, 4.778, 116.658, 0.000
K, 424, 3.754, 117.643, 0.000
K, 425, 5.461, 119.417, 0.000
K, 426, 4.096, 119.023, 0.000
K, 427, 5.802, 120.796, 0.000
K, 428, 4.778, 121.781, 0.000
K, 429, 6.485, 123.555, 0.000
K, 430, 5.120, 123.161, 0.000
K, 431, 6.826, 124.934, 0.000
K, 432, 5.802, 125.920, 0.000
K, 433, 7.509, 127.693, 0.000
K, 434, 6.144, 127.299, 0.000
K, 435, 7.850, 129.073, 0.000
K, 436, 6.826, 130.058, 0.000
K, 437, 8.533, 131.831, 0.000
K, 438, 7.168, 131.437, 0.000
K, 439, 8.874, 133.211, 0.000
K, 440, 7.850, 134.196, 0.000
K, 441, 9.557, 135.970, 0.000
K, 442, 8.192, 135.575, 0.000
K, 443, 9.898, 137.349, 0.000
K, 444, 8.874, 138.334, 0.000
K, 445, 10.581, 140.108, 0.000
K, 446, 9.215, 139.714, 0.000
K, 447, 10.922, 141.487, 0.000
K, 448, 9.898, 142.472, 0.000
K, 449, 11.605, 144.246, 0.000
K, 450, 10.239, 143.852, 0.000
K, 451, 11.946, 145.625, 0.000
K, 452, 10.922, 146.611, 0.000
K, 453, 12.629, 148.384, 0.000
K, 454, 11.263, 147.990, 0.000
K, 455, 12.970, 149.764, 0.000
K, 456, 11.946, 150.749, 0.000
K, 457, 13.653, 152.522, 0.000
K, 458, 12.287, 152.128, 0.000
K, 459, 13.994, 153.902, 0.000
K, 460, 12.970, 154.887, 0.000
K, 461, 14.676, 156.661, 0.000
K, 462, 13.311, 156.266, 0.000
K, 463, 15.018, 158.040, 0.000
K, 464, 13.994, 159.025, 0.000
K, 465, 15.700, 160.799, 0.000
K, 466, 14.335, 160.405, 0.000
K, 467, 16.042, 162.178, 0.000
K, 468, 15.018, 163.163, 0.000
K, 469, 16.724, 164.937, 0.000
K, 470, 15.359, 164.543, 0.000
K, 471, 17.066, 166.316, 0.000
K, 472, 16.042, 167.302, 0.000
K, 473, 16.383, 168.681, 0.000
K, 474, 17.066, 171.440, 0.000
K, 475, 17.407, 172.819, 0.000
K, 476, 0.000, 87.099, 0.000
K, 477, 0.683, 89.858, 0.000
K, 478, 1.024, 91.238, 0.000
K, 479, 0.000, 92.223, 0.000
K, 480, 1.707, 93.996, 0.000
K, 481, 0.341, 93.602, 0.000
K, 482, 2.048, 95.376, 0.000
K, 483, 1.024, 96.361, 0.000
K, 484, 2.731, 98.135, 0.000
K, 485, 1.365, 97.740, 0.000
K, 486, 3.072, 99.514, 0.000
K, 487, 2.048, 100.499, 0.000
K, 488, 3.754, 102.273, 0.000
K, 489, 2.389, 101.879, 0.000
K, 490, 4.096, 103.652, 0.000
K, 491, 3.072, 104.637, 0.000
K, 492, 4.778, 106.411, 0.000
K, 493, 3.413, 106.017, 0.000
K, 494, 5.120, 107.790, 0.000
K, 495, 4.096, 108.776, 0.000
K, 496, 5.802, 110.549, 0.000
K, 497, 4.437, 110.155, 0.000
K, 498, 6.144, 111.929, 0.000
K, 499, 5.120, 112.914, 0.000
K, 500, 6.826, 114.687, 0.000
K, 501, 5.461, 114.293, 0.000
K, 502, 7.168, 116.067, 0.000
K, 503, 6.144, 117.052, 0.000
K, 504, 7.850, 118.826, 0.000
K, 505, 6.485, 118.431, 0.000
K, 506, 8.192, 120.205, 0.000
K, 507, 7.168, 121.190, 0.000
K, 508, 8.874, 122.964, 0.000
K, 509, 7.509, 122.570, 0.000
K, 510, 9.215, 124.343, 0.000
K, 511, 8.192, 125.328, 0.000
K, 512, 9.898, 127.102, 0.000
K, 513, 8.533, 126.708, 0.000
K, 514, 10.239, 128.481, 0.000
K, 515, 9.215, 129.467, 0.000
K, 516, 10.922, 131.240, 0.000
K, 517, 9.557, 130.846, 0.000
K, 518, 11.263, 132.620, 0.000
K, 519, 10.239, 133.605, 0.000
K, 520, 11.946, 135.378, 0.000
K, 521, 10.581, 134.984, 0.000
K, 522, 12.287, 136.758, 0.000
K, 523, 11.263, 137.743, 0.000
K, 524, 12.970, 139.517, 0.000
K, 525, 11.605, 139.122, 0.000
K, 526, 13.311, 140.896, 0.000
K, 527, 12.287, 141.881, 0.000
K, 528, 13.994, 143.655, 0.000
K, 529, 12.629, 143.261, 0.000
K, 530, 14.335, 145.034, 0.000
K, 531, 13.311, 146.019, 0.000
K, 532, 15.018, 147.793, 0.000
K, 533, 13.653, 147.399, 0.000
K, 534, 15.359, 149.172, 0.000
K, 535, 14.335, 150.158, 0.000
K, 536, 16.042, 151.931, 0.000
K, 537, 14.676, 151.537, 0.000
K, 538, 16.383, 153.311, 0.000
K, 539, 15.359, 154.296, 0.000
K, 540, 17.066, 156.069, 0.000
K, 541, 15.700, 155.675, 0.000
K, 542, 17.407, 157.449, 0.000
K, 543, 16.383, 158.434, 0.000
K, 544, 16.724, 159.813, 0.000
K, 545, 17.407, 162.572, 0.000
K, 546, 0.000, 76.852, 0.000
K, 547, 0.341, 78.232, 0.000
K, 548, 1.024, 80.991, 0.000
K, 549, 1.365, 82.370, 0.000
K, 550, 0.341, 83.355, 0.000
K, 551, 2.048, 85.129, 0.000
K, 552, 0.683, 84.735, 0.000
K, 553, 2.389, 86.508, 0.000
K, 554, 1.365, 87.493, 0.000
K, 555, 3.072, 89.267, 0.000
K, 556, 1.707, 88.873, 0.000
K, 557, 3.413, 90.646, 0.000
K, 558, 2.389, 91.632, 0.000
K, 559, 4.096, 93.405, 0.000
K, 560, 2.731, 93.011, 0.000
K, 561, 4.437, 94.785, 0.000
K, 562, 3.413, 95.770, 0.000
K, 563, 5.120, 97.543, 0.000
K, 564, 3.754, 97.149, 0.000
K, 565, 5.461, 98.923, 0.000
K, 566, 4.437, 99.908, 0.000
K, 567, 6.144, 101.682, 0.000
K, 568, 4.778, 101.287, 0.000
K, 569, 6.485, 103.061, 0.000
K, 570, 5.461, 104.046, 0.000
K, 571, 7.168, 105.820, 0.000
K, 572, 5.802, 105.426, 0.000
K, 573, 7.509, 107.199, 0.000
K, 574, 6.485, 108.184, 0.000
K, 575, 8.192, 109.958, 0.000
K, 576, 6.826, 109.564, 0.000
K, 577, 8.533, 111.337, 0.000
K, 578, 7.509, 112.323, 0.000
K, 579, 9.215, 114.096, 0.000
K, 580, 7.850, 113.702, 0.000
K, 581, 9.557, 115.476, 0.000
K, 582, 8.533, 116.461, 0.000
K, 583, 10.239, 118.234, 0.000
K, 584, 8.874, 117.840, 0.000
K, 585, 10.581, 119.614, 0.000
K, 586, 9.557, 120.599, 0.000
K, 587, 11.263, 122.373, 0.000
K, 588, 9.898, 121.978, 0.000
K, 589, 11.605, 123.752, 0.000
K, 590, 10.581, 124.737, 0.000
K, 591, 12.287, 126.511, 0.000
K, 592, 10.922, 126.117, 0.000
K, 593, 12.629, 127.890, 0.000
K, 594, 11.605, 128.875, 0.000
K, 595, 13.311, 130.649, 0.000
K, 596, 11.946, 130.255, 0.000
K, 597, 13.653, 132.028, 0.000
K, 598, 12.629, 133.014, 0.000
K, 599, 14.335, 134.787, 0.000
K, 600, 12.970, 134.393, 0.000
K, 601, 14.676, 136.167, 0.000
K, 602, 13.653, 137.152, 0.000
K, 603, 15.359, 138.925, 0.000
K, 604, 13.994, 138.531, 0.000
K, 605, 15.700, 140.305, 0.000
K, 606, 14.676, 141.290, 0.000
K, 607, 16.383, 143.064, 0.000
K, 608, 15.018, 142.669, 0.000
K, 609, 16.724, 144.443, 0.000
K, 610, 15.700, 145.428, 0.000
K, 611, 17.407, 147.202, 0.000
K, 612, 16.042, 146.808, 0.000
K, 613, 16.724, 149.567, 0.000
K, 614, 17.066, 150.946, 0.000
K, 615, 0.341, 67.985, 0.000
K, 616, 0.683, 69.364, 0.000
K, 617, 1.365, 72.123, 0.000
K, 618, 0.000, 71.729, 0.000
K, 619, 1.707, 73.502, 0.000
K, 620, 0.683, 74.488, 0.000
K, 621, 2.389, 76.261, 0.000
K, 622, 1.024, 75.867, 0.000
K, 623, 2.731, 77.641, 0.000
K, 624, 1.707, 78.626, 0.000
K, 625, 3.413, 80.399, 0.000
K, 626, 2.048, 80.005, 0.000
K, 627, 3.754, 81.779, 0.000
K, 628, 2.731, 82.764, 0.000
K, 629, 4.437, 84.538, 0.000
K, 630, 3.072, 84.143, 0.000
K, 631, 4.778, 85.917, 0.000
K, 632, 3.754, 86.902, 0.000
K, 633, 5.461, 88.676, 0.000
K, 634, 4.096, 88.282, 0.000
K, 635, 5.802, 90.055, 0.000
K, 636, 4.778, 91.040, 0.000
K, 637, 6.485, 92.814, 0.000
K, 638, 5.120, 92.420, 0.000
K, 639, 6.826, 94.193, 0.000
K, 640, 5.802, 95.179, 0.000
K, 641, 7.509, 96.952, 0.000
K, 642, 6.144, 96.558, 0.000
K, 643, 7.850, 98.332, 0.000
K, 644, 6.826, 99.317, 0.000
K, 645, 8.533, 101.090, 0.000
K, 646, 7.168, 100.696, 0.000
K, 647, 8.874, 102.470, 0.000
K, 648, 7.850, 103.455, 0.000
K, 649, 9.557, 105.229, 0.000
K, 650, 8.192, 104.834, 0.000
K, 651, 9.898, 106.608, 0.000
K, 652, 8.874, 107.593, 0.000
K, 653, 10.581, 109.367, 0.000
K, 654, 9.215, 108.973, 0.000
K, 655, 10.922, 110.746, 0.000
K, 656, 9.898, 111.732, 0.000
K, 657, 11.605, 113.505, 0.000
K, 658, 10.239, 113.111, 0.000
K, 659, 11.946, 114.884, 0.000
K, 660, 10.922, 115.870, 0.000
K, 661, 12.629, 117.643, 0.000
K, 662, 11.263, 117.249, 0.000
K, 663, 12.970, 119.023, 0.000
K, 664, 11.946, 120.008, 0.000
K, 665, 13.653, 121.781, 0.000
K, 666, 12.287, 121.387, 0.000
K, 667, 13.994, 123.161, 0.000
K, 668, 12.970, 124.146, 0.000
K, 669, 14.676, 125.920, 0.000
K, 670, 13.311, 125.526, 0.000
K, 671, 15.018, 127.299, 0.000
K, 672, 13.994, 128.284, 0.000
K, 673, 15.700, 130.058, 0.000
K, 674, 14.335, 129.664, 0.000
K, 675, 16.042, 131.437, 0.000
K, 676, 15.018, 132.423, 0.000
K, 677, 16.724, 134.196, 0.000
K, 678, 15.359, 133.802, 0.000
K, 679, 17.066, 135.575, 0.000
K, 680, 16.042, 136.561, 0.000
K, 681, 16.383, 137.940, 0.000
K, 682, 17.066, 140.699, 0.000
K, 683, 17.407, 142.078, 0.000
K, 684, 0.000, 56.358, 0.000
K, 685, 0.683, 59.117, 0.000
K, 686, 1.024, 60.497, 0.000
K, 687, 0.000, 61.482, 0.000
K, 688, 1.707, 63.255, 0.000
K, 689, 0.341, 62.861, 0.000
K, 690, 2.048, 64.635, 0.000
K, 691, 1.024, 65.620, 0.000
K, 692, 2.731, 67.394, 0.000
K, 693, 1.365, 66.999, 0.000
K, 694, 3.072, 68.773, 0.000
K, 695, 2.048, 69.758, 0.000
K, 696, 3.754, 71.532, 0.000
K, 697, 2.389, 71.138, 0.000
K, 698, 4.096, 72.911, 0.000
K, 699, 3.072, 73.896, 0.000
K, 700, 4.778, 75.670, 0.000
K, 701, 3.413, 75.276, 0.000
K, 702, 5.120, 77.049, 0.000
K, 703, 4.096, 78.035, 0.000
K, 704, 5.802, 79.808, 0.000
K, 705, 4.437, 79.414, 0.000
K, 706, 6.144, 81.188, 0.000
K, 707, 5.120, 82.173, 0.000
K, 708, 6.826, 83.946, 0.000
K, 709, 5.461, 83.552, 0.000
K, 710, 7.168, 85.326, 0.000
K, 711, 6.144, 86.311, 0.000
K, 712, 7.850, 88.085, 0.000
K, 713, 6.485, 87.690, 0.000
K, 714, 8.192, 89.464, 0.000
K, 715, 7.168, 90.449, 0.000
K, 716, 8.874, 92.223, 0.000
K, 717, 7.509, 91.829, 0.000
K, 718, 9.215, 93.602, 0.000
K, 719, 8.192, 94.587, 0.000
K, 720, 9.898, 96.361, 0.000
K, 721, 8.533, 95.967, 0.000
K, 722, 10.239, 97.740, 0.000
K, 723, 9.215, 98.726, 0.000
K, 724, 10.922, 100.499, 0.000
K, 725, 9.557, 100.105, 0.000
K, 726, 11.263, 101.879, 0.000
K, 727, 10.239, 102.864, 0.000
K, 728, 11.946, 104.637, 0.000
K, 729, 10.581, 104.243, 0.000
K, 730, 12.287, 106.017, 0.000
K, 731, 11.263, 107.002, 0.000
K, 732, 12.970, 108.776, 0.000
K, 733, 11.605, 108.382, 0.000
K, 734, 13.311, 110.155, 0.000
K, 735, 12.287, 111.140, 0.000
K, 736, 13.994, 112.914, 0.000
K, 737, 12.629, 112.520, 0.000
K, 738, 14.335, 114.293, 0.000
K, 739, 13.311, 115.279, 0.000
K, 740, 15.018, 117.052, 0.000
K, 741, 13.653, 116.658, 0.000
K, 742, 15.359, 118.431, 0.000
K, 743, 14.335, 119.417, 0.000
K, 744, 16.042, 121.190, 0.000
K, 745, 14.676, 120.796, 0.000
K, 746, 16.383, 122.570, 0.000
K, 747, 15.359, 123.555, 0.000
K, 748, 17.066, 125.328, 0.000
K, 749, 15.700, 124.934, 0.000
K, 750, 17.407, 126.708, 0.000
K, 751, 16.383, 127.693, 0.000
K, 752, 16.724, 129.073, 0.000
K, 753, 17.407, 131.831, 0.000
K, 754, 0.000, 46.111, 0.000
K, 755, 0.341, 47.491, 0.000
K, 756, 1.024, 50.250, 0.000
K, 757, 1.365, 51.629, 0.000
K, 758, 0.341, 52.614, 0.000
K, 759, 2.048, 54.388, 0.000
K, 760, 0.683, 53.994, 0.000
K, 761, 2.389, 55.767, 0.000
K, 762, 1.365, 56.752, 0.000
K, 763, 3.072, 58.526, 0.000
K, 764, 1.707, 58.132, 0.000
K, 765, 3.413, 59.905, 0.000
K, 766, 2.389, 60.891, 0.000
K, 767, 4.096, 62.664, 0.000
K, 768, 2.731, 62.270, 0.000
K, 769, 4.437, 64.044, 0.000
K, 770, 3.413, 65.029, 0.000
K, 771, 5.120, 66.802, 0.000
K, 772, 3.754, 66.408, 0.000
K, 773, 5.461, 68.182, 0.000
K, 774, 4.437, 69.167, 0.000
K, 775, 6.144, 70.941, 0.000
K, 776, 4.778, 70.546, 0.000
K, 777, 6.485, 72.320, 0.000
K, 778, 5.461, 73.305, 0.000
K, 779, 7.168, 75.079, 0.000
K, 780, 5.802, 74.685, 0.000
K, 781, 7.509, 76.458, 0.000
K, 782, 6.485, 77.444, 0.000
K, 783, 8.192, 79.217, 0.000
K, 784, 6.826, 78.823, 0.000
K, 785, 8.533, 80.596, 0.000
K, 786, 7.509, 81.582, 0.000
K, 787, 9.215, 83.355, 0.000
K, 788, 7.850, 82.961, 0.000
K, 789, 9.557, 84.735, 0.000
K, 790, 8.533, 85.720, 0.000
K, 791, 10.239, 87.493, 0.000
K, 792, 8.874, 87.099, 0.000
K, 793, 10.581, 88.873, 0.000
K, 794, 9.557, 89.858, 0.000
K, 795, 11.263, 91.632, 0.000
K, 796, 9.898, 91.238, 0.000
K, 797, 11.605, 93.011, 0.000
K, 798, 10.581, 93.996, 0.000
K, 799, 12.287, 95.770, 0.000
K, 800, 10.922, 95.376, 0.000
K, 801, 12.629, 97.149, 0.000
K, 802, 11.605, 98.135, 0.000
K, 803, 13.311, 99.908, 0.000
K, 804, 11.946, 99.514, 0.000
K, 805, 13.653, 101.287, 0.000
K, 806, 12.629, 102.273, 0.000
K, 807, 14.335, 104.046, 0.000
K, 808, 12.970, 103.652, 0.000
K, 809, 14.676, 105.426, 0.000
K, 810, 13.653, 106.411, 0.000
K, 811, 15.359, 108.184, 0.000
K, 812, 13.994, 107.790, 0.000
K, 813, 15.700, 109.564, 0.000
K, 814, 14.676, 110.549, 0.000
K, 815, 16.383, 112.323, 0.000
K, 816, 15.018, 111.929, 0.000
K, 817, 16.724, 113.702, 0.000
K, 818, 15.700, 114.687, 0.000
K, 819, 17.407, 116.461, 0.000
K, 820, 16.042, 116.067, 0.000
K, 821, 16.724, 118.826, 0.000
K, 822, 17.066, 120.205, 0.000
K, 823, 0.341, 37.244, 0.000
K, 824, 0.683, 38.623, 0.000
K, 825, 1.365, 41.382, 0.000
K, 826, 0.000, 40.988, 0.000
K, 827, 1.707, 42.761, 0.000
K, 828, 0.683, 43.747, 0.000
K, 829, 2.389, 45.520, 0.000
K, 830, 1.024, 45.126, 0.000
K, 831, 2.731, 46.900, 0.000
K, 832, 1.707, 47.885, 0.000
K, 833, 3.413, 49.658, 0.000
K, 834, 2.048, 49.264, 0.000
K, 835, 3.754, 51.038, 0.000
K, 836, 2.731, 52.023, 0.000
K, 837, 4.437, 53.797, 0.000
K, 838, 3.072, 53.403, 0.000
K, 839, 4.778, 55.176, 0.000
K, 840, 3.754, 56.161, 0.000
K, 841, 5.461, 57.935, 0.000
K, 842, 4.096, 57.541, 0.000
K, 843, 5.802, 59.314, 0.000
K, 844, 4.778, 60.300, 0.000
K, 845, 6.485, 62.073, 0.000
K, 846, 5.120, 61.679, 0.000
K, 847, 6.826, 63.452, 0.000
K, 848, 5.802, 64.438, 0.000
K, 849, 7.509, 66.211, 0.000
K, 850, 6.144, 65.817, 0.000
K, 851, 7.850, 67.591, 0.000
K, 852, 6.826, 68.576, 0.000
K, 853, 8.533, 70.349, 0.000
K, 854, 7.168, 69.955, 0.000
K, 855, 8.874, 71.729, 0.000
K, 856, 7.850, 72.714, 0.000
K, 857, 9.557, 74.488, 0.000
K, 858, 8.192, 74.094, 0.000
K, 859, 9.898, 75.867, 0.000
K, 860, 8.874, 76.852, 0.000
K, 861, 10.581, 78.626, 0.000
K, 862, 9.215, 78.232, 0.000
K, 863, 10.922, 80.005, 0.000
K, 864, 9.898, 80.991, 0.000
K, 865, 11.605, 82.764, 0.000
K, 866, 10.239, 82.370, 0.000
K, 867, 11.946, 84.143, 0.000
K, 868, 10.922, 85.129, 0.000
K, 869, 12.629, 86.902, 0.000
K, 870, 11.263, 86.508, 0.000
K, 871, 12.970, 88.282, 0.000
K, 872, 11.946, 89.267, 0.000
K, 873, 13.653, 91.040, 0.000
K, 874, 12.287, 90.646, 0.000
K, 875, 13.994, 92.420, 0.000
K, 876, 12.970, 93.405, 0.000
K, 877, 14.676, 95.179, 0.000
K, 878, 13.311, 94.785, 0.000
K, 879, 15.018, 96.558, 0.000
K, 880, 13.994, 97.543, 0.000
K, 881, 15.700, 99.317, 0.000
K, 882, 14.335, 98.923, 0.000
K, 883, 16.042, 100.696, 0.000
K, 884, 15.018, 101.682, 0.000
K, 885, 16.724, 103.455, 0.000
K, 886, 15.359, 103.061, 0.000
K, 887, 17.066, 104.834, 0.000
K, 888, 16.042, 105.820, 0.000
K, 889, 16.383, 107.199, 0.000
K, 890, 17.066, 109.958, 0.000
K, 891, 17.407, 111.337, 0.000
K, 892, 0.000, 25.617, 0.000
K, 893, 0.683, 28.376, 0.000
K, 894, 1.024, 29.756, 0.000
K, 895, 0.000, 30.741, 0.000
K, 896, 1.707, 32.514, 0.000
K, 897, 0.341, 32.120, 0.000
K, 898, 2.048, 33.894, 0.000
K, 899, 1.024, 34.879, 0.000
K, 900, 2.731, 36.653, 0.000
K, 901, 1.365, 36.259, 0.000
K, 902, 3.072, 38.032, 0.000
K, 903, 2.048, 39.017, 0.000
K, 904, 3.754, 40.791, 0.000
K, 905, 2.389, 40.397, 0.000
K, 906, 4.096, 42.170, 0.000
K, 907, 3.072, 43.156, 0.000
K, 908, 4.778, 44.929, 0.000
K, 909, 3.413, 44.535, 0.000
K, 910, 5.120, 46.308, 0.000
K, 911, 4.096, 47.294, 0.000
K, 912, 5.802, 49.067, 0.000
K, 913, 4.437, 48.673, 0.000
K, 914, 6.144, 50.447, 0.000
K, 915, 5.120, 51.432, 0.000
K, 916, 6.826, 53.205, 0.000
K, 917, 5.461, 52.811, 0.000
K, 918, 7.168, 54.585, 0.000
K, 919, 6.144, 55.570, 0.000
K, 920, 7.850, 57.344, 0.000
K, 921, 6.485, 56.950, 0.000
K, 922, 8.192, 58.723, 0.000
K, 923, 7.168, 59.708, 0.000
K, 924, 8.874, 61.482, 0.000
K, 925, 7.509, 61.088, 0.000
K, 926, 9.215, 62.861, 0.000
K, 927, 8.192, 63.847, 0.000
K, 928, 9.898, 65.620, 0.000
K, 929, 8.533, 65.226, 0.000
K, 930, 10.239, 66.999, 0.000
K, 931, 9.215, 67.985, 0.000
K, 932, 10.922, 69.758, 0.000
K, 933, 9.557, 69.364, 0.000
K, 934, 11.263, 71.138, 0.000
K, 935, 10.239, 72.123, 0.000
K, 936, 11.946, 73.896, 0.000
K, 937, 10.581, 73.502, 0.000
K, 938, 12.287, 75.276, 0.000
K, 939, 11.263, 76.261, 0.000
K, 940, 12.970, 78.035, 0.000
K, 941, 11.605, 77.641, 0.000
K, 942, 13.311, 79.414, 0.000
K, 943, 12.287, 80.399, 0.000
K, 944, 13.994, 82.173, 0.000
K, 945, 12.629, 81.779, 0.000
K, 946, 14.335, 83.552, 0.000
K, 947, 13.311, 84.538, 0.000
K, 948, 15.018, 86.311, 0.000
K, 949, 13.653, 85.917, 0.000
K, 950, 15.359, 87.690, 0.000
K, 951, 14.335, 88.676, 0.000
K, 952, 16.042, 90.449, 0.000
K, 953, 14.676, 90.055, 0.000
K, 954, 16.383, 91.829, 0.000
K, 955, 15.359, 92.814, 0.000
K, 956, 17.066, 94.587, 0.000
K, 957, 15.700, 94.193, 0.000
K, 958, 17.407, 95.967, 0.000
K, 959, 16.383, 96.952, 0.000
K, 960, 16.724, 98.332, 0.000
K, 961, 17.407, 101.090, 0.000
K, 962, 0.000, 15.370, 0.000
K, 963, 0.341, 16.750, 0.000
K, 964, 1.024, 19.509, 0.000
K, 965, 1.365, 20.888, 0.000
K, 966, 0.341, 21.873, 0.000
K, 967, 2.048, 23.647, 0.000
K, 968, 0.683, 23.253, 0.000
K, 969, 2.389, 25.026, 0.000
K, 970, 1.365, 26.012, 0.000
K, 971, 3.072, 27.785, 0.000
K, 972, 1.707, 27.391, 0.000
K, 973, 3.413, 29.164, 0.000
K, 974, 2.389, 30.150, 0.000
K, 975, 4.096, 31.923, 0.000
K, 976, 2.731, 31.529, 0.000
K, 977, 4.437, 33.303, 0.000
K, 978, 3.413, 34.288, 0.000
K, 979, 5.120, 36.061, 0.000
K, 980, 3.754, 35.667, 0.000
K, 981, 5.461, 37.441, 0.000
K, 982, 4.437, 38.426, 0.000
K, 983, 6.144, 40.200, 0.000
K, 984, 4.778, 39.806, 0.000
K, 985, 6.485, 41.579, 0.000
K, 986, 5.461, 42.564, 0.000
K, 987, 7.168, 44.338, 0.000
K, 988, 5.802, 43.944, 0.000
K, 989, 7.509, 45.717, 0.000
K, 990, 6.485, 46.703, 0.000
K, 991, 8.192, 48.476, 0.000
K, 992, 6.826, 48.082, 0.000
K, 993, 8.533, 49.855, 0.000
K, 994, 7.509, 50.841, 0.000
K, 995, 9.215, 52.614, 0.000
K, 996, 7.850, 52.220, 0.000
K, 997, 9.557, 53.994, 0.000
K, 998, 8.533, 54.979, 0.000
K, 999, 10.239, 56.752, 0.000
K, 1000, 8.874, 56.358, 0.000
K, 1001, 10.581, 58.132, 0.000
K, 1002, 9.557, 59.117, 0.000
K, 1003, 11.263, 60.891, 0.000
K, 1004, 9.898, 60.497, 0.000
K, 1005, 11.605, 62.270, 0.000
K, 1006, 10.581, 63.255, 0.000
K, 1007, 12.287, 65.029, 0.000
K, 1008, 10.922, 64.635, 0.000
K, 1009, 12.629, 66.408, 0.000
K, 1010, 11.605, 67.394, 0.000
K, 1011, 13.311, 69.167, 0.000
K, 1012, 11.946, 68.773, 0.000
K, 1013, 13.653, 70.546, 0.000
K, 1014, 12.629, 71.532, 0.000
K, 1015, 14.335, 73.305, 0.000
K, 1016, 12.970, 72.911, 0.000
K, 1017, 14.676, 74.685, 0.000
K, 1018, 13.653, 75.670, 0.000
K, 1019, 15.359, 77.444, 0.000
K, 1020, 13.994, 77.049, 0.000
K, 1021, 15.700, 78.823, 0.000
K, 1022, 14.676, 79.808, 0.000
K, 1023, 16.383, 81.582, 0.000
K, 1024, 15.018, 81.188, 0.000
K, 1025, 16.724, 82.961, 0.000
K, 1026, 15.700, 83.946, 0.000
K, 1027, 17.407, 85.720, 0.000
K, 1028, 16.042, 85.326, 0.000
K, 1029, 16.724, 88.085, 0.000
K, 1030, 17.066, 89.464, 0.000
K, 1031, 0.341, 6.503, 0.000
K, 1032, 0.683, 7.882, 0.000
K, 1033, 1.365, 10.641, 0.000
K, 1034, 0.000, 10.247, 0.000
K, 1035, 1.707, 12.020, 0.000
K, 1036, 0.683, 13.006, 0.000
K, 1037, 2.389, 14.779, 0.000
K, 1038, 1.024, 14.385, 0.000
K, 1039, 2.731, 16.159, 0.000
K, 1040, 1.707, 17.144, 0.000
K, 1041, 3.413, 18.918, 0.000
K, 1042, 2.048, 18.523, 0.000
K, 1043, 3.754, 20.297, 0.000
K, 1044, 2.731, 21.282, 0.000
K, 1045, 4.437, 23.056, 0.000
K, 1046, 3.072, 22.662, 0.000
K, 1047, 4.778, 24.435, 0.000
K, 1048, 3.754, 25.420, 0.000
K, 1049, 5.461, 27.194, 0.000
K, 1050, 4.096, 26.800, 0.000
K, 1051, 5.802, 28.573, 0.000
K, 1052, 4.778, 29.559, 0.000
K, 1053, 6.485, 31.332, 0.000
K, 1054, 5.120, 30.938, 0.000
K, 1055, 6.826, 32.712, 0.000
K, 1056, 5.802, 33.697, 0.000
K, 1057, 7.509, 35.470, 0.000
K, 1058, 6.144, 35.076, 0.000
K, 1059, 7.850, 36.850, 0.000
K, 1060, 6.826, 37.835, 0.000
K, 1061, 8.533, 39.609, 0.000
K, 1062, 7.168, 39.214, 0.000
K, 1063, 8.874, 40.988, 0.000
K, 1064, 7.850, 41.973, 0.000
K, 1065, 9.557, 43.747, 0.000
K, 1066, 8.192, 43.353, 0.000
K, 1067, 9.898, 45.126, 0.000
K, 1068, 8.874, 46.111, 0.000
K, 1069, 10.581, 47.885, 0.000
K, 1070, 9.215, 47.491, 0.000
K, 1071, 10.922, 49.264, 0.000
K, 1072, 9.898, 50.250, 0.000
K, 1073, 11.605, 52.023, 0.000
K, 1074, 10.239, 51.629, 0.000
K, 1075, 11.946, 53.403, 0.000
K, 1076, 10.922, 54.388, 0.000
K, 1077, 12.629, 56.161, 0.000
K, 1078, 11.263, 55.767, 0.000
K, 1079, 12.970, 57.541, 0.000
K, 1080, 11.946, 58.526, 0.000
K, 1081, 13.653, 60.300, 0.000
K, 1082, 12.287, 59.905, 0.000
K, 1083, 13.994, 61.679, 0.000
K, 1084, 12.970, 62.664, 0.000
K, 1085, 14.676, 64.438, 0.000
K, 1086, 13.311, 64.044, 0.000
K, 1087, 15.018, 65.817, 0.000
K, 1088, 13.994, 66.802, 0.000
K, 1089, 15.700, 68.576, 0.000
K, 1090, 14.335, 68.182, 0.000
K, 1091, 16.042, 69.955, 0.000
K, 1092, 15.018, 70.941, 0.000
K, 1093, 16.724, 72.714, 0.000
K, 1094, 15.359, 72.320, 0.000
K, 1095, 17.066, 74.094, 0.000
K, 1096, 16.042, 75.079, 0.000
K, 1097, 16.383, 76.458, 0.000
K, 1098, 17.066, 79.217, 0.000
K, 1099, 17.407, 80.596, 0.000
K, 1100, 0.000, 0.000, 0.000
K, 1101, 1.707, 1.774, 0.000
K, 1102, 0.341, 1.379, 0.000
K, 1103, 2.048, 3.153, 0.000
K, 1104, 1.024, 4.138, 0.000
K, 1105, 2.731, 5.912, 0.000
K, 1106, 1.365, 5.518, 0.000
K, 1107, 3.072, 7.291, 0.000
K, 1108, 2.048, 8.276, 0.000
K, 1109, 3.754, 10.050, 0.000
K, 1110, 2.389, 9.656, 0.000
K, 1111, 4.096, 11.429, 0.000
K, 1112, 3.072, 12.415, 0.000
K, 1113, 4.778, 14.188, 0.000
K, 1114, 3.413, 13.794, 0.000
K, 1115, 5.120, 15.568, 0.000
K, 1116, 4.096, 16.553, 0.000
K, 1117, 5.802, 18.326, 0.000
K, 1118, 4.437, 17.932, 0.000
K, 1119, 6.144, 19.706, 0.000
K, 1120, 5.120, 20.691, 0.000
K, 1121, 6.826, 22.465, 0.000
K, 1122, 5.461, 22.070, 0.000
K, 1123, 7.168, 23.844, 0.000
K, 1124, 6.144, 24.829, 0.000
K, 1125, 7.850, 26.603, 0.000
K, 1126, 6.485, 26.209, 0.000
K, 1127, 8.192, 27.982, 0.000
K, 1128, 7.168, 28.967, 0.000
K, 1129, 8.874, 30.741, 0.000
K, 1130, 7.509, 30.347, 0.000
K, 1131, 9.215, 32.120, 0.000
K, 1132, 8.192, 33.106, 0.000
K, 1133, 9.898, 34.879, 0.000
K, 1134, 8.533, 34.485, 0.000
K, 1135, 10.239, 36.259, 0.000
K, 1136, 9.215, 37.244, 0.000
K, 1137, 10.922, 39.017, 0.000
K, 1138, 9.557, 38.623, 0.000
K, 1139, 11.263, 40.397, 0.000
K, 1140, 10.239, 41.382, 0.000
K, 1141, 11.946, 43.156, 0.000
K, 1142, 10.581, 42.761, 0.000
K, 1143, 12.287, 44.535, 0.000
K, 1144, 11.263, 45.520, 0.000
K, 1145, 12.970, 47.294, 0.000
K, 1146, 11.605, 46.900, 0.000
K, 1147, 13.311, 48.673, 0.000
K, 1148, 12.287, 49.658, 0.000
K, 1149, 13.994, 51.432, 0.000
K, 1150, 12.629, 51.038, 0.000
K, 1151, 14.335, 52.811, 0.000
K, 1152, 13.311, 53.797, 0.000
K, 1153, 15.018, 55.570, 0.000
K, 1154, 13.653, 55.176, 0.000
K, 1155, 15.359, 56.950, 0.000
K, 1156, 14.335, 57.935, 0.000
K, 1157, 16.042, 59.708, 0.000
K, 1158, 14.676, 59.314, 0.000
K, 1159, 16.383, 61.088, 0.000
K, 1160, 15.359, 62.073, 0.000
K, 1161, 17.066, 63.847, 0.000
K, 1162, 15.700, 63.452, 0.000
K, 1163, 17.407, 65.226, 0.000
K, 1164, 16.383, 66.211, 0.000
K, 1165, 16.724, 67.591, 0.000
K, 1166, 17.407, 70.349, 0.000
K, 1167, 4.096, 1.182, 0.000
K, 1168, 2.731, 0.788, 0.000
K, 1169, 4.437, 2.562, 0.000
K, 1170, 3.413, 3.547, 0.000
K, 1171, 5.120, 5.321, 0.000
K, 1172, 3.754, 4.926, 0.000
K, 1173, 5.461, 6.700, 0.000
K, 1174, 4.437, 7.685, 0.000
K, 1175, 6.144, 9.459, 0.000
K, 1176, 4.778, 9.065, 0.000
K, 1177, 6.485, 10.838, 0.000
K, 1178, 5.461, 11.823, 0.000
K, 1179, 7.168, 13.597, 0.000
K, 1180, 5.802, 13.203, 0.000
K, 1181, 7.509, 14.976, 0.000
K, 1182, 6.485, 15.962, 0.000
K, 1183, 8.192, 17.735, 0.000
K, 1184, 6.826, 17.341, 0.000
K, 1185, 8.533, 19.115, 0.000
K, 1186, 7.509, 20.100, 0.000
K, 1187, 9.215, 21.873, 0.000
K, 1188, 7.850, 21.479, 0.000
K, 1189, 9.557, 23.253, 0.000
K, 1190, 8.533, 24.238, 0.000
K, 1191, 10.239, 26.012, 0.000
K, 1192, 8.874, 25.617, 0.000
K, 1193, 10.581, 27.391, 0.000
K, 1194, 9.557, 28.376, 0.000
K, 1195, 11.263, 30.150, 0.000
K, 1196, 9.898, 29.756, 0.000
K, 1197, 11.605, 31.529, 0.000
K, 1198, 10.581, 32.514, 0.000
K, 1199, 12.287, 34.288, 0.000
K, 1200, 10.922, 33.894, 0.000
K, 1201, 12.629, 35.667, 0.000
K, 1202, 11.605, 36.653, 0.000
K, 1203, 13.311, 38.426, 0.000
K, 1204, 11.946, 38.032, 0.000
K, 1205, 13.653, 39.806, 0.000
K, 1206, 12.629, 40.791, 0.000
K, 1207, 14.335, 42.564, 0.000
K, 1208, 12.970, 42.170, 0.000
K, 1209, 14.676, 43.944, 0.000
K, 1210, 13.653, 44.929, 0.000
K, 1211, 15.359, 46.703, 0.000
K, 1212, 13.994, 46.308, 0.000
K, 1213, 15.700, 48.082, 0.000
K, 1214, 14.676, 49.067, 0.000
K, 1215, 16.383, 50.841, 0.000
K, 1216, 15.018, 50.447, 0.000
K, 1217, 16.724, 52.220, 0.000
K, 1218, 15.700, 53.205, 0.000
K, 1219, 17.407, 54.979, 0.000
K, 1220, 16.042, 54.585, 0.000
K, 1221, 16.724, 57.344, 0.000
K, 1222, 17.066, 58.723, 0.000
K, 1223, 6.485, 0.591, 0.000
K, 1224, 5.120, 0.197, 0.000
K, 1225, 6.826, 1.971, 0.000
K, 1226, 5.802, 2.956, 0.000
K, 1227, 7.509, 4.729, 0.000
K, 1228, 6.144, 4.335, 0.000
K, 1229, 7.850, 6.109, 0.000
K, 1230, 6.826, 7.094, 0.000
K, 1231, 8.533, 8.868, 0.000
K, 1232, 7.168, 8.473, 0.000
K, 1233, 8.874, 10.247, 0.000
K, 1234, 7.850, 11.232, 0.000
K, 1235, 9.557, 13.006, 0.000
K, 1236, 8.192, 12.612, 0.000
K, 1237, 9.898, 14.385, 0.000
K, 1238, 8.874, 15.370, 0.000
K, 1239, 10.581, 17.144, 0.000
K, 1240, 9.215, 16.750, 0.000
K, 1241, 10.922, 18.523, 0.000
K, 1242, 9.898, 19.509, 0.000
K, 1243, 11.605, 21.282, 0.000
K, 1244, 10.239, 20.888, 0.000
K, 1245, 11.946, 22.662, 0.000
K, 1246, 10.922, 23.647, 0.000
K, 1247, 12.629, 25.420, 0.000
K, 1248, 11.263, 25.026, 0.000
K, 1249, 12.970, 26.800, 0.000
K, 1250, 11.946, 27.785, 0.000
K, 1251, 13.653, 29.559, 0.000
K, 1252, 12.287, 29.164, 0.000
K, 1253, 13.994, 30.938, 0.000
K, 1254, 12.970, 31.923, 0.000
K, 1255, 14.676, 33.697, 0.000
K, 1256, 13.311, 33.303, 0.000
K, 1257, 15.018, 35.076, 0.000
K, 1258, 13.994, 36.061, 0.000
K, 1259, 15.700, 37.835, 0.000
K, 1260, 14.335, 37.441, 0.000
K, 1261, 16.042, 39.214, 0.000
K, 1262, 15.018, 40.200, 0.000
K, 1263, 16.724, 41.973, 0.000
K, 1264, 15.359, 41.579, 0.000
K, 1265, 17.066, 43.353, 0.000
K, 1266, 16.042, 44.338, 0.000
K, 1267, 16.383, 45.717, 0.000
K, 1268, 17.066, 48.476, 0.000
K, 1269, 17.407, 49.855, 0.000
K, 1270, 8.874, 0.000, 0.000
K, 1271, 9.215, 1.379, 0.000
K, 1272, 8.192, 2.365, 0.000
K, 1273, 9.898, 4.138, 0.000
K, 1274, 8.533, 3.744, 0.000
K, 1275, 10.239, 5.518, 0.000
K, 1276, 9.215, 6.503, 0.000
K, 1277, 10.922, 8.276, 0.000
K, 1278, 9.557, 7.882, 0.000
K, 1279, 11.263, 9.656, 0.000
K, 1280, 10.239, 10.641, 0.000
K, 1281, 11.946, 12.415, 0.000
K, 1282, 10.581, 12.020, 0.000
K, 1283, 12.287, 13.794, 0.000
K, 1284, 11.263, 14.779, 0.000
K, 1285, 12.970, 16.553, 0.000
K, 1286, 11.605, 16.159, 0.000
K, 1287, 13.311, 17.932, 0.000
K, 1288, 12.287, 18.918, 0.000
K, 1289, 13.994, 20.691, 0.000
K, 1290, 12.629, 20.297, 0.000
K, 1291, 14.335, 22.070, 0.000
K, 1292, 13.311, 23.056, 0.000
K, 1293, 15.018, 24.829, 0.000
K, 1294, 13.653, 24.435, 0.000
K, 1295, 15.359, 26.209, 0.000
K, 1296, 14.335, 27.194, 0.000
K, 1297, 16.042, 28.967, 0.000
K, 1298, 14.676, 28.573, 0.000
K, 1299, 16.383, 30.347, 0.000
K, 1300, 15.359, 31.332, 0.000
K, 1301, 17.066, 33.106, 0.000
K, 1302, 15.700, 32.712, 0.000
K, 1303, 17.407, 34.485, 0.000
K, 1304, 16.383, 35.470, 0.000
K, 1305, 16.724, 36.850, 0.000
K, 1306, 17.407, 39.609, 0.000
K, 1307, 11.605, 0.788, 0.000
K, 1308, 10.581, 1.774, 0.000
K, 1309, 12.287, 3.547, 0.000
K, 1310, 10.922, 3.153, 0.000
K, 1311, 12.629, 4.926, 0.000
K, 1312, 11.605, 5.912, 0.000
K, 1313, 13.311, 7.685, 0.000
K, 1314, 11.946, 7.291, 0.000
K, 1315, 13.653, 9.065, 0.000
K, 1316, 12.629, 10.050, 0.000
K, 1317, 14.335, 11.823, 0.000
K, 1318, 12.970, 11.429, 0.000
K, 1319, 14.676, 13.203, 0.000
K, 1320, 13.653, 14.188, 0.000
K, 1321, 15.359, 15.962, 0.000
K, 1322, 13.994, 15.568, 0.000
K, 1323, 15.700, 17.341, 0.000
K, 1324, 14.676, 18.326, 0.000
K, 1325, 16.383, 20.100, 0.000
K, 1326, 15.018, 19.706, 0.000
K, 1327, 16.724, 21.479, 0.000
K, 1328, 15.700, 22.465, 0.000
K, 1329, 17.407, 24.238, 0.000
K, 1330, 16.042, 23.844, 0.000
K, 1331, 16.724, 26.603, 0.000
K, 1332, 17.066, 27.982, 0.000
K, 1333, 13.994, 0.197, 0.000
K, 1334, 12.970, 1.182, 0.000
K, 1335, 14.676, 2.956, 0.000
K, 1336, 13.311, 2.562, 0.000
K, 1337, 15.018, 4.335, 0.000
K, 1338, 13.994, 5.321, 0.000
K, 1339, 15.700, 7.094, 0.000
K, 1340, 14.335, 6.700, 0.000
K, 1341, 16.042, 8.473, 0.000
K, 1342, 15.018, 9.459, 0.000
K, 1343, 16.724, 11.232, 0.000
K, 1344, 15.359, 10.838, 0.000
K, 1345, 17.066, 12.612, 0.000
K, 1346, 16.042, 13.597, 0.000
K, 1347, 16.383, 14.976, 0.000
K, 1348, 17.066, 17.735, 0.000
K, 1349, 17.407, 19.115, 0.000
K, 1350, 15.359, 0.591, 0.000
K, 1351, 17.066, 2.365, 0.000
K, 1352, 15.700, 1.971, 0.000
K, 1353, 17.407, 3.744, 0.000
K, 1354, 16.383, 4.729, 0.000
K, 1355, 16.724, 6.109, 0.000
K, 1356, 17.407, 8.868, 0.000
L, 1, 9
L, 2, 3
L, 2, 19
L, 3, 2
L, 3, 21
L, 4, 5
L, 4, 6
L, 5, 4
L, 6, 4
L, 6, 7
L, 7, 6
L, 7, 9
L, 8, 9
L, 8, 27
L, 9, 1
L, 9, 7
L, 10, 37
L, 11, 12
L, 11, 39
L, 12, 11
L, 12, 13
L, 13, 12
L, 13, 15
L, 14, 15
L, 14, 16
L, 15, 13
L, 15, 14
L, 16, 14
L, 16, 17
L, 17, 16
L, 17, 19
L, 18, 19
L, 18, 20
L, 19, 2
L, 19, 17
L, 20, 18
L, 20, 21
L, 21, 3
L, 21, 20
L, 22, 23
L, 22, 24
L, 23, 4
L, 23, 21
L, 24, 22
L, 24, 25
L, 25, 6
L, 25, 24
L, 26, 27
L, 26, 28
L, 27, 8
L, 27, 25
L, 28, 26
L, 29, 30
L, 29, 64
L, 30, 29
L, 30, 66
L, 31, 32
L, 31, 68
L, 32, 31
L, 32, 33
L, 33, 32
L, 33, 35
L, 34, 35
L, 34, 36
L, 35, 33
L, 35, 34
L, 36, 34
L, 36, 37
L, 37, 10
L, 37, 36
L, 38, 39
L, 38, 40
L, 39, 11
L, 39, 37
L, 40, 38
L, 40, 41
L, 41, 12
L, 41, 40
L, 42, 43
L, 42, 44
L, 43, 14
L, 43, 41
L, 44, 42
L, 44, 45
L, 45, 16
L, 45, 44
L, 46, 47
L, 46, 48
L, 47, 18
L, 47, 45
L, 48, 46
L, 48, 49
L, 49, 20
L, 49, 48
L, 50, 51
L, 50, 52
L, 51, 22
L, 51, 49
L, 52, 50
L, 52, 53
L, 53, 24
L, 53, 52
L, 54, 55
L, 54, 56
L, 55, 26
L, 55, 53
L, 56, 54
L, 56, 94
L, 57, 58
L, 57, 104
L, 58, 57
L, 58, 106
L, 59, 60
L, 59, 61
L, 60, 59
L, 61, 59
L, 61, 62
L, 62, 61
L, 62, 64
L, 63, 64
L, 63, 65
L, 64, 29
L, 64, 62
L, 65, 63
L, 65, 66
L, 66, 30
L, 66, 65
L, 67, 68
L, 67, 69
L, 68, 31
L, 68, 66
L, 69, 67
L, 69, 70
L, 70, 32
L, 70, 69
L, 71, 72
L, 71, 73
L, 72, 34
L, 72, 70
L, 73, 71
L, 73, 74
L, 74, 36
L, 74, 73
L, 75, 76
L, 75, 77
L, 76, 38
L, 76, 74
L, 77, 75
L, 77, 78
L, 78, 40
L, 78, 77
L, 79, 80
L, 79, 81
L, 80, 42
L, 80, 78
L, 81, 79
L, 81, 82
L, 82, 44
L, 82, 81
L, 83, 84
L, 83, 85
L, 84, 46
L, 84, 82
L, 85, 83
L, 85, 86
L, 86, 48
L, 86, 85
L, 87, 88
L, 87, 89
L, 88, 50
L, 88, 86
L, 89, 87
L, 89, 90
L, 90, 52
L, 90, 89
L, 91, 92
L, 91, 93
L, 92, 54
L, 92, 90
L, 93, 91
L, 93, 94
L, 94, 56
L, 94, 93
L, 95, 151
L, 96, 97
L, 96, 153
L, 97, 96
L, 97, 98
L, 98, 97
L, 98, 100
L, 99, 100
L, 99, 101
L, 100, 98
L, 100, 99
L, 101, 99
L, 101, 102
L, 102, 101
L, 102, 104
L, 103, 104
L, 103, 105
L, 104, 57
L, 104, 102
L, 105, 103
L, 105, 106
L, 106, 58
L, 106, 105
L, 107, 108
L, 107, 109
L, 108, 59
L, 108, 106
L, 109, 107
L, 109, 110
L, 110, 61
L, 110, 109
L, 111, 112
L, 111, 113
L, 112, 63
L, 112, 110
L, 113, 111
L, 113, 114
L, 114, 65
L, 114, 113
L, 115, 116
L, 115, 117
L, 116, 67
L, 116, 114
L, 117, 115
L, 117, 118
L, 118, 69
L, 118, 117
L, 119, 120
L, 119, 121
L, 120, 71
L, 120, 118
L, 121, 119
L, 121, 122
L, 122, 73
L, 122, 121
L, 123, 124
L, 123, 125
L, 124, 75
L, 124, 122
L, 125, 123
L, 125, 126
L, 126, 77
L, 126, 125
L, 127, 128
L, 127, 129
L, 128, 79
L, 128, 126
L, 129, 127
L, 129, 130
L, 130, 81
L, 130, 129
L, 131, 132
L, 131, 133
L, 132, 83
L, 132, 130
L, 133, 131
L, 133, 134
L, 134, 85
L, 134, 133
L, 135, 136
L, 135, 137
L, 136, 87
L, 136, 134
L, 137, 135
L, 137, 138
L, 138, 89
L, 138, 137
L, 139, 140
L, 139, 141
L, 140, 91
L, 140, 138
L, 141, 139
L, 141, 142
L, 142, 93
L, 142, 141
L, 143, 144
L, 143, 208
L, 144, 143
L, 144, 210
L, 145, 146
L, 145, 212
L, 146, 145
L, 146, 147
L, 147, 146
L, 147, 149
L, 148, 149
L, 148, 150
L, 149, 147
L, 149, 148
L, 150, 148
L, 150, 151
L, 151, 95
L, 151, 150
L, 152, 153
L, 152, 154
L, 153, 96
L, 153, 151
L, 154, 152
L, 154, 155
L, 155, 97
L, 155, 154
L, 156, 157
L, 156, 158
L, 157, 99
L, 157, 155
L, 158, 156
L, 158, 159
L, 159, 101
L, 159, 158
L, 160, 161
L, 160, 162
L, 161, 103
L, 161, 159
L, 162, 160
L, 162, 163
L, 163, 105
L, 163, 162
L, 164, 165
L, 164, 166
L, 165, 107
L, 165, 163
L, 166, 164
L, 166, 167
L, 167, 109
L, 167, 166
L, 168, 169
L, 168, 170
L, 169, 111
L, 169, 167
L, 170, 168
L, 170, 171
L, 171, 113
L, 171, 170
L, 172, 173
L, 172, 174
L, 173, 115
L, 173, 171
L, 174, 172
L, 174, 175
L, 175, 117
L, 175, 174
L, 176, 177
L, 176, 178
L, 177, 119
L, 177, 175
L, 178, 176
L, 178, 179
L, 179, 121
L, 179, 178
L, 180, 181
L, 180, 182
L, 181, 123
L, 181, 179
L, 182, 180
L, 182, 183
L, 183, 125
L, 183, 182
L, 184, 185
L, 184, 186
L, 185, 127
L, 185, 183
L, 186, 184
L, 186, 187
L, 187, 129
L, 187, 186
L, 188, 189
L, 188, 190
L, 189, 131
L, 189, 187
L, 190, 188
L, 190, 191
L, 191, 133
L, 191, 190
L, 192, 193
L, 192, 194
L, 193, 135
L, 193, 191
L, 194, 192
L, 194, 195
L, 195, 137
L, 195, 194
L, 196, 197
L, 196, 198
L, 197, 139
L, 197, 195
L, 198, 196
L, 198, 199
L, 199, 141
L, 199, 198
L, 200, 199
L, 201, 202
L, 201, 277
L, 202, 201
L, 202, 279
L, 203, 204
L, 203, 205
L, 204, 203
L, 205, 203
L, 205, 206
L, 206, 205
L, 206, 208
L, 207, 208
L, 207, 209
L, 208, 143
L, 208, 206
L, 209, 207
L, 209, 210
L, 210, 144
L, 210, 209
L, 211, 212
L, 211, 213
L, 212, 145
L, 212, 210
L, 213, 211
L, 213, 214
L, 214, 146
L, 214, 213
L, 215, 216
L, 215, 217
L, 216, 148
L, 216, 214
L, 217, 215
L, 217, 218
L, 218, 150
L, 218, 217
L, 219, 220
L, 219, 221
L, 220, 152
L, 220, 218
L, 221, 219
L, 221, 222
L, 222, 154
L, 222, 221
L, 223, 224
L, 223, 225
L, 224, 156
L, 224, 222
L, 225, 223
L, 225, 226
L, 226, 158
L, 226, 225
L, 227, 228
L, 227, 229
L, 228, 160
L, 228, 226
L, 229, 227
L, 229, 230
L, 230, 162
L, 230, 229
L, 231, 232
L, 231, 233
L, 232, 164
L, 232, 230
L, 233, 231
L, 233, 234
L, 234, 166
L, 234, 233
L, 235, 236
L, 235, 237
L, 236, 168
L, 236, 234
L, 237, 235
L, 237, 238
L, 238, 170
L, 238, 237
L, 239, 240
L, 239, 241
L, 240, 172
L, 240, 238
L, 241, 239
L, 241, 242
L, 242, 174
L, 242, 241
L, 243, 244
L, 243, 245
L, 244, 176
L, 244, 242
L, 245, 243
L, 245, 246
L, 246, 178
L, 246, 245
L, 247, 248
L, 247, 249
L, 248, 180
L, 248, 246
L, 249, 247
L, 249, 250
L, 250, 182
L, 250, 249
L, 251, 252
L, 251, 253
L, 252, 184
L, 252, 250
L, 253, 251
L, 253, 254
L, 254, 186
L, 254, 253
L, 255, 256
L, 255, 257
L, 256, 188
L, 256, 254
L, 257, 255
L, 257, 258
L, 258, 190
L, 258, 257
L, 259, 260
L, 259, 261
L, 260, 192
L, 260, 258
L, 261, 259
L, 261, 262
L, 262, 194
L, 262, 261
L, 263, 264
L, 263, 265
L, 264, 196
L, 264, 262
L, 265, 263
L, 265, 266
L, 266, 198
L, 266, 265
L, 267, 266
L, 268, 346
L, 269, 270
L, 269, 348
L, 270, 269
L, 270, 271
L, 271, 270
L, 271, 273
L, 272, 273
L, 272, 274
L, 273, 271
L, 273, 272
L, 274, 272
L, 274, 275
L, 275, 274
L, 275, 277
L, 276, 277
L, 276, 278
L, 277, 201
L, 277, 275
L, 278, 276
L, 278, 279
L, 279, 202
L, 279, 278
L, 280, 281
L, 280, 282
L, 281, 203
L, 281, 279
L, 282, 280
L, 282, 283
L, 283, 205
L, 283, 282
L, 284, 285
L, 284, 286
L, 285, 207
L, 285, 283
L, 286, 284
L, 286, 287
L, 287, 209
L, 287, 286
L, 288, 289
L, 288, 290
L, 289, 211
L, 289, 287
L, 290, 288
L, 290, 291
L, 291, 213
L, 291, 290
L, 292, 293
L, 292, 294
L, 293, 215
L, 293, 291
L, 294, 292
L, 294, 295
L, 295, 217
L, 295, 294
L, 296, 297
L, 296, 298
L, 297, 219
L, 297, 295
L, 298, 296
L, 298, 299
L, 299, 221
L, 299, 298
L, 300, 301
L, 300, 302
L, 301, 223
L, 301, 299
L, 302, 300
L, 302, 303
L, 303, 225
L, 303, 302
L, 304, 305
L, 304, 306
L, 305, 227
L, 305, 303
L, 306, 304
L, 306, 307
L, 307, 229
L, 307, 306
L, 308, 309
L, 308, 310
L, 309, 231
L, 309, 307
L, 310, 308
L, 310, 311
L, 311, 233
L, 311, 310
L, 312, 313
L, 312, 314
L, 313, 235
L, 313, 311
L, 314, 312
L, 314, 315
L, 315, 237
L, 315, 314
L, 316, 317
L, 316, 318
L, 317, 239
L, 317, 315
L, 318, 316
L, 318, 319
L, 319, 241
L, 319, 318
L, 320, 321
L, 320, 322
L, 321, 243
L, 321, 319
L, 322, 320
L, 322, 323
L, 323, 245
L, 323, 322
L, 324, 325
L, 324, 326
L, 325, 247
L, 325, 323
L, 326, 324
L, 326, 327
L, 327, 249
L, 327, 326
L, 328, 329
L, 328, 330
L, 329, 251
L, 329, 327
L, 330, 328
L, 330, 331
L, 331, 253
L, 331, 330
L, 332, 333
L, 332, 334
L, 333, 255
L, 333, 331
L, 334, 332
L, 334, 335
L, 335, 257
L, 335, 334
L, 336, 259
L, 336, 335
L, 337, 261
L, 338, 339
L, 338, 414
L, 339, 338
L, 339, 416
L, 340, 341
L, 340, 418
L, 341, 340
L, 341, 342
L, 342, 341
L, 342, 344
L, 343, 344
L, 343, 345
L, 344, 342
L, 344, 343
L, 345, 343
L, 345, 346
L, 346, 268
L, 346, 345
L, 347, 348
L, 347, 349
L, 348, 269
L, 348, 346
L, 349, 347
L, 349, 350
L, 350, 270
L, 350, 349
L, 351, 352
L, 351, 353
L, 352, 272
L, 352, 350
L, 353, 351
L, 353, 354
L, 354, 274
L, 354, 353
L, 355, 356
L, 355, 357
L, 356, 276
L, 356, 354
L, 357, 355
L, 357, 358
L, 358, 278
L, 358, 357
L, 359, 360
L, 359, 361
L, 360, 280
L, 360, 358
L, 361, 359
L, 361, 362
L, 362, 282
L, 362, 361
L, 363, 364
L, 363, 365
L, 364, 284
L, 364, 362
L, 365, 363
L, 365, 366
L, 366, 286
L, 366, 365
L, 367, 368
L, 367, 369
L, 368, 288
L, 368, 366
L, 369, 367
L, 369, 370
L, 370, 290
L, 370, 369
L, 371, 372
L, 371, 373
L, 372, 292
L, 372, 370
L, 373, 371
L, 373, 374
L, 374, 294
L, 374, 373
L, 375, 376
L, 375, 377
L, 376, 296
L, 376, 374
L, 377, 375
L, 377, 378
L, 378, 298
L, 378, 377
L, 379, 380
L, 379, 381
L, 380, 300
L, 380, 378
L, 381, 379
L, 381, 382
L, 382, 302
L, 382, 381
L, 383, 384
L, 383, 385
L, 384, 304
L, 384, 382
L, 385, 383
L, 385, 386
L, 386, 306
L, 386, 385
L, 387, 388
L, 387, 389
L, 388, 308
L, 388, 386
L, 389, 387
L, 389, 390
L, 390, 310
L, 390, 389
L, 391, 392
L, 391, 393
L, 392, 312
L, 392, 390
L, 393, 391
L, 393, 394
L, 394, 314
L, 394, 393
L, 395, 396
L, 395, 397
L, 396, 316
L, 396, 394
L, 397, 395
L, 397, 398
L, 398, 318
L, 398, 397
L, 399, 400
L, 399, 401
L, 400, 320
L, 400, 398
L, 401, 399
L, 401, 402
L, 402, 322
L, 402, 401
L, 403, 404
L, 404, 324
L, 404, 402
L, 405, 326
L, 405, 406
L, 406, 328
L, 406, 405
L, 407, 408
L, 407, 485
L, 408, 407
L, 408, 487
L, 409, 410
L, 409, 411
L, 410, 409
L, 411, 409
L, 411, 412
L, 412, 411
L, 412, 414
L, 413, 414
L, 413, 415
L, 414, 338
L, 414, 412
L, 415, 413
L, 415, 416
L, 416, 339
L, 416, 415
L, 417, 418
L, 417, 419
L, 418, 340
L, 418, 416
L, 419, 417
L, 419, 420
L, 420, 341
L, 420, 419
L, 421, 422
L, 421, 423
L, 422, 343
L, 422, 420
L, 423, 421
L, 423, 424
L, 424, 345
L, 424, 423
L, 425, 426
L, 425, 427
L, 426, 347
L, 426, 424
L, 427, 425
L, 427, 428
L, 428, 349
L, 428, 427
L, 429, 430
L, 429, 431
L, 430, 351
L, 430, 428
L, 431, 429
L, 431, 432
L, 432, 353
L, 432, 431
L, 433, 434
L, 433, 435
L, 434, 355
L, 434, 432
L, 435, 433
L, 435, 436
L, 436, 357
L, 436, 435
L, 437, 438
L, 437, 439
L, 438, 359
L, 438, 436
L, 439, 437
L, 439, 440
L, 440, 361
L, 440, 439
L, 441, 442
L, 441, 443
L, 442, 363
L, 442, 440
L, 443, 441
L, 443, 444
L, 444, 365
L, 444, 443
L, 445, 446
L, 445, 447
L, 446, 367
L, 446, 444
L, 447, 445
L, 447, 448
L, 448, 369
L, 448, 447
L, 449, 450
L, 449, 451
L, 450, 371
L, 450, 448
L, 451, 449
L, 451, 452
L, 452, 373
L, 452, 451
L, 453, 454
L, 453, 455
L, 454, 375
L, 454, 452
L, 455, 453
L, 455, 456
L, 456, 377
L, 456, 455
L, 457, 458
L, 457, 459
L, 458, 379
L, 458, 456
L, 459, 457
L, 459, 460
L, 460, 381
L, 460, 459
L, 461, 462
L, 461, 463
L, 462, 383
L, 462, 460
L, 463, 461
L, 463, 464
L, 464, 385
L, 464, 463
L, 465, 466
L, 465, 467
L, 466, 387
L, 466, 464
L, 467, 465
L, 467, 468
L, 468, 389
L, 468, 467
L, 469, 470
L, 469, 471
L, 470, 391
L, 470, 468
L, 471, 469
L, 471, 472
L, 472, 393
L, 472, 471
L, 473, 395
L, 473, 472
L, 474, 397
L, 474, 475
L, 475, 399
L, 475, 474
L, 476, 554
L, 477, 478
L, 477, 556
L, 478, 477
L, 478, 479
L, 479, 478
L, 479, 481
L, 480, 481
L, 480, 482
L, 481, 479
L, 481, 480
L, 482, 480
L, 482, 483
L, 483, 482
L, 483, 485
L, 484, 485
L, 484, 486
L, 485, 407
L, 485, 483
L, 486, 484
L, 486, 487
L, 487, 408
L, 487, 486
L, 488, 489
L, 488, 490
L, 489, 409
L, 489, 487
L, 490, 488
L, 490, 491
L, 491, 411
L, 491, 490
L, 492, 493
L, 492, 494
L, 493, 413
L, 493, 491
L, 494, 492
L, 494, 495
L, 495, 415
L, 495, 494
L, 496, 497
L, 496, 498
L, 497, 417
L, 497, 495
L, 498, 496
L, 498, 499
L, 499, 419
L, 499, 498
L, 500, 501
L, 500, 502
L, 501, 421
L, 501, 499
L, 502, 500
L, 502, 503
L, 503, 423
L, 503, 502
L, 504, 505
L, 504, 506
L, 505, 425
L, 505, 503
L, 506, 504
L, 506, 507
L, 507, 427
L, 507, 506
L, 508, 509
L, 508, 510
L, 509, 429
L, 509, 507
L, 510, 508
L, 510, 511
L, 511, 431
L, 511, 510
L, 512, 513
L, 512, 514
L, 513, 433
L, 513, 511
L, 514, 512
L, 514, 515
L, 515, 435
L, 515, 514
L, 516, 517
L, 516, 518
L, 517, 437
L, 517, 515
L, 518, 516
L, 518, 519
L, 519, 439
L, 519, 518
L, 520, 521
L, 520, 522
L, 521, 441
L, 521, 519
L, 522, 520
L, 522, 523
L, 523, 443
L, 523, 522
L, 524, 525
L, 524, 526
L, 525, 445
L, 525, 523
L, 526, 524
L, 526, 527
L, 527, 447
L, 527, 526
L, 528, 529
L, 528, 530
L, 529, 449
L, 529, 527
L, 530, 528
L, 530, 531
L, 531, 451
L, 531, 530
L, 532, 533
L, 532, 534
L, 533, 453
L, 533, 531
L, 534, 532
L, 534, 535
L, 535, 455
L, 535, 534
L, 536, 537
L, 536, 538
L, 537, 457
L, 537, 535
L, 538, 536
L, 538, 539
L, 539, 459
L, 539, 538
L, 540, 541
L, 540, 542
L, 541, 461
L, 541, 539
L, 542, 540
L, 542, 543
L, 543, 463
L, 543, 542
L, 544, 465
L, 544, 543
L, 545, 467
L, 546, 547
L, 546, 622
L, 547, 546
L, 547, 624
L, 548, 549
L, 548, 626
L, 549, 548
L, 549, 550
L, 550, 549
L, 550, 552
L, 551, 552
L, 551, 553
L, 552, 550
L, 552, 551
L, 553, 551
L, 553, 554
L, 554, 476
L, 554, 553
L, 555, 556
L, 555, 557
L, 556, 477
L, 556, 554
L, 557, 555
L, 557, 558
L, 558, 478
L, 558, 557
L, 559, 560
L, 559, 561
L, 560, 480
L, 560, 558
L, 561, 559
L, 561, 562
L, 562, 482
L, 562, 561
L, 563, 564
L, 563, 565
L, 564, 484
L, 564, 562
L, 565, 563
L, 565, 566
L, 566, 486
L, 566, 565
L, 567, 568
L, 567, 569
L, 568, 488
L, 568, 566
L, 569, 567
L, 569, 570
L, 570, 490
L, 570, 569
L, 571, 572
L, 571, 573
L, 572, 492
L, 572, 570
L, 573, 571
L, 573, 574
L, 574, 494
L, 574, 573
L, 575, 576
L, 575, 577
L, 576, 496
L, 576, 574
L, 577, 575
L, 577, 578
L, 578, 498
L, 578, 577
L, 579, 580
L, 579, 581
L, 580, 500
L, 580, 578
L, 581, 579
L, 581, 582
L, 582, 502
L, 582, 581
L, 583, 584
L, 583, 585
L, 584, 504
L, 584, 582
L, 585, 583
L, 585, 586
L, 586, 506
L, 586, 585
L, 587, 588
L, 587, 589
L, 588, 508
L, 588, 586
L, 589, 587
L, 589, 590
L, 590, 510
L, 590, 589
L, 591, 592
L, 591, 593
L, 592, 512
L, 592, 590
L, 593, 591
L, 593, 594
L, 594, 514
L, 594, 593
L, 595, 596
L, 595, 597
L, 596, 516
L, 596, 594
L, 597, 595
L, 597, 598
L, 598, 518
L, 598, 597
L, 599, 600
L, 599, 601
L, 600, 520
L, 600, 598
L, 601, 599
L, 601, 602
L, 602, 522
L, 602, 601
L, 603, 604
L, 603, 605
L, 604, 524
L, 604, 602
L, 605, 603
L, 605, 606
L, 606, 526
L, 606, 605
L, 607, 608
L, 607, 609
L, 608, 528
L, 608, 606
L, 609, 607
L, 609, 610
L, 610, 530
L, 610, 609
L, 611, 612
L, 612, 532
L, 612, 610
L, 613, 534
L, 613, 614
L, 614, 536
L, 614, 613
L, 615, 616
L, 615, 693
L, 616, 615
L, 616, 695
L, 617, 618
L, 617, 619
L, 618, 617
L, 619, 617
L, 619, 620
L, 620, 619
L, 620, 622
L, 621, 622
L, 621, 623
L, 622, 546
L, 622, 620
L, 623, 621
L, 623, 624
L, 624, 547
L, 624, 623
L, 625, 626
L, 625, 627
L, 626, 548
L, 626, 624
L, 627, 625
L, 627, 628
L, 628, 549
L, 628, 627
L, 629, 630
L, 629, 631
L, 630, 551
L, 630, 628
L, 631, 629
L, 631, 632
L, 632, 553
L, 632, 631
L, 633, 634
L, 633, 635
L, 634, 555
L, 634, 632
L, 635, 633
L, 635, 636
L, 636, 557
L, 636, 635
L, 637, 638
L, 637, 639
L, 638, 559
L, 638, 636
L, 639, 637
L, 639, 640
L, 640, 561
L, 640, 639
L, 641, 642
L, 641, 643
L, 642, 563
L, 642, 640
L, 643, 641
L, 643, 644
L, 644, 565
L, 644, 643
L, 645, 646
L, 645, 647
L, 646, 567
L, 646, 644
L, 647, 645
L, 647, 648
L, 648, 569
L, 648, 647
L, 649, 650
L, 649, 651
L, 650, 571
L, 650, 648
L, 651, 649
L, 651, 652
L, 652, 573
L, 652, 651
L, 653, 654
L, 653, 655
L, 654, 575
L, 654, 652
L, 655, 653
L, 655, 656
L, 656, 577
L, 656, 655
L, 657, 658
L, 657, 659
L, 658, 579
L, 658, 656
L, 659, 657
L, 659, 660
L, 660, 581
L, 660, 659
L, 661, 662
L, 661, 663
L, 662, 583
L, 662, 660
L, 663, 661
L, 663, 664
L, 664, 585
L, 664, 663
L, 665, 666
L, 665, 667
L, 666, 587
L, 666, 664
L, 667, 665
L, 667, 668
L, 668, 589
L, 668, 667
L, 669, 670
L, 669, 671
L, 670, 591
L, 670, 668
L, 671, 669
L, 671, 672
L, 672, 593
L, 672, 671
L, 673, 674
L, 673, 675
L, 674, 595
L, 674, 672
L, 675, 673
L, 675, 676
L, 676, 597
L, 676, 675
L, 677, 678
L, 677, 679
L, 678, 599
L, 678, 676
L, 679, 677
L, 679, 680
L, 680, 601
L, 680, 679
L, 681, 603
L, 681, 680
L, 682, 605
L, 682, 683
L, 683, 607
L, 683, 682
L, 684, 762
L, 685, 686
L, 685, 764
L, 686, 685
L, 686, 687
L, 687, 686
L, 687, 689
L, 688, 689
L, 688, 690
L, 689, 687
L, 689, 688
L, 690, 688
L, 690, 691
L, 691, 690
L, 691, 693
L, 692, 693
L, 692, 694
L, 693, 615
L, 693, 691
L, 694, 692
L, 694, 695
L, 695, 616
L, 695, 694
L, 696, 697
L, 696, 698
L, 697, 617
L, 697, 695
L, 698, 696
L, 698, 699
L, 699, 619
L, 699, 698
L, 700, 701
L, 700, 702
L, 701, 621
L, 701, 699
L, 702, 700
L, 702, 703
L, 703, 623
L, 703, 702
L, 704, 705
L, 704, 706
L, 705, 625
L, 705, 703
L, 706, 704
L, 706, 707
L, 707, 627
L, 707, 706
L, 708, 709
L, 708, 710
L, 709, 629
L, 709, 707
L, 710, 708
L, 710, 711
L, 711, 631
L, 711, 710
L, 712, 713
L, 712, 714
L, 713, 633
L, 713, 711
L, 714, 712
L, 714, 715
L, 715, 635
L, 715, 714
L, 716, 717
L, 716, 718
L, 717, 637
L, 717, 715
L, 718, 716
L, 718, 719
L, 719, 639
L, 719, 718
L, 720, 721
L, 720, 722
L, 721, 641
L, 721, 719
L, 722, 720
L, 722, 723
L, 723, 643
L, 723, 722
L, 724, 725
L, 724, 726
L, 725, 645
L, 725, 723
L, 726, 724
L, 726, 727
L, 727, 647
L, 727, 726
L, 728, 729
L, 728, 730
L, 729, 649
L, 729, 727
L, 730, 728
L, 730, 731
L, 731, 651
L, 731, 730
L, 732, 733
L, 732, 734
L, 733, 653
L, 733, 731
L, 734, 732
L, 734, 735
L, 735, 655
L, 735, 734
L, 736, 737
L, 736, 738
L, 737, 657
L, 737, 735
L, 738, 736
L, 738, 739
L, 739, 659
L, 739, 738
L, 740, 741
L, 740, 742
L, 741, 661
L, 741, 739
L, 742, 740
L, 742, 743
L, 743, 663
L, 743, 742
L, 744, 745
L, 744, 746
L, 745, 665
L, 745, 743
L, 746, 744
L, 746, 747
L, 747, 667
L, 747, 746
L, 748, 749
L, 748, 750
L, 749, 669
L, 749, 747
L, 750, 748
L, 750, 751
L, 751, 671
L, 751, 750
L, 752, 673
L, 752, 751
L, 753, 675
L, 754, 755
L, 754, 830
L, 755, 754
L, 755, 832
L, 756, 757
L, 756, 834
L, 757, 756
L, 757, 758
L, 758, 757
L, 758, 760
L, 759, 760
L, 759, 761
L, 760, 758
L, 760, 759
L, 761, 759
L, 761, 762
L, 762, 684
L, 762, 761
L, 763, 764
L, 763, 765
L, 764, 685
L, 764, 762
L, 765, 763
L, 765, 766
L, 766, 686
L, 766, 765
L, 767, 768
L, 767, 769
L, 768, 688
L, 768, 766
L, 769, 767
L, 769, 770
L, 770, 690
L, 770, 769
L, 771, 772
L, 771, 773
L, 772, 692
L, 772, 770
L, 773, 771
L, 773, 774
L, 774, 694
L, 774, 773
L, 775, 776
L, 775, 777
L, 776, 696
L, 776, 774
L, 777, 775
L, 777, 778
L, 778, 698
L, 778, 777
L, 779, 780
L, 779, 781
L, 780, 700
L, 780, 778
L, 781, 779
L, 781, 782
L, 782, 702
L, 782, 781
L, 783, 784
L, 783, 785
L, 784, 704
L, 784, 782
L, 785, 783
L, 785, 786
L, 786, 706
L, 786, 785
L, 787, 788
L, 787, 789
L, 788, 708
L, 788, 786
L, 789, 787
L, 789, 790
L, 790, 710
L, 790, 789
L, 791, 792
L, 791, 793
L, 792, 712
L, 792, 790
L, 793, 791
L, 793, 794
L, 794, 714
L, 794, 793
L, 795, 796
L, 795, 797
L, 796, 716
L, 796, 794
L, 797, 795
L, 797, 798
L, 798, 718
L, 798, 797
L, 799, 800
L, 799, 801
L, 800, 720
L, 800, 798
L, 801, 799
L, 801, 802
L, 802, 722
L, 802, 801
L, 803, 804
L, 803, 805
L, 804, 724
L, 804, 802
L, 805, 803
L, 805, 806
L, 806, 726
L, 806, 805
L, 807, 808
L, 807, 809
L, 808, 728
L, 808, 806
L, 809, 807
L, 809, 810
L, 810, 730
L, 810, 809
L, 811, 812
L, 811, 813
L, 812, 732
L, 812, 810
L, 813, 811
L, 813, 814
L, 814, 734
L, 814, 813
L, 815, 816
L, 815, 817
L, 816, 736
L, 816, 814
L, 817, 815
L, 817, 818
L, 818, 738
L, 818, 817
L, 819, 820
L, 820, 740
L, 820, 818
L, 821, 742
L, 821, 822
L, 822, 744
L, 822, 821
L, 823, 824
L, 823, 901
L, 824, 823
L, 824, 903
L, 825, 826
L, 825, 827
L, 826, 825
L, 827, 825
L, 827, 828
L, 828, 827
L, 828, 830
L, 829, 830
L, 829, 831
L, 830, 754
L, 830, 828
L, 831, 829
L, 831, 832
L, 832, 755
L, 832, 831
L, 833, 834
L, 833, 835
L, 834, 756
L, 834, 832
L, 835, 833
L, 835, 836
L, 836, 757
L, 836, 835
L, 837, 838
L, 837, 839
L, 838, 759
L, 838, 836
L, 839, 837
L, 839, 840
L, 840, 761
L, 840, 839
L, 841, 842
L, 841, 843
L, 842, 763
L, 842, 840
L, 843, 841
L, 843, 844
L, 844, 765
L, 844, 843
L, 845, 846
L, 845, 847
L, 846, 767
L, 846, 844
L, 847, 845
L, 847, 848
L, 848, 769
L, 848, 847
L, 849, 850
L, 849, 851
L, 850, 771
L, 850, 848
L, 851, 849
L, 851, 852
L, 852, 773
L, 852, 851
L, 853, 854
L, 853, 855
L, 854, 775
L, 854, 852
L, 855, 853
L, 855, 856
L, 856, 777
L, 856, 855
L, 857, 858
L, 857, 859
L, 858, 779
L, 858, 856
L, 859, 857
L, 859, 860
L, 860, 781
L, 860, 859
L, 861, 862
L, 861, 863
L, 862, 783
L, 862, 860
L, 863, 861
L, 863, 864
L, 864, 785
L, 864, 863
L, 865, 866
L, 865, 867
L, 866, 787
L, 866, 864
L, 867, 865
L, 867, 868
L, 868, 789
L, 868, 867
L, 869, 870
L, 869, 871
L, 870, 791
L, 870, 868
L, 871, 869
L, 871, 872
L, 872, 793
L, 872, 871
L, 873, 874
L, 873, 875
L, 874, 795
L, 874, 872
L, 875, 873
L, 875, 876
L, 876, 797
L, 876, 875
L, 877, 878
L, 877, 879
L, 878, 799
L, 878, 876
L, 879, 877
L, 879, 880
L, 880, 801
L, 880, 879
L, 881, 882
L, 881, 883
L, 882, 803
L, 882, 880
L, 883, 881
L, 883, 884
L, 884, 805
L, 884, 883
L, 885, 886
L, 885, 887
L, 886, 807
L, 886, 884
L, 887, 885
L, 887, 888
L, 888, 809
L, 888, 887
L, 889, 811
L, 889, 888
L, 890, 813
L, 890, 891
L, 891, 815
L, 891, 890
L, 892, 970
L, 893, 894
L, 893, 972
L, 894, 893
L, 894, 895
L, 895, 894
L, 895, 897
L, 896, 897
L, 896, 898
L, 897, 895
L, 897, 896
L, 898, 896
L, 898, 899
L, 899, 898
L, 899, 901
L, 900, 901
L, 900, 902
L, 901, 823
L, 901, 899
L, 902, 900
L, 902, 903
L, 903, 824
L, 903, 902
L, 904, 905
L, 904, 906
L, 905, 825
L, 905, 903
L, 906, 904
L, 906, 907
L, 907, 827
L, 907, 906
L, 908, 909
L, 908, 910
L, 909, 829
L, 909, 907
L, 910, 908
L, 910, 911
L, 911, 831
L, 911, 910
L, 912, 913
L, 912, 914
L, 913, 833
L, 913, 911
L, 914, 912
L, 914, 915
L, 915, 835
L, 915, 914
L, 916, 917
L, 916, 918
L, 917, 837
L, 917, 915
L, 918, 916
L, 918, 919
L, 919, 839
L, 919, 918
L, 920, 921
L, 920, 922
L, 921, 841
L, 921, 919
L, 922, 920
L, 922, 923
L, 923, 843
L, 923, 922
L, 924, 925
L, 924, 926
L, 925, 845
L, 925, 923
L, 926, 924
L, 926, 927
L, 927, 847
L, 927, 926
L, 928, 929
L, 928, 930
L, 929, 849
L, 929, 927
L, 930, 928
L, 930, 931
L, 931, 851
L, 931, 930
L, 932, 933
L, 932, 934
L, 933, 853
L, 933, 931
L, 934, 932
L, 934, 935
L, 935, 855
L, 935, 934
L, 936, 937
L, 936, 938
L, 937, 857
L, 937, 935
L, 938, 936
L, 938, 939
L, 939, 859
L, 939, 938
L, 940, 941
L, 940, 942
L, 941, 861
L, 941, 939
L, 942, 940
L, 942, 943
L, 943, 863
L, 943, 942
L, 944, 945
L, 944, 946
L, 945, 865
L, 945, 943
L, 946, 944
L, 946, 947
L, 947, 867
L, 947, 946
L, 948, 949
L, 948, 950
L, 949, 869
L, 949, 947
L, 950, 948
L, 950, 951
L, 951, 871
L, 951, 950
L, 952, 953
L, 952, 954
L, 953, 873
L, 953, 951
L, 954, 952
L, 954, 955
L, 955, 875
L, 955, 954
L, 956, 957
L, 956, 958
L, 957, 877
L, 957, 955
L, 958, 956
L, 958, 959
L, 959, 879
L, 959, 958
L, 960, 881
L, 960, 959
L, 961, 883
L, 962, 963
L, 962, 1038
L, 963, 962
L, 963, 1040
L, 964, 965
L, 964, 1042
L, 965, 964
L, 965, 966
L, 966, 965
L, 966, 968
L, 967, 968
L, 967, 969
L, 968, 966
L, 968, 967
L, 969, 967
L, 969, 970
L, 970, 892
L, 970, 969
L, 971, 972
L, 971, 973
L, 972, 893
L, 972, 970
L, 973, 971
L, 973, 974
L, 974, 894
L, 974, 973
L, 975, 976
L, 975, 977
L, 976, 896
L, 976, 974
L, 977, 975
L, 977, 978
L, 978, 898
L, 978, 977
L, 979, 980
L, 979, 981
L, 980, 900
L, 980, 978
L, 981, 979
L, 981, 982
L, 982, 902
L, 982, 981
L, 983, 984
L, 983, 985
L, 984, 904
L, 984, 982
L, 985, 983
L, 985, 986
L, 986, 906
L, 986, 985
L, 987, 988
L, 987, 989
L, 988, 908
L, 988, 986
L, 989, 987
L, 989, 990
L, 990, 910
L, 990, 989
L, 991, 992
L, 991, 993
L, 992, 912
L, 992, 990
L, 993, 991
L, 993, 994
L, 994, 914
L, 994, 993
L, 995, 996
L, 995, 997
L, 996, 916
L, 996, 994
L, 997, 995
L, 997, 998
L, 998, 918
L, 998, 997
L, 999, 1000
L, 999, 1001
L, 1000, 920
L, 1000, 998
L, 1001, 999
L, 1001, 1002
L, 1002, 922
L, 1002, 1001
L, 1003, 1004
L, 1003, 1005
L, 1004, 924
L, 1004, 1002
L, 1005, 1003
L, 1005, 1006
L, 1006, 926
L, 1006, 1005
L, 1007, 1008
L, 1007, 1009
L, 1008, 928
L, 1008, 1006
L, 1009, 1007
L, 1009, 1010
L, 1010, 930
L, 1010, 1009
L, 1011, 1012
L, 1011, 1013
L, 1012, 932
L, 1012, 1010
L, 1013, 1011
L, 1013, 1014
L, 1014, 934
L, 1014, 1013
L, 1015, 1016
L, 1015, 1017
L, 1016, 936
L, 1016, 1014
L, 1017, 1015
L, 1017, 1018
L, 1018, 938
L, 1018, 1017
L, 1019, 1020
L, 1019, 1021
L, 1020, 940
L, 1020, 1018
L, 1021, 1019
L, 1021, 1022
L, 1022, 942
L, 1022, 1021
L, 1023, 1024
L, 1023, 1025
L, 1024, 944
L, 1024, 1022
L, 1025, 1023
L, 1025, 1026
L, 1026, 946
L, 1026, 1025
L, 1027, 1028
L, 1028, 948
L, 1028, 1026
L, 1029, 950
L, 1029, 1030
L, 1030, 952
L, 1030, 1029
L, 1031, 1032
L, 1031, 1106
L, 1032, 1031
L, 1032, 1108
L, 1033, 1034
L, 1033, 1035
L, 1034, 1033
L, 1035, 1033
L, 1035, 1036
L, 1036, 1035
L, 1036, 1038
L, 1037, 1038
L, 1037, 1039
L, 1038, 962
L, 1038, 1036
L, 1039, 1037
L, 1039, 1040
L, 1040, 963
L, 1040, 1039
L, 1041, 1042
L, 1041, 1043
L, 1042, 964
L, 1042, 1040
L, 1043, 1041
L, 1043, 1044
L, 1044, 965
L, 1044, 1043
L, 1045, 1046
L, 1045, 1047
L, 1046, 967
L, 1046, 1044
L, 1047, 1045
L, 1047, 1048
L, 1048, 969
L, 1048, 1047
L, 1049, 1050
L, 1049, 1051
L, 1050, 971
L, 1050, 1048
L, 1051, 1049
L, 1051, 1052
L, 1052, 973
L, 1052, 1051
L, 1053, 1054
L, 1053, 1055
L, 1054, 975
L, 1054, 1052
L, 1055, 1053
L, 1055, 1056
L, 1056, 977
L, 1056, 1055
L, 1057, 1058
L, 1057, 1059
L, 1058, 979
L, 1058, 1056
L, 1059, 1057
L, 1059, 1060
L, 1060, 981
L, 1060, 1059
L, 1061, 1062
L, 1061, 1063
L, 1062, 983
L, 1062, 1060
L, 1063, 1061
L, 1063, 1064
L, 1064, 985
L, 1064, 1063
L, 1065, 1066
L, 1065, 1067
L, 1066, 987
L, 1066, 1064
L, 1067, 1065
L, 1067, 1068
L, 1068, 989
L, 1068, 1067
L, 1069, 1070
L, 1069, 1071
L, 1070, 991
L, 1070, 1068
L, 1071, 1069
L, 1071, 1072
L, 1072, 993
L, 1072, 1071
L, 1073, 1074
L, 1073, 1075
L, 1074, 995
L, 1074, 1072
L, 1075, 1073
L, 1075, 1076
L, 1076, 997
L, 1076, 1075
L, 1077, 1078
L, 1077, 1079
L, 1078, 999
L, 1078, 1076
L, 1079, 1077
L, 1079, 1080
L, 1080, 1001
L, 1080, 1079
L, 1081, 1082
L, 1081, 1083
L, 1082, 1003
L, 1082, 1080
L, 1083, 1081
L, 1083, 1084
L, 1084, 1005
L, 1084, 1083
L, 1085, 1086
L, 1085, 1087
L, 1086, 1007
L, 1086, 1084
L, 1087, 1085
L, 1087, 1088
L, 1088, 1009
L, 1088, 1087
L, 1089, 1090
L, 1089, 1091
L, 1090, 1011
L, 1090, 1088
L, 1091, 1089
L, 1091, 1092
L, 1092, 1013
L, 1092, 1091
L, 1093, 1094
L, 1093, 1095
L, 1094, 1015
L, 1094, 1092
L, 1095, 1093
L, 1095, 1096
L, 1096, 1017
L, 1096, 1095
L, 1097, 1019
L, 1097, 1096
L, 1098, 1021
L, 1098, 1099
L, 1099, 1023
L, 1099, 1098
L, 1100, 1102
L, 1101, 1102
L, 1101, 1103
L, 1102, 1100
L, 1102, 1101
L, 1103, 1101
L, 1103, 1104
L, 1104, 1103
L, 1104, 1106
L, 1105, 1106
L, 1105, 1107
L, 1106, 1031
L, 1106, 1104
L, 1107, 1105
L, 1107, 1108
L, 1108, 1032
L, 1108, 1107
L, 1109, 1110
L, 1109, 1111
L, 1110, 1033
L, 1110, 1108
L, 1111, 1109
L, 1111, 1112
L, 1112, 1035
L, 1112, 1111
L, 1113, 1114
L, 1113, 1115
L, 1114, 1037
L, 1114, 1112
L, 1115, 1113
L, 1115, 1116
L, 1116, 1039
L, 1116, 1115
L, 1117, 1118
L, 1117, 1119
L, 1118, 1041
L, 1118, 1116
L, 1119, 1117
L, 1119, 1120
L, 1120, 1043
L, 1120, 1119
L, 1121, 1122
L, 1121, 1123
L, 1122, 1045
L, 1122, 1120
L, 1123, 1121
L, 1123, 1124
L, 1124, 1047
L, 1124, 1123
L, 1125, 1126
L, 1125, 1127
L, 1126, 1049
L, 1126, 1124
L, 1127, 1125
L, 1127, 1128
L, 1128, 1051
L, 1128, 1127
L, 1129, 1130
L, 1129, 1131
L, 1130, 1053
L, 1130, 1128
L, 1131, 1129
L, 1131, 1132
L, 1132, 1055
L, 1132, 1131
L, 1133, 1134
L, 1133, 1135
L, 1134, 1057
L, 1134, 1132
L, 1135, 1133
L, 1135, 1136
L, 1136, 1059
L, 1136, 1135
L, 1137, 1138
L, 1137, 1139
L, 1138, 1061
L, 1138, 1136
L, 1139, 1137
L, 1139, 1140
L, 1140, 1063
L, 1140, 1139
L, 1141, 1142
L, 1141, 1143
L, 1142, 1065
L, 1142, 1140
L, 1143, 1141
L, 1143, 1144
L, 1144, 1067
L, 1144, 1143
L, 1145, 1146
L, 1145, 1147
L, 1146, 1069
L, 1146, 1144
L, 1147, 1145
L, 1147, 1148
L, 1148, 1071
L, 1148, 1147
L, 1149, 1150
L, 1149, 1151
L, 1150, 1073
L, 1150, 1148
L, 1151, 1149
L, 1151, 1152
L, 1152, 1075
L, 1152, 1151
L, 1153, 1154
L, 1153, 1155
L, 1154, 1077
L, 1154, 1152
L, 1155, 1153
L, 1155, 1156
L, 1156, 1079
L, 1156, 1155
L, 1157, 1158
L, 1157, 1159
L, 1158, 1081
L, 1158, 1156
L, 1159, 1157
L, 1159, 1160
L, 1160, 1083
L, 1160, 1159
L, 1161, 1162
L, 1161, 1163
L, 1162, 1085
L, 1162, 1160
L, 1163, 1161
L, 1163, 1164
L, 1164, 1087
L, 1164, 1163
L, 1165, 1089
L, 1165, 1164
L, 1166, 1091
L, 1167, 1168
L, 1167, 1169
L, 1168, 1101
L, 1168, 1167
L, 1169, 1167
L, 1169, 1170
L, 1170, 1103
L, 1170, 1169
L, 1171, 1172
L, 1171, 1173
L, 1172, 1105
L, 1172, 1170
L, 1173, 1171
L, 1173, 1174
L, 1174, 1107
L, 1174, 1173
L, 1175, 1176
L, 1175, 1177
L, 1176, 1109
L, 1176, 1174
L, 1177, 1175
L, 1177, 1178
L, 1178, 1111
L, 1178, 1177
L, 1179, 1180
L, 1179, 1181
L, 1180, 1113
L, 1180, 1178
L, 1181, 1179
L, 1181, 1182
L, 1182, 1115
L, 1182, 1181
L, 1183, 1184
L, 1183, 1185
L, 1184, 1117
L, 1184, 1182
L, 1185, 1183
L, 1185, 1186
L, 1186, 1119
L, 1186, 1185
L, 1187, 1188
L, 1187, 1189
L, 1188, 1121
L, 1188, 1186
L, 1189, 1187
L, 1189, 1190
L, 1190, 1123
L, 1190, 1189
L, 1191, 1192
L, 1191, 1193
L, 1192, 1125
L, 1192, 1190
L, 1193, 1191
L, 1193, 1194
L, 1194, 1127
L, 1194, 1193
L, 1195, 1196
L, 1195, 1197
L, 1196, 1129
L, 1196, 1194
L, 1197, 1195
L, 1197, 1198
L, 1198, 1131
L, 1198, 1197
L, 1199, 1200
L, 1199, 1201
L, 1200, 1133
L, 1200, 1198
L, 1201, 1199
L, 1201, 1202
L, 1202, 1135
L, 1202, 1201
L, 1203, 1204
L, 1203, 1205
L, 1204, 1137
L, 1204, 1202
L, 1205, 1203
L, 1205, 1206
L, 1206, 1139
L, 1206, 1205
L, 1207, 1208
L, 1207, 1209
L, 1208, 1141
L, 1208, 1206
L, 1209, 1207
L, 1209, 1210
L, 1210, 1143
L, 1210, 1209
L, 1211, 1212
L, 1211, 1213
L, 1212, 1145
L, 1212, 1210
L, 1213, 1211
L, 1213, 1214
L, 1214, 1147
L, 1214, 1213
L, 1215, 1216
L, 1215, 1217
L, 1216, 1149
L, 1216, 1214
L, 1217, 1215
L, 1217, 1218
L, 1218, 1151
L, 1218, 1217
L, 1219, 1220
L, 1220, 1153
L, 1220, 1218
L, 1221, 1155
L, 1221, 1222
L, 1222, 1157
L, 1222, 1221
L, 1223, 1224
L, 1223, 1225
L, 1224, 1167
L, 1224, 1223
L, 1225, 1223
L, 1225, 1226
L, 1226, 1169
L, 1226, 1225
L, 1227, 1228
L, 1227, 1229
L, 1228, 1171
L, 1228, 1226
L, 1229, 1227
L, 1229, 1230
L, 1230, 1173
L, 1230, 1229
L, 1231, 1232
L, 1231, 1233
L, 1232, 1175
L, 1232, 1230
L, 1233, 1231
L, 1233, 1234
L, 1234, 1177
L, 1234, 1233
L, 1235, 1236
L, 1235, 1237
L, 1236, 1179
L, 1236, 1234
L, 1237, 1235
L, 1237, 1238
L, 1238, 1181
L, 1238, 1237
L, 1239, 1240
L, 1239, 1241
L, 1240, 1183
L, 1240, 1238
L, 1241, 1239
L, 1241, 1242
L, 1242, 1185
L, 1242, 1241
L, 1243, 1244
L, 1243, 1245
L, 1244, 1187
L, 1244, 1242
L, 1245, 1243
L, 1245, 1246
L, 1246, 1189
L, 1246, 1245
L, 1247, 1248
L, 1247, 1249
L, 1248, 1191
L, 1248, 1246
L, 1249, 1247
L, 1249, 1250
L, 1250, 1193
L, 1250, 1249
L, 1251, 1252
L, 1251, 1253
L, 1252, 1195
L, 1252, 1250
L, 1253, 1251
L, 1253, 1254
L, 1254, 1197
L, 1254, 1253
L, 1255, 1256
L, 1255, 1257
L, 1256, 1199
L, 1256, 1254
L, 1257, 1255
L, 1257, 1258
L, 1258, 1201
L, 1258, 1257
L, 1259, 1260
L, 1259, 1261
L, 1260, 1203
L, 1260, 1258
L, 1261, 1259
L, 1261, 1262
L, 1262, 1205
L, 1262, 1261
L, 1263, 1264
L, 1263, 1265
L, 1264, 1207
L, 1264, 1262
L, 1265, 1263
L, 1265, 1266
L, 1266, 1209
L, 1266, 1265
L, 1267, 1211
L, 1267, 1266
L, 1268, 1213
L, 1268, 1269
L, 1269, 1215
L, 1269, 1268
L, 1270, 1271
L, 1271, 1270
L, 1271, 1272
L, 1272, 1225
L, 1272, 1271
L, 1273, 1274
L, 1273, 1275
L, 1274, 1227
L, 1274, 1272
L, 1275, 1273
L, 1275, 1276
L, 1276, 1229
L, 1276, 1275
L, 1277, 1278
L, 1277, 1279
L, 1278, 1231
L, 1278, 1276
L, 1279, 1277
L, 1279, 1280
L, 1280, 1233
L, 1280, 1279
L, 1281, 1282
L, 1281, 1283
L, 1282, 1235
L, 1282, 1280
L, 1283, 1281
L, 1283, 1284
L, 1284, 1237
L, 1284, 1283
L, 1285, 1286
L, 1285, 1287
L, 1286, 1239
L, 1286, 1284
L, 1287, 1285
L, 1287, 1288
L, 1288, 1241
L, 1288, 1287
L, 1289, 1290
L, 1289, 1291
L, 1290, 1243
L, 1290, 1288
L, 1291, 1289
L, 1291, 1292
L, 1292, 1245
L, 1292, 1291
L, 1293, 1294
L, 1293, 1295
L, 1294, 1247
L, 1294, 1292
L, 1295, 1293
L, 1295, 1296
L, 1296, 1249
L, 1296, 1295
L, 1297, 1298
L, 1297, 1299
L, 1298, 1251
L, 1298, 1296
L, 1299, 1297
L, 1299, 1300
L, 1300, 1253
L, 1300, 1299
L, 1301, 1302
L, 1301, 1303
L, 1302, 1255
L, 1302, 1300
L, 1303, 1301
L, 1303, 1304
L, 1304, 1257
L, 1304, 1303
L, 1305, 1259
L, 1305, 1304
L, 1306, 1261
L, 1307, 1308
L, 1307, 1334
L, 1308, 1271
L, 1308, 1307
L, 1309, 1310
L, 1309, 1311
L, 1310, 1273
L, 1310, 1308
L, 1311, 1309
L, 1311, 1312
L, 1312, 1275
L, 1312, 1311
L, 1313, 1314
L, 1313, 1315
L, 1314, 1277
L, 1314, 1312
L, 1315, 1313
L, 1315, 1316
L, 1316, 1279
L, 1316, 1315
L, 1317, 1318
L, 1317, 1319
L, 1318, 1281
L, 1318, 1316
L, 1319, 1317
L, 1319, 1320
L, 1320, 1283
L, 1320, 1319
L, 1321, 1322
L, 1321, 1323
L, 1322, 1285
L, 1322, 1320
L, 1323, 1321
L, 1323, 1324
L, 1324, 1287
L, 1324, 1323
L, 1325, 1326
L, 1325, 1327
L, 1326, 1289
L, 1326, 1324
L, 1327, 1325
L, 1327, 1328
L, 1328, 1291
L, 1328, 1327
L, 1329, 1330
L, 1330, 1293
L, 1330, 1328
L, 1331, 1295
L, 1331, 1332
L, 1332, 1297
L, 1332, 1331
L, 1333, 1334
L, 1333, 1350
L, 1334, 1307
L, 1334, 1333
L, 1335, 1336
L, 1335, 1337
L, 1336, 1309
L, 1336, 1334
L, 1337, 1335
L, 1337, 1338
L, 1338, 1311
L, 1338, 1337
L, 1339, 1340
L, 1339, 1341
L, 1340, 1313
L, 1340, 1338
L, 1341, 1339
L, 1341, 1342
L, 1342, 1315
L, 1342, 1341
L, 1343, 1344
L, 1343, 1345
L, 1344, 1317
L, 1344, 1342
L, 1345, 1343
L, 1345, 1346
L, 1346, 1319
L, 1346, 1345
L, 1347, 1321
L, 1347, 1346
L, 1348, 1323
L, 1348, 1349
L, 1349, 1325
L, 1349, 1348
L, 1350, 1333
L, 1350, 1352
L, 1351, 1352
L, 1351, 1353
L, 1352, 1335
L, 1352, 1350
L, 1353, 1351
L, 1353, 1354
L, 1354, 1337
L, 1354, 1353
L, 1355, 1339
L, 1355, 1354
L, 1356, 1341
