/PREP7
K,1,0.341,160.208,0.0
K,2,0.0,148.581,0.0
K,3,0.683,151.34,0.0
K,4,1.024,152.719,0.0
K,5,0.0,153.705,0.0
K,6,1.707,155.478,0.0
K,7,0.341,155.084,0.0
K,8,2.048,156.858,0.0
K,9,1.024,157.843,0.0
K,10,2.731,159.616,0.0
K,12,0.0,138.334,0.0
K,13,0.341,139.714,0.0
K,14,1.024,142.472,0.0
K,15,1.365,143.852,0.0
K,16,0.341,144.837,0.0
K,17,2.048,146.611,0.0
K,18,0.683,146.217,0.0
K,19,2.389,147.99,0.0
K,20,1.365,148.975,0.0
K,21,3.072,150.749,0.0
K,22,1.707,150.355,0.0
K,23,3.413,152.128,0.0
K,24,2.389,153.114,0.0
K,25,4.096,154.887,0.0
K,26,2.731,154.493,0.0
K,27,4.437,156.266,0.0
K,28,3.413,157.252,0.0
K,29,5.12,159.025,0.0
K,30,3.754,158.631,0.0
K,31,0.341,129.467,0.0
K,32,0.683,130.846,0.0
K,33,1.365,133.605,0.0
K,34,0.0,133.211,0.0
K,35,1.707,134.984,0.0
K,36,0.683,135.97,0.0
K,37,2.389,137.743,0.0
K,38,1.024,137.349,0.0
K,39,2.731,139.122,0.0
K,40,1.707,140.108,0.0
K,41,3.413,141.881,0.0
K,42,2.048,141.487,0.0
K,43,3.754,143.261,0.0
K,44,2.731,144.246,0.0
K,45,4.437,146.019,0.0
K,46,3.072,145.625,0.0
K,47,4.778,147.399,0.0
K,48,3.754,148.384,0.0
K,49,5.461,150.158,0.0
K,50,4.096,149.764,0.0
K,51,5.802,151.537,0.0
K,52,4.778,152.522,0.0
K,53,6.485,154.296,0.0
K,54,5.12,153.902,0.0
K,55,6.826,155.675,0.0
K,56,5.802,156.661,0.0
K,57,7.509,158.434,0.0
K,58,6.144,158.04,0.0
K,59,7.85,159.813,0.0
K,60,0.0,117.84,0.0
K,61,0.683,120.599,0.0
K,62,1.024,121.978,0.0
K,63,0.0,122.964,0.0
K,64,1.707,124.737,0.0
K,65,0.341,124.343,0.0
K,66,2.048,126.117,0.0
K,67,1.024,127.102,0.0
K,68,2.731,128.875,0.0
K,69,1.365,128.481,0.0
K,70,3.072,130.255,0.0
K,71,2.048,131.24,0.0
K,72,3.754,133.014,0.0
K,73,2.389,132.62,0.0
K,74,4.096,134.393,0.0
K,75,3.072,135.378,0.0
K,76,4.778,137.152,0.0
K,77,3.413,136.758,0.0
K,78,5.12,138.531,0.0
K,79,4.096,139.517,0.0
K,80,5.802,141.29,0.0
K,81,4.437,140.896,0.0
K,82,6.144,142.669,0.0
K,83,5.12,143.655,0.0
K,84,6.826,145.428,0.0
K,85,5.461,145.034,0.0
K,86,7.168,146.808,0.0
K,87,6.144,147.793,0.0
K,88,7.85,149.567,0.0
K,89,6.485,149.172,0.0
K,90,8.192,150.946,0.0
K,91,7.168,151.931,0.0
K,92,8.874,153.705,0.0
K,93,7.509,153.311,0.0
K,94,9.215,155.084,0.0
K,95,8.192,156.069,0.0
K,96,9.898,157.843,0.0
K,97,8.533,157.449,0.0
K,98,10.239,159.222,0.0
K,99,9.215,160.208,0.0
K,100,0.0,107.593,0.0
K,101,0.341,108.973,0.0
K,102,1.024,111.732,0.0
K,103,1.365,113.111,0.0
K,104,0.341,114.096,0.0
K,105,2.048,115.87,0.0
K,106,0.683,115.476,0.0
K,107,2.389,117.249,0.0
K,108,1.365,118.234,0.0
K,109,3.072,120.008,0.0
K,110,1.707,119.614,0.0
K,111,3.413,121.387,0.0
K,112,2.389,122.373,0.0
K,113,4.096,124.146,0.0
K,114,2.731,123.752,0.0
K,115,4.437,125.526,0.0
K,116,3.413,126.511,0.0
K,117,5.12,128.284,0.0
K,118,3.754,127.89,0.0
K,119,5.461,129.664,0.0
K,120,4.437,130.649,0.0
K,121,6.144,132.423,0.0
K,122,4.778,132.028,0.0
K,123,6.485,133.802,0.0
K,124,5.461,134.787,0.0
K,125,7.168,136.561,0.0
K,126,5.802,136.167,0.0
K,127,7.509,137.94,0.0
K,128,6.485,138.925,0.0
K,129,8.192,140.699,0.0
K,130,6.826,140.305,0.0
K,131,8.533,142.078,0.0
K,132,7.509,143.064,0.0
K,133,9.215,144.837,0.0
K,134,7.85,144.443,0.0
K,135,9.557,146.217,0.0
K,136,8.533,147.202,0.0
K,137,10.239,148.975,0.0
K,138,8.874,148.581,0.0
K,139,10.581,150.355,0.0
K,140,9.557,151.34,0.0
K,141,11.263,153.114,0.0
K,142,9.898,152.719,0.0
K,143,11.605,154.493,0.0
K,144,10.581,155.478,0.0
K,145,12.287,157.252,0.0
K,146,10.922,156.858,0.0
K,147,12.629,158.631,0.0
K,148,11.605,159.616,0.0
K,149,0.341,98.726,0.0
K,150,0.683,100.105,0.0
K,151,1.365,102.864,0.0
K,152,0.0,102.47,0.0
K,153,1.707,104.243,0.0
K,155,2.389,107.002,0.0
K,156,1.024,106.608,0.0
K,157,2.731,108.382,0.0
K,158,1.707,109.367,0.0
K,159,3.413,111.14,0.0
K,160,2.048,110.746,0.0
K,161,3.754,112.52,0.0
K,162,2.731,113.505,0.0
K,163,4.437,115.279,0.0
K,164,3.072,114.884,0.0
K,165,4.778,116.658,0.0
K,166,3.754,117.643,0.0
K,167,5.461,119.417,0.0
K,168,4.096,119.023,0.0
K,169,5.802,120.796,0.0
K,170,4.778,121.781,0.0
K,171,6.485,123.555,0.0
K,172,5.12,123.161,0.0
K,173,6.826,124.934,0.0
K,174,5.802,125.92,0.0
K,175,7.509,127.693,0.0
K,176,6.144,127.299,0.0
K,177,7.85,129.073,0.0
K,178,6.826,130.058,0.0
K,179,8.533,131.831,0.0
K,180,7.168,131.437,0.0
K,181,8.874,133.211,0.0
K,182,7.85,134.196,0.0
K,183,9.557,135.97,0.0
K,184,8.192,135.575,0.0
K,185,9.898,137.349,0.0
K,186,8.874,138.334,0.0
K,187,10.581,140.108,0.0
K,188,9.215,139.714,0.0
K,189,10.922,141.487,0.0
K,190,9.898,142.472,0.0
K,191,11.605,144.246,0.0
K,192,10.239,143.852,0.0
K,193,11.946,145.625,0.0
K,194,10.922,146.611,0.0
K,195,12.629,148.384,0.0
K,196,11.263,147.99,0.0
K,197,12.97,149.764,0.0
K,198,11.946,150.749,0.0
K,199,13.653,152.522,0.0
K,200,12.287,152.128,0.0
K,201,13.994,153.902,0.0
K,202,12.97,154.887,0.0
K,203,14.676,156.661,0.0
K,204,13.311,156.266,0.0
K,205,15.018,158.04,0.0
K,206,13.994,159.025,0.0
K,207,0.0,87.099,0.0
K,208,0.683,89.858,0.0
K,209,1.024,91.238,0.0
K,210,0.0,92.223,0.0
K,211,1.707,93.996,0.0
K,212,0.341,93.602,0.0
K,213,2.048,95.376,0.0
K,214,1.024,96.361,0.0
K,215,2.731,98.135,0.0
K,216,1.365,97.74,0.0
K,217,3.072,99.514,0.0
K,218,2.048,100.499,0.0
K,219,3.754,102.273,0.0
K,220,2.389,101.879,0.0
K,221,4.096,103.652,0.0
K,222,3.072,104.637,0.0
K,223,4.778,106.411,0.0
K,224,3.413,106.017,0.0
K,225,5.12,107.79,0.0
K,226,4.096,108.776,0.0
K,227,5.802,110.549,0.0
K,228,4.437,110.155,0.0
K,229,6.144,111.929,0.0
K,230,5.12,112.914,0.0
K,231,6.826,114.687,0.0
K,232,5.461,114.293,0.0
K,233,7.168,116.067,0.0
K,234,6.144,117.052,0.0
K,235,7.85,118.826,0.0
K,236,6.485,118.431,0.0
K,237,8.192,120.205,0.0
K,238,7.168,121.19,0.0
K,239,8.874,122.964,0.0
K,240,7.509,122.57,0.0
K,241,9.215,124.343,0.0
K,242,8.192,125.328,0.0
K,243,9.898,127.102,0.0
K,244,8.533,126.708,0.0
K,245,10.239,128.481,0.0
K,246,9.215,129.467,0.0
K,247,10.922,131.24,0.0
K,248,9.557,130.846,0.0
K,249,11.263,132.62,0.0
K,250,10.239,133.605,0.0
K,251,11.946,135.378,0.0
K,252,10.581,134.984,0.0
K,253,12.287,136.758,0.0
K,254,11.263,137.743,0.0
K,255,12.97,139.517,0.0
K,256,11.605,139.122,0.0
K,257,13.311,140.896,0.0
K,258,12.287,141.881,0.0
K,259,13.994,143.655,0.0
K,260,12.629,143.261,0.0
K,261,14.335,145.034,0.0
K,262,13.311,146.019,0.0
K,263,15.018,147.793,0.0
K,264,13.653,147.399,0.0
K,265,15.359,149.172,0.0
K,266,14.335,150.158,0.0
K,267,16.042,151.931,0.0
K,268,14.676,151.537,0.0
K,269,16.383,153.311,0.0
K,270,15.359,154.296,0.0
K,271,17.066,156.069,0.0
K,272,15.7,155.675,0.0
K,273,17.407,157.449,0.0
K,274,16.383,158.434,0.0
K,275,18.09,160.208,0.0
K,276,16.724,159.813,0.0
K,277,0.0,76.852,0.0
K,278,0.341,78.232,0.0
K,279,1.024,80.991,0.0
K,280,1.365,82.37,0.0
K,281,0.341,83.355,0.0
K,282,2.048,85.129,0.0
K,283,0.683,84.735,0.0
K,284,2.389,86.508,0.0
K,285,1.365,87.493,0.0
K,286,3.072,89.267,0.0
K,287,1.707,88.873,0.0
K,288,3.413,90.646,0.0
K,289,2.389,91.632,0.0
K,290,4.096,93.405,0.0
K,291,2.731,93.011,0.0
K,292,4.437,94.785,0.0
K,294,5.12,97.543,0.0
K,295,3.754,97.149,0.0
K,296,5.461,98.923,0.0
K,297,4.437,99.908,0.0
K,298,6.144,101.682,0.0
K,299,4.778,101.287,0.0
K,300,6.485,103.061,0.0
K,301,5.461,104.046,0.0
K,302,7.168,105.82,0.0
K,303,5.802,105.426,0.0
K,304,7.509,107.199,0.0
K,305,6.485,108.184,0.0
K,306,8.192,109.958,0.0
K,307,6.826,109.564,0.0
K,308,8.533,111.337,0.0
K,309,7.509,112.323,0.0
K,310,9.215,114.096,0.0
K,311,7.85,113.702,0.0
K,312,9.557,115.476,0.0
K,313,8.533,116.461,0.0
K,314,10.239,118.234,0.0
K,315,8.874,117.84,0.0
K,316,10.581,119.614,0.0
K,317,9.557,120.599,0.0
K,318,11.263,122.373,0.0
K,319,9.898,121.978,0.0
K,320,11.605,123.752,0.0
K,321,10.581,124.737,0.0
K,322,12.287,126.511,0.0
K,324,12.629,127.89,0.0
K,325,11.605,128.875,0.0
K,326,13.311,130.649,0.0
K,327,11.946,130.255,0.0
K,328,13.653,132.028,0.0
K,329,12.629,133.014,0.0
K,330,14.335,134.787,0.0
K,331,12.97,134.393,0.0
K,332,14.676,136.167,0.0
K,333,13.653,137.152,0.0
K,334,15.359,138.925,0.0
K,335,13.994,138.531,0.0
K,336,15.7,140.305,0.0
K,337,14.676,141.29,0.0
K,338,16.383,143.064,0.0
K,339,15.018,142.669,0.0
K,340,16.724,144.443,0.0
K,341,15.7,145.428,0.0
K,342,17.407,147.202,0.0
K,343,16.042,146.808,0.0
K,344,17.748,148.581,0.0
K,345,16.724,149.567,0.0
K,346,18.431,151.34,0.0
K,347,17.066,150.946,0.0
K,348,18.772,152.719,0.0
K,349,17.748,153.705,0.0
K,350,19.455,155.478,0.0
K,351,18.09,155.084,0.0
K,352,19.796,156.858,0.0
K,353,18.772,157.843,0.0
K,354,20.479,159.616,0.0
K,355,19.114,159.222,0.0
K,356,0.341,67.985,0.0
K,357,0.683,69.364,0.0
K,358,1.365,72.123,0.0
K,359,0.0,71.729,0.0
K,360,1.707,73.502,0.0
K,361,0.683,74.488,0.0
K,362,2.389,76.261,0.0
K,363,1.024,75.867,0.0
K,364,2.731,77.641,0.0
K,365,1.707,78.626,0.0
K,366,3.413,80.399,0.0
K,367,2.048,80.005,0.0
K,368,3.754,81.779,0.0
K,369,2.731,82.764,0.0
K,370,4.437,84.538,0.0
K,371,3.072,84.143,0.0
K,372,4.778,85.917,0.0
K,373,3.754,86.902,0.0
K,374,5.461,88.676,0.0
K,375,4.096,88.282,0.0
K,376,5.802,90.055,0.0
K,377,4.778,91.04,0.0
K,378,6.485,92.814,0.0
K,379,5.12,92.42,0.0
K,380,6.826,94.193,0.0
K,381,5.802,95.179,0.0
K,382,7.509,96.952,0.0
K,383,6.144,96.558,0.0
K,384,7.85,98.332,0.0
K,385,6.826,99.317,0.0
K,386,8.533,101.09,0.0
K,387,7.168,100.696,0.0
K,388,8.874,102.47,0.0
K,389,7.85,103.455,0.0
K,390,9.557,105.229,0.0
K,391,8.192,104.834,0.0
K,392,9.898,106.608,0.0
K,393,8.874,107.593,0.0
K,394,10.581,109.367,0.0
K,395,9.215,108.973,0.0
K,396,10.922,110.746,0.0
K,397,9.898,111.732,0.0
K,398,11.605,113.505,0.0
K,399,10.239,113.111,0.0
K,400,11.946,114.884,0.0
K,401,10.922,115.87,0.0
K,402,12.629,117.643,0.0
K,403,11.263,117.249,0.0
K,404,12.97,119.023,0.0
K,405,11.946,120.008,0.0
K,406,13.653,121.781,0.0
K,407,12.287,121.387,0.0
K,408,13.994,123.161,0.0
K,409,12.97,124.146,0.0
K,410,14.676,125.92,0.0
K,411,13.311,125.526,0.0
K,412,15.018,127.299,0.0
K,413,13.994,128.284,0.0
K,414,15.7,130.058,0.0
K,415,14.335,129.664,0.0
K,416,16.042,131.437,0.0
K,417,15.018,132.423,0.0
K,418,16.724,134.196,0.0
K,419,15.359,133.802,0.0
K,420,17.066,135.575,0.0
K,421,16.042,136.561,0.0
K,422,17.748,138.334,0.0
K,423,16.383,137.94,0.0
K,424,18.09,139.714,0.0
K,425,17.066,140.699,0.0
K,426,18.772,142.472,0.0
K,427,17.407,142.078,0.0
K,428,19.114,143.852,0.0
K,429,18.09,144.837,0.0
K,430,19.796,146.611,0.0
K,431,18.431,146.217,0.0
K,432,20.137,147.99,0.0
K,433,19.114,148.975,0.0
K,434,20.82,150.749,0.0
K,435,19.455,150.355,0.0
K,436,21.161,152.128,0.0
K,437,20.137,153.114,0.0
K,440,22.185,156.266,0.0
K,441,21.161,157.252,0.0
K,442,22.868,159.025,0.0
K,443,21.503,158.631,0.0
K,444,0.0,56.358,0.0
K,445,0.683,59.117,0.0
K,446,1.024,60.497,0.0
K,447,0.0,61.482,0.0
K,448,1.707,63.255,0.0
K,449,0.341,62.861,0.0
K,450,2.048,64.635,0.0
K,451,1.024,65.62,0.0
K,452,2.731,67.394,0.0
K,453,1.365,66.999,0.0
K,454,3.072,68.773,0.0
K,455,2.048,69.758,0.0
K,456,3.754,71.532,0.0
K,457,2.389,71.138,0.0
K,458,4.096,72.911,0.0
K,459,3.072,73.896,0.0
K,460,4.778,75.67,0.0
K,461,3.413,75.276,0.0
K,462,5.12,77.049,0.0
K,463,4.096,78.035,0.0
K,464,5.802,79.808,0.0
K,465,4.437,79.414,0.0
K,466,6.144,81.188,0.0
K,467,5.12,82.173,0.0
K,468,6.826,83.946,0.0
K,469,5.461,83.552,0.0
K,470,7.168,85.326,0.0
K,471,6.144,86.311,0.0
K,472,7.85,88.085,0.0
K,473,6.485,87.69,0.0
K,474,8.192,89.464,0.0
K,475,7.168,90.449,0.0
K,476,8.874,92.223,0.0
K,477,7.509,91.829,0.0
K,478,9.215,93.602,0.0
K,479,8.192,94.587,0.0
K,480,9.898,96.361,0.0
K,481,8.533,95.967,0.0
K,482,10.239,97.74,0.0
K,483,9.215,98.726,0.0
K,484,10.922,100.499,0.0
K,485,9.557,100.105,0.0
K,486,11.263,101.879,0.0
K,487,10.239,102.864,0.0
K,488,11.946,104.637,0.0
K,489,10.581,104.243,0.0
K,490,12.287,106.017,0.0
K,491,11.263,107.002,0.0
K,492,12.97,108.776,0.0
K,493,11.605,108.382,0.0
K,494,13.311,110.155,0.0
K,495,12.287,111.14,0.0
K,496,13.994,112.914,0.0
K,497,12.629,112.52,0.0
K,498,14.335,114.293,0.0
K,499,13.311,115.279,0.0
K,500,15.018,117.052,0.0
K,501,13.653,116.658,0.0
K,502,15.359,118.431,0.0
K,503,14.335,119.417,0.0
K,504,16.042,121.19,0.0
K,505,14.676,120.796,0.0
K,506,16.383,122.57,0.0
K,507,15.359,123.555,0.0
K,508,17.066,125.328,0.0
K,509,15.7,124.934,0.0
K,510,17.407,126.708,0.0
K,511,16.383,127.693,0.0
K,512,18.09,129.467,0.0
K,513,16.724,129.073,0.0
K,514,18.431,130.846,0.0
K,515,17.407,131.831,0.0
K,516,19.114,133.605,0.0
K,517,17.748,133.211,0.0
K,518,19.455,134.984,0.0
K,519,18.431,135.97,0.0
K,520,20.137,137.743,0.0
K,521,18.772,137.349,0.0
K,522,20.479,139.122,0.0
K,523,19.455,140.108,0.0
K,524,21.161,141.881,0.0
K,525,19.796,141.487,0.0
K,526,21.503,143.261,0.0
K,527,20.479,144.246,0.0
K,528,22.185,146.019,0.0
K,529,20.82,145.625,0.0
K,530,22.527,147.399,0.0
K,531,21.503,148.384,0.0
K,532,23.209,150.158,0.0
K,533,21.844,149.764,0.0
K,534,23.551,151.537,0.0
K,535,22.527,152.522,0.0
K,536,24.233,154.296,0.0
K,537,22.868,153.902,0.0
K,538,24.575,155.675,0.0
K,539,23.551,156.661,0.0
K,540,25.257,158.434,0.0
K,541,23.892,158.04,0.0
K,542,25.598,159.813,0.0
K,543,0.0,46.111,0.0
K,544,0.341,47.491,0.0
K,545,1.024,50.25,0.0
K,546,1.365,51.629,0.0
K,547,0.341,52.614,0.0
K,548,2.048,54.388,0.0
K,549,0.683,53.994,0.0
K,550,2.389,55.767,0.0
K,551,1.365,56.752,0.0
K,552,3.072,58.526,0.0
K,553,1.707,58.132,0.0
K,554,3.413,59.905,0.0
K,555,2.389,60.891,0.0
K,556,4.096,62.664,0.0
K,557,2.731,62.27,0.0
K,558,4.437,64.044,0.0
K,559,3.413,65.029,0.0
K,560,5.12,66.802,0.0
K,561,3.754,66.408,0.0
K,562,5.461,68.182,0.0
K,563,4.437,69.167,0.0
K,564,6.144,70.941,0.0
K,565,4.778,70.546,0.0
K,566,6.485,72.32,0.0
K,567,5.461,73.305,0.0
K,568,7.168,75.079,0.0
K,569,5.802,74.685,0.0
K,570,7.509,76.458,0.0
K,571,6.485,77.444,0.0
K,572,8.192,79.217,0.0
K,573,6.826,78.823,0.0
K,574,8.533,80.596,0.0
K,575,7.509,81.582,0.0
K,576,9.215,83.355,0.0
K,577,7.85,82.961,0.0
K,578,9.557,84.735,0.0
K,579,8.533,85.72,0.0
K,580,10.239,87.493,0.0
K,581,8.874,87.099,0.0
K,582,10.581,88.873,0.0
K,583,9.557,89.858,0.0
K,585,9.898,91.238,0.0
K,586,11.605,93.011,0.0
K,587,10.581,93.996,0.0
K,588,12.287,95.77,0.0
K,589,10.922,95.376,0.0
K,590,12.629,97.149,0.0
K,591,11.605,98.135,0.0
K,592,13.311,99.908,0.0
K,593,11.946,99.514,0.0
K,594,13.653,101.287,0.0
K,595,12.629,102.273,0.0
K,596,14.335,104.046,0.0
K,597,12.97,103.652,0.0
K,599,13.653,106.411,0.0
K,600,15.359,108.184,0.0
K,601,13.994,107.79,0.0
K,602,15.7,109.564,0.0
K,603,14.676,110.549,0.0
K,604,16.383,112.323,0.0
K,605,15.018,111.929,0.0
K,606,16.724,113.702,0.0
K,607,15.7,114.687,0.0
K,608,17.407,116.461,0.0
K,609,16.042,116.067,0.0
K,610,17.748,117.84,0.0
K,611,16.724,118.826,0.0
K,612,18.431,120.599,0.0
K,613,17.066,120.205,0.0
K,614,18.772,121.978,0.0
K,615,17.748,122.964,0.0
K,616,19.455,124.737,0.0
K,617,18.09,124.343,0.0
K,618,19.796,126.117,0.0
K,619,18.772,127.102,0.0
K,620,20.479,128.875,0.0
K,621,19.114,128.481,0.0
K,622,20.82,130.255,0.0
K,623,19.796,131.24,0.0
K,624,21.503,133.014,0.0
K,625,20.137,132.62,0.0
K,626,21.844,134.393,0.0
K,627,20.82,135.378,0.0
K,628,22.527,137.152,0.0
K,629,21.161,136.758,0.0
K,630,22.868,138.531,0.0
K,631,21.844,139.517,0.0
K,632,23.551,141.29,0.0
K,633,22.185,140.896,0.0
K,634,23.892,142.669,0.0
K,635,22.868,143.655,0.0
K,636,24.575,145.428,0.0
K,637,23.209,145.034,0.0
K,638,24.916,146.808,0.0
K,639,23.892,147.793,0.0
K,640,25.598,149.567,0.0
K,641,24.233,149.172,0.0
K,642,25.94,150.946,0.0
K,643,24.916,151.931,0.0
K,644,26.622,153.705,0.0
K,645,25.257,153.311,0.0
K,646,26.964,155.084,0.0
K,647,25.94,156.069,0.0
K,648,27.646,157.843,0.0
K,649,26.281,157.449,0.0
K,650,27.988,159.222,0.0
K,651,26.964,160.208,0.0
K,652,0.341,37.244,0.0
K,653,0.683,38.623,0.0
K,654,1.365,41.382,0.0
K,655,0.0,40.988,0.0
K,656,1.707,42.761,0.0
K,657,0.683,43.747,0.0
K,658,2.389,45.52,0.0
K,659,1.024,45.126,0.0
K,660,2.731,46.9,0.0
K,661,1.707,47.885,0.0
K,662,3.413,49.658,0.0
K,663,2.048,49.264,0.0
K,664,3.754,51.038,0.0
K,665,2.731,52.023,0.0
K,666,4.437,53.797,0.0
K,667,3.072,53.403,0.0
K,668,4.778,55.176,0.0
K,669,3.754,56.161,0.0
K,670,5.461,57.935,0.0
K,671,4.096,57.541,0.0
K,672,5.802,59.314,0.0
K,673,4.778,60.3,0.0
K,674,6.485,62.073,0.0
K,675,5.12,61.679,0.0
K,676,6.826,63.452,0.0
K,677,5.802,64.438,0.0
K,678,7.509,66.211,0.0
K,679,6.144,65.817,0.0
K,680,7.85,67.591,0.0
K,681,6.826,68.576,0.0
K,682,8.533,70.349,0.0
K,683,7.168,69.955,0.0
K,684,8.874,71.729,0.0
K,685,7.85,72.714,0.0
K,686,9.557,74.488,0.0
K,687,8.192,74.094,0.0
K,688,9.898,75.867,0.0
K,689,8.874,76.852,0.0
K,690,10.581,78.626,0.0
K,691,9.215,78.232,0.0
K,692,10.922,80.005,0.0
K,693,9.898,80.991,0.0
K,694,11.605,82.764,0.0
K,695,10.239,82.37,0.0
K,696,11.946,84.143,0.0
K,697,10.922,85.129,0.0
K,698,12.629,86.902,0.0
K,699,11.263,86.508,0.0
K,700,12.97,88.282,0.0
K,701,11.946,89.267,0.0
K,703,12.287,90.646,0.0
K,704,13.994,92.42,0.0
K,705,12.97,93.405,0.0
K,706,14.676,95.179,0.0
K,707,13.311,94.785,0.0
K,708,15.018,96.558,0.0
K,709,13.994,97.543,0.0
K,710,15.7,99.317,0.0
K,711,14.335,98.923,0.0
K,712,16.042,100.696,0.0
K,713,15.018,101.682,0.0
K,714,16.724,103.455,0.0
K,715,15.359,103.061,0.0
K,716,17.066,104.834,0.0
K,717,16.042,105.82,0.0
K,718,17.748,107.593,0.0
K,719,16.383,107.199,0.0
K,720,18.09,108.973,0.0
K,721,17.066,109.958,0.0
K,722,18.772,111.732,0.0
K,723,17.407,111.337,0.0
K,724,19.114,113.111,0.0
K,725,18.09,114.096,0.0
K,726,19.796,115.87,0.0
K,727,18.431,115.476,0.0
K,728,20.137,117.249,0.0
K,729,19.114,118.234,0.0
K,730,20.82,120.008,0.0
K,731,19.455,119.614,0.0
K,732,21.161,121.387,0.0
K,733,20.137,122.373,0.0
K,734,21.844,124.146,0.0
K,735,20.479,123.752,0.0
K,736,22.185,125.526,0.0
K,737,21.161,126.511,0.0
K,738,22.868,128.284,0.0
K,739,21.503,127.89,0.0
K,740,23.209,129.664,0.0
K,741,22.185,130.649,0.0
K,742,23.892,132.423,0.0
K,743,22.527,132.028,0.0
K,744,24.233,133.802,0.0
K,745,23.209,134.787,0.0
K,746,24.916,136.561,0.0
K,747,23.551,136.167,0.0
K,748,25.257,137.94,0.0
K,749,24.233,138.925,0.0
K,750,25.94,140.699,0.0
K,751,24.575,140.305,0.0
K,752,26.281,142.078,0.0
K,753,25.257,143.064,0.0
K,754,26.964,144.837,0.0
K,755,25.598,144.443,0.0
K,756,27.305,146.217,0.0
K,757,26.281,147.202,0.0
K,758,27.988,148.975,0.0
K,759,26.622,148.581,0.0
K,760,28.329,150.355,0.0
K,761,27.305,151.34,0.0
K,762,29.012,153.114,0.0
K,763,27.646,152.719,0.0
K,764,29.353,154.493,0.0
K,765,28.329,155.478,0.0
K,766,30.036,157.252,0.0
K,767,28.67,156.858,0.0
K,768,30.377,158.631,0.0
K,769,29.353,159.616,0.0
K,770,0.0,25.617,0.0
K,771,0.683,28.376,0.0
K,772,1.024,29.756,0.0
K,773,0.0,30.741,0.0
K,774,1.707,32.514,0.0
K,775,0.341,32.12,0.0
K,776,2.048,33.894,0.0
K,777,1.024,34.879,0.0
K,778,2.731,36.653,0.0
K,779,1.365,36.259,0.0
K,780,3.072,38.032,0.0
K,781,2.048,39.017,0.0
K,782,3.754,40.791,0.0
K,783,2.389,40.397,0.0
K,784,4.096,42.17,0.0
K,785,3.072,43.156,0.0
K,786,4.778,44.929,0.0
K,787,3.413,44.535,0.0
K,788,5.12,46.308,0.0
K,789,4.096,47.294,0.0
K,790,5.802,49.067,0.0
K,791,4.437,48.673,0.0
K,792,6.144,50.447,0.0
K,793,5.12,51.432,0.0
K,794,6.826,53.205,0.0
K,796,7.168,54.585,0.0
K,797,6.144,55.57,0.0
K,798,7.85,57.344,0.0
K,799,6.485,56.95,0.0
K,800,8.192,58.723,0.0
K,801,7.168,59.708,0.0
K,802,8.874,61.482,0.0
K,803,7.509,61.088,0.0
K,804,9.215,62.861,0.0
K,805,8.192,63.847,0.0
K,806,9.898,65.62,0.0
K,807,8.533,65.226,0.0
K,808,10.239,66.999,0.0
K,809,9.215,67.985,0.0
K,810,10.922,69.758,0.0
K,811,9.557,69.364,0.0
K,813,10.239,72.123,0.0
K,814,11.946,73.896,0.0
K,815,10.581,73.502,0.0
K,816,12.287,75.276,0.0
K,817,11.263,76.261,0.0
K,818,12.97,78.035,0.0
K,819,11.605,77.641,0.0
K,820,13.311,79.414,0.0
K,821,12.287,80.399,0.0
K,822,13.994,82.173,0.0
K,823,12.629,81.779,0.0
K,824,14.335,83.552,0.0
K,825,13.311,84.538,0.0
K,826,15.018,86.311,0.0
K,827,13.653,85.917,0.0
K,828,15.359,87.69,0.0
K,829,14.335,88.676,0.0
K,830,16.042,90.449,0.0
K,831,14.676,90.055,0.0
K,832,16.383,91.829,0.0
K,833,15.359,92.814,0.0
K,834,17.066,94.587,0.0
K,835,15.7,94.193,0.0
K,836,17.407,95.967,0.0
K,837,16.383,96.952,0.0
K,838,18.09,98.726,0.0
K,839,16.724,98.332,0.0
K,840,18.431,100.105,0.0
K,841,17.407,101.09,0.0
K,842,19.114,102.864,0.0
K,843,17.748,102.47,0.0
K,844,19.455,104.243,0.0
K,845,18.431,105.229,0.0
K,846,20.137,107.002,0.0
K,847,18.772,106.608,0.0
K,849,19.455,109.367,0.0
K,850,21.161,111.14,0.0
K,851,19.796,110.746,0.0
K,852,21.503,112.52,0.0
K,853,20.479,113.505,0.0
K,854,22.185,115.279,0.0
K,855,20.82,114.884,0.0
K,856,22.527,116.658,0.0
K,857,21.503,117.643,0.0
K,858,23.209,119.417,0.0
K,859,21.844,119.023,0.0
K,860,23.551,120.796,0.0
K,861,22.527,121.781,0.0
K,862,24.233,123.555,0.0
K,863,22.868,123.161,0.0
K,864,24.575,124.934,0.0
K,865,23.551,125.92,0.0
K,866,25.257,127.693,0.0
K,867,23.892,127.299,0.0
K,868,25.598,129.073,0.0
K,869,24.575,130.058,0.0
K,870,26.281,131.831,0.0
K,871,24.916,131.437,0.0
K,873,25.598,134.196,0.0
K,874,27.305,135.97,0.0
K,875,25.94,135.575,0.0
K,876,27.646,137.349,0.0
K,877,26.622,138.334,0.0
K,878,28.329,140.108,0.0
K,879,26.964,139.714,0.0
K,880,28.67,141.487,0.0
K,881,27.646,142.472,0.0
K,883,27.988,143.852,0.0
K,884,29.694,145.625,0.0
K,885,28.67,146.611,0.0
K,886,30.377,148.384,0.0
K,887,29.012,147.99,0.0
K,888,30.718,149.764,0.0
K,889,29.694,150.749,0.0
K,890,31.401,152.522,0.0
K,891,30.036,152.128,0.0
K,892,31.742,153.902,0.0
K,893,30.718,154.887,0.0
K,894,32.425,156.661,0.0
K,895,31.06,156.266,0.0
K,896,32.766,158.04,0.0
K,897,31.742,159.025,0.0
K,898,0.0,15.37,0.0
K,899,0.341,16.75,0.0
K,900,1.024,19.509,0.0
K,901,1.365,20.888,0.0
K,902,0.341,21.873,0.0
K,903,2.048,23.647,0.0
K,905,2.389,25.026,0.0
K,906,1.365,26.012,0.0
K,907,3.072,27.785,0.0
K,908,1.707,27.391,0.0
K,909,3.413,29.164,0.0
K,910,2.389,30.15,0.0
K,911,4.096,31.923,0.0
K,912,2.731,31.529,0.0
K,913,4.437,33.303,0.0
K,914,3.413,34.288,0.0
K,915,5.12,36.061,0.0
K,916,3.754,35.667,0.0
K,917,5.461,37.441,0.0
K,918,4.437,38.426,0.0
K,919,6.144,40.2,0.0
K,920,4.778,39.806,0.0
K,921,6.485,41.579,0.0
K,923,7.168,44.338,0.0
K,924,5.802,43.944,0.0
K,926,6.485,46.703,0.0
K,927,8.192,48.476,0.0
K,928,6.826,48.082,0.0
K,929,8.533,49.855,0.0
K,930,7.509,50.841,0.0
K,931,9.215,52.614,0.0
K,932,7.85,52.22,0.0
K,933,9.557,53.994,0.0
K,934,8.533,54.979,0.0
K,935,10.239,56.752,0.0
K,936,8.874,56.358,0.0
K,937,10.581,58.132,0.0
K,938,9.557,59.117,0.0
K,939,11.263,60.891,0.0
K,940,9.898,60.497,0.0
K,941,11.605,62.27,0.0
K,942,10.581,63.255,0.0
K,943,12.287,65.029,0.0
K,944,10.922,64.635,0.0
K,945,12.629,66.408,0.0
K,946,11.605,67.394,0.0
K,947,13.311,69.167,0.0
K,948,11.946,68.773,0.0
K,949,13.653,70.546,0.0
K,950,12.629,71.532,0.0
K,951,14.335,73.305,0.0
K,952,12.97,72.911,0.0
K,953,14.676,74.685,0.0
K,954,13.653,75.67,0.0
K,955,15.359,77.444,0.0
K,956,13.994,77.049,0.0
K,957,15.7,78.823,0.0
K,958,14.676,79.808,0.0
K,959,16.383,81.582,0.0
K,960,15.018,81.188,0.0
K,962,15.7,83.946,0.0
K,963,17.407,85.72,0.0
K,964,16.042,85.326,0.0
K,965,17.748,87.099,0.0
K,966,16.724,88.085,0.0
K,967,18.431,89.858,0.0
K,968,17.066,89.464,0.0
K,969,18.772,91.238,0.0
K,970,17.748,92.223,0.0
K,971,19.455,93.996,0.0
K,972,18.09,93.602,0.0
K,973,19.796,95.376,0.0
K,975,20.479,98.135,0.0
K,976,19.114,97.74,0.0
K,977,20.82,99.514,0.0
K,978,19.796,100.499,0.0
K,979,21.503,102.273,0.0
K,980,20.137,101.879,0.0
K,981,21.844,103.652,0.0
K,982,20.82,104.637,0.0
K,983,22.527,106.411,0.0
K,984,21.161,106.017,0.0
K,985,22.868,107.79,0.0
K,986,21.844,108.776,0.0
K,987,23.551,110.549,0.0
K,988,22.185,110.155,0.0
K,989,23.892,111.929,0.0
K,990,22.868,112.914,0.0
K,991,24.575,114.687,0.0
K,992,23.209,114.293,0.0
K,993,24.916,116.067,0.0
K,994,23.892,117.052,0.0
K,995,25.598,118.826,0.0
K,996,24.233,118.431,0.0
K,997,25.94,120.205,0.0
K,998,24.916,121.19,0.0
K,999,26.622,122.964,0.0
K,1000,25.257,122.57,0.0
K,1001,26.964,124.343,0.0
K,1002,25.94,125.328,0.0
K,1003,27.646,127.102,0.0
K,1004,26.281,126.708,0.0
K,1005,27.988,128.481,0.0
K,1007,28.67,131.24,0.0
K,1008,27.305,130.846,0.0
K,1009,29.012,132.62,0.0
K,1010,27.988,133.605,0.0
K,1011,29.694,135.378,0.0
K,1012,28.329,134.984,0.0
K,1013,30.036,136.758,0.0
K,1014,29.012,137.743,0.0
K,1015,30.718,139.517,0.0
K,1016,29.353,139.122,0.0
K,1017,31.06,140.896,0.0
K,1018,30.036,141.881,0.0
K,1019,31.742,143.655,0.0
K,1020,30.377,143.261,0.0
K,1021,32.083,145.034,0.0
K,1022,31.06,146.019,0.0
K,1023,32.766,147.793,0.0
K,1024,31.401,147.399,0.0
K,1025,33.107,149.172,0.0
K,1026,32.083,150.158,0.0
K,1027,33.79,151.931,0.0
K,1029,34.131,153.311,0.0
K,1030,33.107,154.296,0.0
K,1031,34.814,156.069,0.0
K,1032,33.449,155.675,0.0
K,1033,35.155,157.449,0.0
K,1034,34.131,158.434,0.0
K,1035,34.473,159.813,0.0
K,1036,0.341,6.503,0.0
K,1037,0.683,7.882,0.0
K,1038,1.365,10.641,0.0
K,1039,0.0,10.247,0.0
K,1040,1.707,12.02,0.0
K,1041,0.683,13.006,0.0
K,1042,2.389,14.779,0.0
K,1043,1.024,14.385,0.0
K,1044,2.731,16.159,0.0
K,1045,1.707,17.144,0.0
K,1046,3.413,18.918,0.0
K,1047,2.048,18.523,0.0
K,1048,3.754,20.297,0.0
K,1049,2.731,21.282,0.0
K,1050,4.437,23.056,0.0
K,1051,3.072,22.662,0.0
K,1052,4.778,24.435,0.0
K,1053,3.754,25.42,0.0
K,1054,5.461,27.194,0.0
K,1055,4.096,26.8,0.0
K,1056,5.802,28.573,0.0
K,1057,4.778,29.559,0.0
K,1058,6.485,31.332,0.0
K,1059,5.12,30.938,0.0
K,1060,6.826,32.712,0.0
K,1061,5.802,33.697,0.0
K,1062,7.509,35.47,0.0
K,1063,6.144,35.076,0.0
K,1064,7.85,36.85,0.0
K,1065,6.826,37.835,0.0
K,1066,8.533,39.609,0.0
K,1067,7.168,39.214,0.0
K,1068,8.874,40.988,0.0
K,1069,7.85,41.973,0.0
K,1070,9.557,43.747,0.0
K,1071,8.192,43.353,0.0
K,1072,9.898,45.126,0.0
K,1073,8.874,46.111,0.0
K,1074,10.581,47.885,0.0
K,1075,9.215,47.491,0.0
K,1076,10.922,49.264,0.0
K,1077,9.898,50.25,0.0
K,1078,11.605,52.023,0.0
K,1079,10.239,51.629,0.0
K,1080,11.946,53.403,0.0
K,1081,10.922,54.388,0.0
K,1082,12.629,56.161,0.0
K,1083,11.263,55.767,0.0
K,1084,12.97,57.541,0.0
K,1085,11.946,58.526,0.0
K,1086,13.653,60.3,0.0
K,1087,12.287,59.905,0.0
K,1088,13.994,61.679,0.0
K,1089,12.97,62.664,0.0
K,1090,14.676,64.438,0.0
K,1091,13.311,64.044,0.0
K,1092,15.018,65.817,0.0
K,1093,13.994,66.802,0.0
K,1094,15.7,68.576,0.0
K,1095,14.335,68.182,0.0
K,1096,16.042,69.955,0.0
K,1098,16.724,72.714,0.0
K,1099,15.359,72.32,0.0
K,1100,17.066,74.094,0.0
K,1101,16.042,75.079,0.0
K,1102,17.748,76.852,0.0
K,1103,16.383,76.458,0.0
K,1104,18.09,78.232,0.0
K,1105,17.066,79.217,0.0
K,1106,18.772,80.991,0.0
K,1107,17.407,80.596,0.0
K,1108,19.114,82.37,0.0
K,1109,18.09,83.355,0.0
K,1110,19.796,85.129,0.0
K,1111,18.431,84.735,0.0
K,1112,20.137,86.508,0.0
K,1113,19.114,87.493,0.0
K,1114,20.82,89.267,0.0
K,1115,19.455,88.873,0.0
K,1116,21.161,90.646,0.0
K,1117,20.137,91.632,0.0
K,1118,21.844,93.405,0.0
K,1119,20.479,93.011,0.0
K,1120,22.185,94.785,0.0
K,1121,21.161,95.77,0.0
K,1122,22.868,97.543,0.0
K,1123,21.503,97.149,0.0
K,1124,23.209,98.923,0.0
K,1125,22.185,99.908,0.0
K,1126,23.892,101.682,0.0
K,1127,22.527,101.287,0.0
K,1128,24.233,103.061,0.0
K,1129,23.209,104.046,0.0
K,1130,24.916,105.82,0.0
K,1131,23.551,105.426,0.0
K,1132,25.257,107.199,0.0
K,1133,24.233,108.184,0.0
K,1134,25.94,109.958,0.0
K,1135,24.575,109.564,0.0
K,1136,26.281,111.337,0.0
K,1137,25.257,112.323,0.0
K,1138,26.964,114.096,0.0
K,1139,25.598,113.702,0.0
K,1140,27.305,115.476,0.0
K,1141,26.281,116.461,0.0
K,1142,27.988,118.234,0.0
K,1143,26.622,117.84,0.0
K,1144,28.329,119.614,0.0
K,1145,27.305,120.599,0.0
K,1146,29.012,122.373,0.0
K,1147,27.646,121.978,0.0
K,1148,29.353,123.752,0.0
K,1149,28.329,124.737,0.0
K,1150,30.036,126.511,0.0
K,1151,28.67,126.117,0.0
K,1152,30.377,127.89,0.0
K,1153,29.353,128.875,0.0
K,1154,31.06,130.649,0.0
K,1155,29.694,130.255,0.0
K,1156,31.401,132.028,0.0
K,1158,32.083,134.787,0.0
K,1159,30.718,134.393,0.0
K,1160,32.425,136.167,0.0
K,1161,31.401,137.152,0.0
K,1162,33.107,138.925,0.0
K,1163,31.742,138.531,0.0
K,1164,33.449,140.305,0.0
K,1165,32.425,141.29,0.0
K,1166,34.131,143.064,0.0
K,1167,32.766,142.669,0.0
K,1168,34.473,144.443,0.0
K,1169,33.449,145.428,0.0
K,1170,35.155,147.202,0.0
K,1171,33.79,146.808,0.0
K,1172,34.473,149.567,0.0
K,1173,34.814,150.946,0.0
K,1174,0.0,0.0,0.0
K,1175,1.707,1.774,0.0
K,1176,0.341,1.379,0.0
K,1177,2.048,3.153,0.0
K,1178,1.024,4.138,0.0
K,1179,2.731,5.912,0.0
K,1180,1.365,5.518,0.0
K,1181,3.072,7.291,0.0
K,1182,2.048,8.276,0.0
K,1183,3.754,10.05,0.0
K,1184,2.389,9.656,0.0
K,1185,4.096,11.429,0.0
K,1186,3.072,12.415,0.0
K,1187,4.778,14.188,0.0
K,1188,3.413,13.794,0.0
K,1189,5.12,15.568,0.0
K,1190,4.096,16.553,0.0
K,1191,5.802,18.326,0.0
K,1192,4.437,17.932,0.0
K,1193,6.144,19.706,0.0
K,1194,5.12,20.691,0.0
K,1195,6.826,22.465,0.0
K,1196,5.461,22.07,0.0
K,1198,6.144,24.829,0.0
K,1199,7.85,26.603,0.0
K,1200,6.485,26.209,0.0
K,1201,8.192,27.982,0.0
K,1202,7.168,28.967,0.0
K,1203,8.874,30.741,0.0
K,1204,7.509,30.347,0.0
K,1205,9.215,32.12,0.0
K,1206,8.192,33.106,0.0
K,1207,9.898,34.879,0.0
K,1208,8.533,34.485,0.0
K,1209,10.239,36.259,0.0
K,1210,9.215,37.244,0.0
K,1211,10.922,39.017,0.0
K,1212,9.557,38.623,0.0
K,1213,11.263,40.397,0.0
K,1215,11.946,43.156,0.0
K,1216,10.581,42.761,0.0
K,1217,12.287,44.535,0.0
K,1219,12.97,47.294,0.0
K,1220,11.605,46.9,0.0
K,1221,13.311,48.673,0.0
K,1222,12.287,49.658,0.0
K,1223,13.994,51.432,0.0
K,1224,12.629,51.038,0.0
K,1225,14.335,52.811,0.0
K,1226,13.311,53.797,0.0
K,1227,15.018,55.57,0.0
K,1228,13.653,55.176,0.0
K,1229,15.359,56.95,0.0
K,1230,14.335,57.935,0.0
K,1231,16.042,59.708,0.0
K,1232,14.676,59.314,0.0
K,1233,16.383,61.088,0.0
K,1234,15.359,62.073,0.0
K,1235,17.066,63.847,0.0
K,1236,15.7,63.452,0.0
K,1237,17.407,65.226,0.0
K,1238,16.383,66.211,0.0
K,1239,18.09,67.985,0.0
K,1240,16.724,67.591,0.0
K,1241,18.431,69.364,0.0
K,1242,17.407,70.349,0.0
K,1243,19.114,72.123,0.0
K,1244,17.748,71.729,0.0
K,1245,19.455,73.502,0.0
K,1246,18.431,74.488,0.0
K,1247,20.137,76.261,0.0
K,1248,18.772,75.867,0.0
K,1249,20.479,77.641,0.0
K,1250,19.455,78.626,0.0
K,1251,21.161,80.399,0.0
K,1252,19.796,80.005,0.0
K,1253,21.503,81.779,0.0
K,1254,20.479,82.764,0.0
K,1255,22.185,84.538,0.0
K,1256,20.82,84.143,0.0
K,1257,22.527,85.917,0.0
K,1258,21.503,86.902,0.0
K,1259,23.209,88.676,0.0
K,1260,21.844,88.282,0.0
K,1261,23.551,90.055,0.0
K,1262,22.527,91.04,0.0
K,1263,24.233,92.814,0.0
K,1264,22.868,92.42,0.0
K,1265,24.575,94.193,0.0
K,1266,23.551,95.179,0.0
K,1267,25.257,96.952,0.0
K,1268,23.892,96.558,0.0
K,1269,25.598,98.332,0.0
K,1270,24.575,99.317,0.0
K,1271,26.281,101.09,0.0
K,1272,24.916,100.696,0.0
K,1273,26.622,102.47,0.0
K,1274,25.598,103.455,0.0
K,1275,27.305,105.229,0.0
K,1276,25.94,104.834,0.0
K,1277,27.646,106.608,0.0
K,1278,26.622,107.593,0.0
K,1279,28.329,109.367,0.0
K,1280,26.964,108.973,0.0
K,1281,28.67,110.746,0.0
K,1282,27.646,111.732,0.0
K,1283,29.353,113.505,0.0
K,1284,27.988,113.111,0.0
K,1285,29.694,114.884,0.0
K,1286,28.67,115.87,0.0
K,1287,30.377,117.643,0.0
K,1288,29.012,117.249,0.0
K,1289,30.718,119.023,0.0
K,1290,29.694,120.008,0.0
K,1291,31.401,121.781,0.0
K,1292,30.036,121.387,0.0
K,1294,30.718,124.146,0.0
K,1296,31.06,125.526,0.0
K,1297,32.766,127.299,0.0
K,1298,31.742,128.284,0.0
K,1300,32.083,129.664,0.0
K,1301,33.79,131.437,0.0
K,1302,32.766,132.423,0.0
K,1303,34.473,134.196,0.0
K,1304,33.107,133.802,0.0
K,1305,34.814,135.575,0.0
K,1306,33.79,136.561,0.0
K,1307,34.131,137.94,0.0
K,1308,34.814,140.699,0.0
K,1309,35.155,142.078,0.0
K,1310,4.096,1.182,0.0
K,1311,2.731,0.788,0.0
K,1312,4.437,2.562,0.0
K,1313,3.413,3.547,0.0
K,1314,5.12,5.321,0.0
K,1315,3.754,4.926,0.0
K,1316,5.461,6.7,0.0
K,1317,4.437,7.685,0.0
K,1318,6.144,9.459,0.0
K,1319,4.778,9.065,0.0
K,1320,6.485,10.838,0.0
K,1321,5.461,11.823,0.0
K,1322,7.168,13.597,0.0
K,1323,5.802,13.203,0.0
K,1324,7.509,14.976,0.0
K,1325,6.485,15.962,0.0
K,1326,8.192,17.735,0.0
K,1327,6.826,17.341,0.0
K,1328,8.533,19.115,0.0
K,1329,7.509,20.1,0.0
K,1330,9.215,21.873,0.0
K,1331,7.85,21.479,0.0
K,1332,9.557,23.253,0.0
K,1333,8.533,24.238,0.0
K,1334,10.239,26.012,0.0
K,1335,8.874,25.617,0.0
K,1336,10.581,27.391,0.0
K,1337,9.557,28.376,0.0
K,1338,11.263,30.15,0.0
K,1339,9.898,29.756,0.0
K,1340,11.605,31.529,0.0
K,1341,10.581,32.514,0.0
K,1342,12.287,34.288,0.0
K,1343,10.922,33.894,0.0
K,1344,12.629,35.667,0.0
K,1345,11.605,36.653,0.0
K,1346,13.311,38.426,0.0
K,1347,11.946,38.032,0.0
K,1348,13.653,39.806,0.0
K,1349,12.629,40.791,0.0
K,1350,14.335,42.564,0.0
K,1351,12.97,42.17,0.0
K,1352,14.676,43.944,0.0
K,1353,13.653,44.929,0.0
K,1354,15.359,46.703,0.0
K,1355,13.994,46.308,0.0
K,1356,15.7,48.082,0.0
K,1357,14.676,49.067,0.0
K,1359,15.018,50.447,0.0
K,1360,16.724,52.22,0.0
K,1361,15.7,53.205,0.0
K,1362,17.407,54.979,0.0
K,1363,16.042,54.585,0.0
K,1364,17.748,56.358,0.0
K,1365,16.724,57.344,0.0
K,1366,18.431,59.117,0.0
K,1367,17.066,58.723,0.0
K,1368,18.772,60.497,0.0
K,1369,17.748,61.482,0.0
K,1370,19.455,63.255,0.0
K,1371,18.09,62.861,0.0
K,1372,19.796,64.635,0.0
K,1373,18.772,65.62,0.0
K,1374,20.479,67.394,0.0
K,1375,19.114,66.999,0.0
K,1376,20.82,68.773,0.0
K,1377,19.796,69.758,0.0
K,1378,21.503,71.532,0.0
K,1379,20.137,71.138,0.0
K,1380,21.844,72.911,0.0
K,1381,20.82,73.896,0.0
K,1382,22.527,75.67,0.0
K,1383,21.161,75.276,0.0
K,1384,22.868,77.049,0.0
K,1385,21.844,78.035,0.0
K,1386,23.551,79.808,0.0
K,1387,22.185,79.414,0.0
K,1388,23.892,81.188,0.0
K,1389,22.868,82.173,0.0
K,1390,24.575,83.946,0.0
K,1391,23.209,83.552,0.0
K,1392,24.916,85.326,0.0
K,1393,23.892,86.311,0.0
K,1394,25.598,88.085,0.0
K,1395,24.233,87.69,0.0
K,1396,25.94,89.464,0.0
K,1397,24.916,90.449,0.0
K,1398,26.622,92.223,0.0
K,1399,25.257,91.829,0.0
K,1400,26.964,93.602,0.0
K,1401,25.94,94.587,0.0
K,1402,27.646,96.361,0.0
K,1403,26.281,95.967,0.0
K,1404,27.988,97.74,0.0
K,1405,26.964,98.726,0.0
K,1406,28.67,100.499,0.0
K,1407,27.305,100.105,0.0
K,1408,29.012,101.879,0.0
K,1409,27.988,102.864,0.0
K,1410,29.694,104.637,0.0
K,1411,28.329,104.243,0.0
K,1412,30.036,106.017,0.0
K,1413,29.012,107.002,0.0
K,1414,30.718,108.776,0.0
K,1415,29.353,108.382,0.0
K,1416,31.06,110.155,0.0
K,1417,30.036,111.14,0.0
K,1418,31.742,112.914,0.0
K,1419,30.377,112.52,0.0
K,1420,32.083,114.293,0.0
K,1421,31.06,115.279,0.0
K,1422,32.766,117.052,0.0
K,1423,31.401,116.658,0.0
K,1424,33.107,118.431,0.0
K,1425,32.083,119.417,0.0
K,1426,33.79,121.19,0.0
K,1427,32.425,120.796,0.0
K,1428,34.131,122.57,0.0
K,1429,33.107,123.555,0.0
K,1430,34.814,125.328,0.0
K,1431,33.449,124.934,0.0
K,1432,35.155,126.708,0.0
K,1433,34.131,127.693,0.0
K,1434,34.473,129.073,0.0
K,1435,35.155,131.831,0.0
K,1436,6.485,0.591,0.0
K,1437,5.12,0.197,0.0
K,1438,6.826,1.971,0.0
K,1439,5.802,2.956,0.0
K,1440,7.509,4.729,0.0
K,1441,6.144,4.335,0.0
K,1442,7.85,6.109,0.0
K,1443,6.826,7.094,0.0
K,1444,8.533,8.868,0.0
K,1445,7.168,8.473,0.0
K,1446,8.874,10.247,0.0
K,1447,7.85,11.232,0.0
K,1448,9.557,13.006,0.0
K,1449,8.192,12.612,0.0
K,1450,9.898,14.385,0.0
K,1451,8.874,15.37,0.0
K,1452,10.581,17.144,0.0
K,1453,9.215,16.75,0.0
K,1454,10.922,18.523,0.0
K,1455,9.898,19.509,0.0
K,1456,11.605,21.282,0.0
K,1457,10.239,20.888,0.0
K,1458,11.946,22.662,0.0
K,1459,10.922,23.647,0.0
K,1460,12.629,25.42,0.0
K,1461,11.263,25.026,0.0
K,1462,12.97,26.8,0.0
K,1463,11.946,27.785,0.0
K,1464,13.653,29.559,0.0
K,1465,12.287,29.164,0.0
K,1466,13.994,30.938,0.0
K,1467,12.97,31.923,0.0
K,1468,14.676,33.697,0.0
K,1469,13.311,33.303,0.0
K,1470,15.018,35.076,0.0
K,1471,13.994,36.061,0.0
K,1472,15.7,37.835,0.0
K,1473,14.335,37.441,0.0
K,1474,16.042,39.214,0.0
K,1475,15.018,40.2,0.0
K,1476,16.724,41.973,0.0
K,1477,15.359,41.579,0.0
K,1478,17.066,43.353,0.0
K,1479,16.042,44.338,0.0
K,1480,17.748,46.111,0.0
K,1481,16.383,45.717,0.0
K,1482,18.09,47.491,0.0
K,1483,17.066,48.476,0.0
K,1484,18.772,50.25,0.0
K,1485,17.407,49.855,0.0
K,1486,19.114,51.629,0.0
K,1487,18.09,52.614,0.0
K,1488,19.796,54.388,0.0
K,1490,20.137,55.767,0.0
K,1491,19.114,56.752,0.0
K,1492,20.82,58.526,0.0
K,1493,19.455,58.132,0.0
K,1494,21.161,59.905,0.0
K,1495,20.137,60.891,0.0
K,1496,21.844,62.664,0.0
K,1497,20.479,62.27,0.0
K,1498,22.185,64.044,0.0
K,1499,21.161,65.029,0.0
K,1500,22.868,66.802,0.0
K,1501,21.503,66.408,0.0
K,1502,23.209,68.182,0.0
K,1503,22.185,69.167,0.0
K,1504,23.892,70.941,0.0
K,1505,22.527,70.546,0.0
K,1506,24.233,72.32,0.0
K,1507,23.209,73.305,0.0
K,1508,24.916,75.079,0.0
K,1509,23.551,74.685,0.0
K,1510,25.257,76.458,0.0
K,1511,24.233,77.444,0.0
K,1512,25.94,79.217,0.0
K,1513,24.575,78.823,0.0
K,1514,26.281,80.596,0.0
K,1515,25.257,81.582,0.0
K,1516,26.964,83.355,0.0
K,1517,25.598,82.961,0.0
K,1518,27.305,84.735,0.0
K,1519,26.281,85.72,0.0
K,1520,27.988,87.493,0.0
K,1521,26.622,87.099,0.0
K,1522,28.329,88.873,0.0
K,1523,27.305,89.858,0.0
K,1524,29.012,91.632,0.0
K,1525,27.646,91.238,0.0
K,1526,29.353,93.011,0.0
K,1527,28.329,93.996,0.0
K,1528,30.036,95.77,0.0
K,1529,28.67,95.376,0.0
K,1530,30.377,97.149,0.0
K,1531,29.353,98.135,0.0
K,1532,31.06,99.908,0.0
K,1533,29.694,99.514,0.0
K,1534,31.401,101.287,0.0
K,1535,30.377,102.273,0.0
K,1536,32.083,104.046,0.0
K,1537,30.718,103.652,0.0
K,1538,32.425,105.426,0.0
K,1539,31.401,106.411,0.0
K,1540,33.107,108.184,0.0
K,1541,31.742,107.79,0.0
K,1542,33.449,109.564,0.0
K,1544,34.131,112.323,0.0
K,1545,32.766,111.929,0.0
K,1546,34.473,113.702,0.0
K,1547,33.449,114.687,0.0
K,1548,35.155,116.461,0.0
K,1549,33.79,116.067,0.0
K,1550,34.473,118.826,0.0
K,1551,34.814,120.205,0.0
K,1552,8.874,0.0,0.0
K,1553,9.215,1.379,0.0
K,1554,8.192,2.365,0.0
K,1555,9.898,4.138,0.0
K,1556,8.533,3.744,0.0
K,1557,10.239,5.518,0.0
K,1558,9.215,6.503,0.0
K,1559,10.922,8.276,0.0
K,1560,9.557,7.882,0.0
K,1561,11.263,9.656,0.0
K,1562,10.239,10.641,0.0
K,1563,11.946,12.415,0.0
K,1564,10.581,12.02,0.0
K,1565,12.287,13.794,0.0
K,1566,11.263,14.779,0.0
K,1567,12.97,16.553,0.0
K,1568,11.605,16.159,0.0
K,1569,13.311,17.932,0.0
K,1570,12.287,18.918,0.0
K,1571,13.994,20.691,0.0
K,1572,12.629,20.297,0.0
K,1573,14.335,22.07,0.0
K,1574,13.311,23.056,0.0
K,1575,15.018,24.829,0.0
K,1576,13.653,24.435,0.0
K,1577,15.359,26.209,0.0
K,1578,14.335,27.194,0.0
K,1579,16.042,28.967,0.0
K,1580,14.676,28.573,0.0
K,1581,16.383,30.347,0.0
K,1582,15.359,31.332,0.0
K,1583,17.066,33.106,0.0
K,1584,15.7,32.712,0.0
K,1585,17.407,34.485,0.0
K,1586,16.383,35.47,0.0
K,1587,18.09,37.244,0.0
K,1588,16.724,36.85,0.0
K,1589,18.431,38.623,0.0
K,1590,17.407,39.609,0.0
K,1591,19.114,41.382,0.0
K,1592,17.748,40.988,0.0
K,1593,19.455,42.761,0.0
K,1594,18.431,43.747,0.0
K,1595,20.137,45.52,0.0
K,1596,18.772,45.126,0.0
K,1597,20.479,46.9,0.0
K,1598,19.455,47.885,0.0
K,1599,21.161,49.658,0.0
K,1600,19.796,49.264,0.0
K,1601,21.503,51.038,0.0
K,1602,20.479,52.023,0.0
K,1603,22.185,53.797,0.0
K,1604,20.82,53.403,0.0
K,1605,22.527,55.176,0.0
K,1606,21.503,56.161,0.0
K,1607,23.209,57.935,0.0
K,1608,21.844,57.541,0.0
K,1609,23.551,59.314,0.0
K,1610,22.527,60.3,0.0
K,1611,24.233,62.073,0.0
K,1612,22.868,61.679,0.0
K,1613,24.575,63.452,0.0
K,1614,23.551,64.438,0.0
K,1615,25.257,66.211,0.0
K,1616,23.892,65.817,0.0
K,1617,25.598,67.591,0.0
K,1619,26.281,70.349,0.0
K,1620,24.916,69.955,0.0
K,1621,26.622,71.729,0.0
K,1622,25.598,72.714,0.0
K,1623,27.305,74.488,0.0
K,1624,25.94,74.094,0.0
K,1625,27.646,75.867,0.0
K,1626,26.622,76.852,0.0
K,1627,28.329,78.626,0.0
K,1628,26.964,78.232,0.0
K,1629,28.67,80.005,0.0
K,1630,27.646,80.991,0.0
K,1631,29.353,82.764,0.0
K,1632,27.988,82.37,0.0
K,1633,29.694,84.143,0.0
K,1634,28.67,85.129,0.0
K,1635,30.377,86.902,0.0
K,1636,29.012,86.508,0.0
K,1637,30.718,88.282,0.0
K,1638,29.694,89.267,0.0
K,1639,31.401,91.04,0.0
K,1640,30.036,90.646,0.0
K,1641,31.742,92.42,0.0
K,1642,30.718,93.405,0.0
K,1643,32.425,95.179,0.0
K,1644,31.06,94.785,0.0
K,1645,32.766,96.558,0.0
K,1646,31.742,97.543,0.0
K,1647,33.449,99.317,0.0
K,1648,32.083,98.923,0.0
K,1649,33.79,100.696,0.0
K,1650,32.766,101.682,0.0
K,1651,34.473,103.455,0.0
K,1653,34.814,104.834,0.0
K,1654,33.79,105.82,0.0
K,1655,34.131,107.199,0.0
K,1656,34.814,109.958,0.0
K,1657,35.155,111.337,0.0
K,1658,11.605,0.788,0.0
K,1659,10.581,1.774,0.0
K,1660,12.287,3.547,0.0
K,1661,10.922,3.153,0.0
K,1662,12.629,4.926,0.0
K,1663,11.605,5.912,0.0
K,1664,13.311,7.685,0.0
K,1665,11.946,7.291,0.0
K,1666,13.653,9.065,0.0
K,1667,12.629,10.05,0.0
K,1668,14.335,11.823,0.0
K,1669,12.97,11.429,0.0
K,1670,14.676,13.203,0.0
K,1671,13.653,14.188,0.0
K,1672,15.359,15.962,0.0
K,1673,13.994,15.568,0.0
K,1674,15.7,17.341,0.0
K,1675,14.676,18.326,0.0
K,1676,16.383,20.1,0.0
K,1677,15.018,19.706,0.0
K,1678,16.724,21.479,0.0
K,1679,15.7,22.465,0.0
K,1680,17.407,24.238,0.0
K,1681,16.042,23.844,0.0
K,1682,17.748,25.617,0.0
K,1683,16.724,26.603,0.0
K,1684,18.431,28.376,0.0
K,1685,17.066,27.982,0.0
K,1686,18.772,29.756,0.0
K,1687,17.748,30.741,0.0
K,1688,19.455,32.514,0.0
K,1689,18.09,32.12,0.0
K,1690,19.796,33.894,0.0
K,1691,18.772,34.879,0.0
K,1692,20.479,36.653,0.0
K,1693,19.114,36.259,0.0
K,1695,19.796,39.017,0.0
K,1696,21.503,40.791,0.0
K,1697,20.137,40.397,0.0
K,1698,21.844,42.17,0.0
K,1699,20.82,43.156,0.0
K,1700,22.527,44.929,0.0
K,1701,21.161,44.535,0.0
K,1702,22.868,46.308,0.0
K,1703,21.844,47.294,0.0
K,1704,23.551,49.067,0.0
K,1705,22.185,48.673,0.0
K,1706,23.892,50.447,0.0
K,1707,22.868,51.432,0.0
K,1708,24.575,53.205,0.0
K,1709,23.209,52.811,0.0
K,1710,24.916,54.585,0.0
K,1711,23.892,55.57,0.0
K,1712,25.598,57.344,0.0
K,1713,24.233,56.95,0.0
K,1714,25.94,58.723,0.0
K,1715,24.916,59.708,0.0
K,1716,26.622,61.482,0.0
K,1717,25.257,61.088,0.0
K,1718,26.964,62.861,0.0
K,1719,25.94,63.847,0.0
K,1721,26.281,65.226,0.0
K,1722,27.988,66.999,0.0
K,1723,26.964,67.985,0.0
K,1724,28.67,69.758,0.0
K,1725,27.305,69.364,0.0
K,1726,29.012,71.138,0.0
K,1727,27.988,72.123,0.0
K,1728,29.694,73.896,0.0
K,1729,28.329,73.502,0.0
K,1730,30.036,75.276,0.0
K,1731,29.012,76.261,0.0
K,1732,30.718,78.035,0.0
K,1733,29.353,77.641,0.0
K,1734,31.06,79.414,0.0
K,1735,30.036,80.399,0.0
K,1736,31.742,82.173,0.0
K,1737,30.377,81.779,0.0
K,1738,32.083,83.552,0.0
K,1739,31.06,84.538,0.0
K,1740,32.766,86.311,0.0
K,1741,31.401,85.917,0.0
K,1742,33.107,87.69,0.0
K,1743,32.083,88.676,0.0
K,1744,33.79,90.449,0.0
K,1745,32.425,90.055,0.0
K,1746,34.131,91.829,0.0
K,1747,33.107,92.814,0.0
K,1748,34.814,94.587,0.0
K,1749,33.449,94.193,0.0
K,1750,35.155,95.967,0.0
K,1751,34.131,96.952,0.0
K,1752,34.473,98.332,0.0
K,1754,13.994,0.197,0.0
K,1755,12.97,1.182,0.0
K,1756,14.676,2.956,0.0
K,1757,13.311,2.562,0.0
K,1758,15.018,4.335,0.0
K,1759,13.994,5.321,0.0
K,1760,15.7,7.094,0.0
K,1761,14.335,6.7,0.0
K,1762,16.042,8.473,0.0
K,1763,15.018,9.459,0.0
K,1764,16.724,11.232,0.0
K,1765,15.359,10.838,0.0
K,1766,17.066,12.612,0.0
K,1767,16.042,13.597,0.0
K,1768,17.748,15.37,0.0
K,1769,16.383,14.976,0.0
K,1770,18.09,16.75,0.0
K,1771,17.066,17.735,0.0
K,1772,18.772,19.509,0.0
K,1773,17.407,19.115,0.0
K,1774,19.114,20.888,0.0
K,1775,18.09,21.873,0.0
K,1776,19.796,23.647,0.0
K,1777,18.431,23.253,0.0
K,1778,20.137,25.026,0.0
K,1779,19.114,26.012,0.0
K,1780,20.82,27.785,0.0
K,1781,19.455,27.391,0.0
K,1782,21.161,29.164,0.0
K,1783,20.137,30.15,0.0
K,1784,21.844,31.923,0.0
K,1785,20.479,31.529,0.0
K,1786,22.185,33.303,0.0
K,1787,21.161,34.288,0.0
K,1788,22.868,36.061,0.0
K,1789,21.503,35.667,0.0
K,1790,23.209,37.441,0.0
K,1791,22.185,38.426,0.0
K,1792,23.892,40.2,0.0
K,1793,22.527,39.806,0.0
K,1794,24.233,41.579,0.0
K,1795,23.209,42.564,0.0
K,1796,24.916,44.338,0.0
K,1797,23.551,43.944,0.0
K,1798,25.257,45.717,0.0
K,1799,24.233,46.703,0.0
K,1800,25.94,48.476,0.0
K,1801,24.575,48.082,0.0
K,1802,26.281,49.855,0.0
K,1803,25.257,50.841,0.0
K,1804,26.964,52.614,0.0
K,1805,25.598,52.22,0.0
K,1806,27.305,53.994,0.0
K,1807,26.281,54.979,0.0
K,1808,27.988,56.752,0.0
K,1809,26.622,56.358,0.0
K,1810,28.329,58.132,0.0
K,1811,27.305,59.117,0.0
K,1812,29.012,60.891,0.0
K,1813,27.646,60.497,0.0
K,1814,29.353,62.27,0.0
K,1815,28.329,63.255,0.0
K,1816,30.036,65.029,0.0
K,1817,28.67,64.635,0.0
K,1818,30.377,66.408,0.0
K,1819,29.353,67.394,0.0
K,1820,31.06,69.167,0.0
K,1821,29.694,68.773,0.0
K,1822,31.401,70.546,0.0
K,1823,30.377,71.532,0.0
K,1825,30.718,72.911,0.0
K,1826,32.425,74.685,0.0
K,1827,31.401,75.67,0.0
K,1828,33.107,77.444,0.0
K,1829,31.742,77.049,0.0
K,1830,33.449,78.823,0.0
K,1831,32.425,79.808,0.0
K,1832,34.131,81.582,0.0
K,1833,32.766,81.188,0.0
K,1834,34.473,82.961,0.0
K,1835,33.449,83.946,0.0
K,1836,35.155,85.72,0.0
K,1837,33.79,85.326,0.0
K,1838,34.473,88.085,0.0
K,1839,34.814,89.464,0.0
K,1840,15.359,0.591,0.0
K,1841,17.066,2.365,0.0
K,1842,15.7,1.971,0.0
K,1843,17.407,3.744,0.0
K,1844,16.383,4.729,0.0
K,1845,18.09,6.503,0.0
K,1846,16.724,6.109,0.0
K,1847,18.431,7.882,0.0
K,1848,17.407,8.868,0.0
K,1849,19.114,10.641,0.0
K,1850,17.748,10.247,0.0
K,1851,19.455,12.02,0.0
K,1852,18.431,13.006,0.0
K,1853,20.137,14.779,0.0
K,1854,18.772,14.385,0.0
K,1855,20.479,16.159,0.0
K,1856,19.455,17.144,0.0
K,1857,21.161,18.918,0.0
K,1858,19.796,18.523,0.0
K,1859,21.503,20.297,0.0
K,1860,20.479,21.282,0.0
K,1861,22.185,23.056,0.0
K,1862,20.82,22.662,0.0
K,1864,21.503,25.42,0.0
K,1865,23.209,27.194,0.0
K,1866,21.844,26.8,0.0
K,1867,23.551,28.573,0.0
K,1868,22.527,29.559,0.0
K,1869,24.233,31.332,0.0
K,1870,22.868,30.938,0.0
K,1871,24.575,32.712,0.0
K,1872,23.551,33.697,0.0
K,1873,25.257,35.47,0.0
K,1874,23.892,35.076,0.0
K,1875,25.598,36.85,0.0
K,1876,24.575,37.835,0.0
K,1877,26.281,39.609,0.0
K,1878,24.916,39.214,0.0
K,1879,26.622,40.988,0.0
K,1880,25.598,41.973,0.0
K,1881,27.305,43.747,0.0
K,1882,25.94,43.353,0.0
K,1883,27.646,45.126,0.0
K,1884,26.622,46.111,0.0
K,1885,28.329,47.885,0.0
K,1886,26.964,47.491,0.0
K,1887,28.67,49.264,0.0
K,1888,27.646,50.25,0.0
K,1889,29.353,52.023,0.0
K,1890,27.988,51.629,0.0
K,1891,29.694,53.403,0.0
K,1892,28.67,54.388,0.0
K,1893,30.377,56.161,0.0
K,1894,29.012,55.767,0.0
K,1895,30.718,57.541,0.0
K,1896,29.694,58.526,0.0
K,1897,31.401,60.3,0.0
K,1898,30.036,59.905,0.0
K,1899,31.742,61.679,0.0
K,1900,30.718,62.664,0.0
K,1901,32.425,64.438,0.0
K,1902,31.06,64.044,0.0
K,1903,32.766,65.817,0.0
K,1904,31.742,66.802,0.0
K,1905,33.449,68.576,0.0
K,1906,32.083,68.182,0.0
K,1907,33.79,69.955,0.0
K,1908,32.766,70.941,0.0
K,1909,34.473,72.714,0.0
K,1910,33.107,72.32,0.0
K,1911,34.814,74.094,0.0
K,1912,33.79,75.079,0.0
K,1913,34.131,76.458,0.0
K,1914,34.814,79.217,0.0
K,1915,35.155,80.596,0.0
K,1916,17.748,0.0,0.0
K,1917,19.455,1.774,0.0
K,1918,18.09,1.379,0.0
K,1919,19.796,3.153,0.0
K,1920,18.772,4.138,0.0
K,1921,20.479,5.912,0.0
K,1922,19.114,5.518,0.0
K,1923,20.82,7.291,0.0
K,1924,19.796,8.276,0.0
K,1925,21.503,10.05,0.0
K,1926,20.137,9.656,0.0
K,1927,21.844,11.429,0.0
K,1928,20.82,12.415,0.0
K,1929,22.527,14.188,0.0
K,1930,21.161,13.794,0.0
K,1931,22.868,15.568,0.0
K,1932,21.844,16.553,0.0
K,1933,23.551,18.326,0.0
K,1934,22.185,17.932,0.0
K,1935,23.892,19.706,0.0
K,1936,22.868,20.691,0.0
K,1937,24.575,22.465,0.0
K,1938,23.209,22.07,0.0
K,1940,23.892,24.829,0.0
K,1941,25.598,26.603,0.0
K,1942,24.233,26.209,0.0
K,1943,25.94,27.982,0.0
K,1944,24.916,28.967,0.0
K,1945,26.622,30.741,0.0
K,1946,25.257,30.347,0.0
K,1947,26.964,32.12,0.0
K,1948,25.94,33.106,0.0
K,1949,27.646,34.879,0.0
K,1950,26.281,34.485,0.0
K,1951,27.988,36.259,0.0
K,1952,26.964,37.244,0.0
K,1953,28.67,39.017,0.0
K,1954,27.305,38.623,0.0
K,1955,29.012,40.397,0.0
K,1956,27.988,41.382,0.0
K,1957,29.694,43.156,0.0
K,1958,28.329,42.761,0.0
K,1959,30.036,44.535,0.0
K,1960,29.012,45.52,0.0
K,1961,30.718,47.294,0.0
K,1962,29.353,46.9,0.0
K,1963,31.06,48.673,0.0
K,1964,30.036,49.658,0.0
K,1965,31.742,51.432,0.0
K,1966,30.377,51.038,0.0
K,1967,32.083,52.811,0.0
K,1968,31.06,53.797,0.0
K,1969,32.766,55.57,0.0
K,1970,31.401,55.176,0.0
K,1971,33.107,56.95,0.0
K,1972,32.083,57.935,0.0
K,1973,33.79,59.708,0.0
K,1974,32.425,59.314,0.0
K,1975,34.131,61.088,0.0
K,1976,33.107,62.073,0.0
K,1977,34.814,63.847,0.0
K,1978,33.449,63.452,0.0
K,1979,35.155,65.226,0.0
K,1980,34.131,66.211,0.0
K,1981,34.473,67.591,0.0
K,1982,35.155,70.349,0.0
K,1983,21.844,1.182,0.0
K,1984,20.479,0.788,0.0
K,1985,22.185,2.562,0.0
K,1986,21.161,3.547,0.0
K,1987,22.868,5.321,0.0
K,1988,21.503,4.926,0.0
K,1989,23.209,6.7,0.0
K,1990,22.185,7.685,0.0
K,1991,23.892,9.459,0.0
K,1992,22.527,9.065,0.0
K,1993,24.233,10.838,0.0
K,1994,23.209,11.823,0.0
K,1995,24.916,13.597,0.0
K,1996,23.551,13.203,0.0
K,1998,24.233,15.962,0.0
K,1999,25.94,17.735,0.0
K,2000,24.575,17.341,0.0
K,2001,26.281,19.115,0.0
K,2002,25.257,20.1,0.0
K,2003,26.964,21.873,0.0
K,2004,25.598,21.479,0.0
K,2005,27.305,23.253,0.0
K,2006,26.281,24.238,0.0
K,2007,27.988,26.012,0.0
K,2008,26.622,25.617,0.0
K,2009,28.329,27.391,0.0
K,2010,27.305,28.376,0.0
K,2011,29.012,30.15,0.0
K,2012,27.646,29.756,0.0
K,2013,29.353,31.529,0.0
K,2014,28.329,32.514,0.0
K,2015,30.036,34.288,0.0
K,2016,28.67,33.894,0.0
K,2017,30.377,35.667,0.0
K,2018,29.353,36.653,0.0
K,2019,31.06,38.426,0.0
K,2020,29.694,38.032,0.0
K,2021,31.401,39.806,0.0
K,2022,30.377,40.791,0.0
K,2023,32.083,42.564,0.0
K,2024,30.718,42.17,0.0
K,2025,32.425,43.944,0.0
K,2026,31.401,44.929,0.0
K,2027,33.107,46.703,0.0
K,2028,31.742,46.308,0.0
K,2029,33.449,48.082,0.0
K,2030,32.425,49.067,0.0
K,2031,34.131,50.841,0.0
K,2032,32.766,50.447,0.0
K,2033,34.473,52.22,0.0
K,2034,33.449,53.205,0.0
K,2035,35.155,54.979,0.0
K,2036,33.79,54.585,0.0
K,2037,34.473,57.344,0.0
K,2038,34.814,58.723,0.0
K,2039,24.233,0.591,0.0
K,2040,22.868,0.197,0.0
K,2041,24.575,1.971,0.0
K,2042,23.551,2.956,0.0
K,2043,25.257,4.729,0.0
K,2044,23.892,4.335,0.0
K,2045,25.598,6.109,0.0
K,2046,24.575,7.094,0.0
K,2047,26.281,8.868,0.0
K,2049,26.622,10.247,0.0
K,2050,25.598,11.232,0.0
K,2051,27.305,13.006,0.0
K,2052,25.94,12.612,0.0
K,2053,27.646,14.385,0.0
K,2054,26.622,15.37,0.0
K,2055,28.329,17.144,0.0
K,2056,26.964,16.75,0.0
K,2058,27.646,19.509,0.0
K,2059,29.353,21.282,0.0
K,2060,27.988,20.888,0.0
K,2061,29.694,22.662,0.0
K,2062,28.67,23.647,0.0
K,2063,30.377,25.42,0.0
K,2064,29.012,25.026,0.0
K,2065,30.718,26.8,0.0
K,2066,29.694,27.785,0.0
K,2067,31.401,29.559,0.0
K,2068,30.036,29.164,0.0
K,2069,31.742,30.938,0.0
K,2070,30.718,31.923,0.0
K,2071,32.425,33.697,0.0
K,2072,31.06,33.303,0.0
K,2073,32.766,35.076,0.0
K,2074,31.742,36.061,0.0
K,2075,33.449,37.835,0.0
K,2076,32.083,37.441,0.0
K,2077,33.79,39.214,0.0
K,2078,32.766,40.2,0.0
K,2079,34.473,41.973,0.0
K,2080,33.107,41.579,0.0
K,2081,34.814,43.353,0.0
K,2082,33.79,44.338,0.0
K,2083,34.131,45.717,0.0
K,2084,34.814,48.476,0.0
K,2085,35.155,49.855,0.0
K,2086,26.622,0.0,0.0
K,2087,26.964,1.379,0.0
K,2088,25.94,2.365,0.0
K,2089,27.646,4.138,0.0
K,2090,26.281,3.744,0.0
K,2091,27.988,5.518,0.0
K,2092,26.964,6.503,0.0
K,2093,28.67,8.276,0.0
K,2094,27.305,7.882,0.0
K,2095,29.012,9.656,0.0
K,2096,27.988,10.641,0.0
K,2097,29.694,12.415,0.0
K,2098,28.329,12.02,0.0
K,2099,30.036,13.794,0.0
K,2100,29.012,14.779,0.0
K,2102,29.353,16.159,0.0
K,2103,31.06,17.932,0.0
K,2104,30.036,18.918,0.0
K,2105,31.742,20.691,0.0
K,2106,30.377,20.297,0.0
K,2107,32.083,22.07,0.0
K,2108,31.06,23.056,0.0
K,2109,32.766,24.829,0.0
K,2110,31.401,24.435,0.0
K,2111,33.107,26.209,0.0
K,2112,32.083,27.194,0.0
K,2113,33.79,28.967,0.0
K,2114,32.425,28.573,0.0
K,2115,34.131,30.347,0.0
K,2116,33.107,31.332,0.0
K,2117,34.814,33.106,0.0
K,2118,33.449,32.712,0.0
K,2119,35.155,34.485,0.0
K,2120,34.131,35.47,0.0
K,2121,34.473,36.85,0.0
K,2122,35.155,39.609,0.0
K,2123,29.353,0.788,0.0
K,2124,28.329,1.774,0.0
K,2125,30.036,3.547,0.0
K,2126,28.67,3.153,0.0
K,2127,30.377,4.926,0.0
K,2128,29.353,5.912,0.0
K,2129,31.06,7.685,0.0
K,2130,29.694,7.291,0.0
K,2131,31.401,9.065,0.0
K,2132,30.377,10.05,0.0
K,2133,32.083,11.823,0.0
K,2134,30.718,11.429,0.0
K,2135,32.425,13.203,0.0
K,2136,31.401,14.188,0.0
K,2137,33.107,15.962,0.0
K,2138,31.742,15.568,0.0
K,2139,33.449,17.341,0.0
K,2140,32.425,18.326,0.0
K,2141,34.131,20.1,0.0
K,2142,32.766,19.706,0.0
K,2143,34.473,21.479,0.0
K,2144,33.449,22.465,0.0
K,2145,35.155,24.238,0.0
K,2146,33.79,23.844,0.0
K,2147,34.473,26.603,0.0
K,2148,34.814,27.982,0.0
K,2149,31.742,0.197,0.0
K,2150,30.718,1.182,0.0
K,2151,32.425,2.956,0.0
K,2152,31.06,2.562,0.0
K,2153,32.766,4.335,0.0
K,2154,31.742,5.321,0.0
K,2155,33.449,7.094,0.0
K,2156,32.083,6.7,0.0
K,2157,33.79,8.473,0.0
K,2158,32.766,9.459,0.0
K,2159,34.473,11.232,0.0
K,2160,33.107,10.838,0.0
K,2161,34.814,12.612,0.0
K,2162,33.79,13.597,0.0
K,2163,34.131,14.976,0.0
K,2164,34.814,17.735,0.0
K,2165,35.155,19.115,0.0
K,2166,33.107,0.591,0.0
K,2167,34.814,2.365,0.0
K,2168,33.449,1.971,0.0
K,2169,35.155,3.744,0.0
K,2170,34.131,4.729,0.0
K,2171,34.473,6.109,0.0
K,2172,35.155,8.868,0.0
L,2,20
L,3,4
L,3,22
L,4,3
L,4,5
L,5,4
L,5,7
L,6,7
L,6,8
L,7,5
L,7,6
L,8,6
L,8,9
L,9,8
L,10,30
L,12,13
L,12,38
L,13,12
L,13,40
L,14,15
L,14,42
L,15,14
L,15,16
L,16,15
L,16,18
L,17,18
L,17,19
L,18,16
L,18,17
L,19,17
L,19,20
L,20,2
L,20,19
L,21,22
L,21,23
L,22,3
L,22,20
L,23,21
L,23,24
L,24,4
L,24,23
L,25,26
L,25,27
L,26,6
L,26,24
L,27,25
L,27,28
L,28,8
L,28,27
L,29,30
L,29,58
L,30,10
L,30,28
L,31,32
L,31,69
L,32,31
L,32,71
L,33,34
L,33,35
L,34,33
L,35,33
L,35,36
L,36,35
L,36,38
L,37,38
L,37,39
L,38,12
L,38,36
L,39,37
L,39,40
L,40,13
L,40,39
L,41,42
L,41,43
L,42,14
L,42,40
L,43,41
L,43,44
L,44,15
L,44,43
L,45,46
L,45,47
L,46,17
L,46,44
L,47,45
L,47,48
L,48,19
L,48,47
L,49,50
L,49,51
L,50,21
L,50,48
L,51,49
L,51,52
L,52,23
L,52,51
L,53,54
L,53,55
L,54,25
L,54,52
L,55,53
L,55,56
L,56,27
L,56,55
L,57,58
L,57,59
L,58,29
L,58,56
L,59,57
L,59,99
L,60,108
L,61,62
L,61,110
L,62,61
L,62,63
L,63,62
L,63,65
L,64,65
L,64,66
L,65,63
L,65,64
L,66,64
L,66,67
L,67,66
L,67,69
L,68,69
L,68,70
L,69,31
L,69,67
L,70,68
L,70,71
L,71,32
L,71,70
L,72,73
L,72,74
L,73,33
L,73,71
L,74,72
L,74,75
L,75,35
L,75,74
L,76,77
L,76,78
L,77,37
L,77,75
L,78,76
L,78,79
L,79,39
L,79,78
L,80,81
L,80,82
L,81,41
L,81,79
L,82,80
L,82,83
L,83,43
L,83,82
L,84,85
L,84,86
L,85,45
L,85,83
L,86,84
L,86,87
L,87,47
L,87,86
L,88,89
L,88,90
L,89,49
L,89,87
L,90,88
L,90,91
L,91,51
L,91,90
L,92,93
L,92,94
L,93,53
L,93,91
L,94,92
L,94,95
L,95,55
L,95,94
L,96,97
L,96,98
L,97,57
L,97,95
L,98,96
L,98,99
L,99,59
L,99,98
L,100,101
L,100,156
L,101,100
L,101,158
L,102,103
L,102,160
L,103,102
L,103,104
L,104,103
L,104,106
L,105,106
L,105,107
L,106,104
L,106,105
L,107,105
L,107,108
L,108,60
L,108,107
L,109,110
L,109,111
L,110,61
L,110,108
L,111,109
L,111,112
L,112,62
L,112,111
L,113,114
L,113,115
L,114,64
L,114,112
L,115,113
L,115,116
L,116,66
L,116,115
L,117,118
L,117,119
L,118,68
L,118,116
L,119,117
L,119,120
L,120,70
L,120,119
L,121,122
L,121,123
L,122,72
L,122,120
L,123,121
L,123,124
L,124,74
L,124,123
L,125,126
L,125,127
L,126,76
L,126,124
L,127,125
L,127,128
L,128,78
L,128,127
L,129,130
L,129,131
L,130,80
L,130,128
L,131,129
L,131,132
L,132,82
L,132,131
L,133,134
L,133,135
L,134,84
L,134,132
L,135,133
L,135,136
L,136,86
L,136,135
L,137,138
L,137,139
L,138,88
L,138,136
L,139,137
L,139,140
L,140,90
L,140,139
L,141,142
L,141,143
L,142,92
L,142,140
L,143,141
L,143,144
L,144,94
L,144,143
L,145,146
L,145,147
L,146,96
L,146,144
L,147,145
L,147,148
L,148,98
L,148,147
L,149,150
L,149,216
L,150,149
L,150,218
L,151,152
L,151,153
L,152,151
L,153,151
L,155,156
L,155,157
L,156,100
L,157,155
L,157,158
L,158,101
L,158,157
L,159,160
L,159,161
L,160,102
L,160,158
L,161,159
L,161,162
L,162,103
L,162,161
L,163,164
L,163,165
L,164,105
L,164,162
L,165,163
L,165,166
L,166,107
L,166,165
L,167,168
L,167,169
L,168,109
L,168,166
L,169,167
L,169,170
L,170,111
L,170,169
L,171,172
L,171,173
L,172,113
L,172,170
L,173,171
L,173,174
L,174,115
L,174,173
L,175,176
L,175,177
L,176,117
L,176,174
L,177,175
L,177,178
L,178,119
L,178,177
L,179,180
L,179,181
L,180,121
L,180,178
L,181,179
L,181,182
L,182,123
L,182,181
L,183,184
L,183,185
L,184,125
L,184,182
L,185,183
L,185,186
L,186,127
L,186,185
L,187,188
L,187,189
L,188,129
L,188,186
L,189,187
L,189,190
L,190,131
L,190,189
L,191,192
L,191,193
L,192,133
L,192,190
L,193,191
L,193,194
L,194,135
L,194,193
L,195,196
L,195,197
L,196,137
L,196,194
L,197,195
L,197,198
L,198,139
L,198,197
L,199,200
L,199,201
L,200,141
L,200,198
L,201,199
L,201,202
L,202,143
L,202,201
L,203,204
L,203,205
L,204,145
L,204,202
L,205,203
L,205,206
L,206,147
L,206,205
L,207,285
L,208,209
L,208,287
L,209,208
L,209,210
L,210,209
L,210,212
L,211,212
L,211,213
L,212,210
L,212,211
L,213,211
L,213,214
L,214,213
L,214,216
L,215,216
L,215,217
L,216,149
L,216,214
L,217,215
L,217,218
L,218,150
L,218,217
L,219,220
L,219,221
L,220,151
L,220,218
L,221,219
L,221,222
L,222,153
L,222,221
L,223,224
L,223,225
L,224,155
L,224,222
L,225,223
L,225,226
L,226,157
L,226,225
L,227,228
L,227,229
L,228,159
L,228,226
L,229,227
L,229,230
L,230,161
L,230,229
L,231,232
L,231,233
L,232,163
L,232,230
L,233,231
L,233,234
L,234,165
L,234,233
L,235,236
L,235,237
L,236,167
L,236,234
L,237,235
L,237,238
L,238,169
L,238,237
L,239,240
L,239,241
L,240,171
L,240,238
L,241,239
L,241,242
L,242,173
L,242,241
L,243,244
L,243,245
L,244,175
L,244,242
L,245,243
L,245,246
L,246,177
L,246,245
L,247,248
L,247,249
L,248,179
L,248,246
L,249,247
L,249,250
L,250,181
L,250,249
L,251,252
L,251,253
L,252,183
L,252,250
L,253,251
L,253,254
L,254,185
L,254,253
L,255,256
L,255,257
L,256,187
L,256,254
L,257,255
L,257,258
L,258,189
L,258,257
L,259,260
L,259,261
L,260,191
L,260,258
L,261,259
L,261,262
L,262,193
L,262,261
L,263,264
L,263,265
L,264,195
L,264,262
L,265,263
L,265,266
L,266,197
L,266,265
L,267,268
L,267,269
L,268,199
L,268,266
L,269,267
L,269,270
L,270,201
L,270,269
L,271,272
L,271,273
L,272,203
L,272,270
L,273,271
L,273,274
L,274,205
L,274,273
L,275,276
L,275,355
L,276,274
L,276,275
L,277,278
L,277,363
L,278,277
L,278,365
L,279,280
L,279,367
L,280,279
L,280,281
L,281,280
L,281,283
L,282,283
L,282,284
L,283,281
L,283,282
L,284,282
L,284,285
L,285,207
L,285,284
L,286,287
L,286,288
L,287,208
L,287,285
L,288,286
L,288,289
L,289,209
L,289,288
L,290,291
L,290,292
L,291,211
L,291,289
L,292,290
L,294,295
L,294,296
L,295,215
L,296,294
L,296,297
L,297,217
L,297,296
L,298,299
L,298,300
L,299,219
L,299,297
L,300,298
L,300,301
L,301,221
L,301,300
L,302,303
L,302,304
L,303,223
L,303,301
L,304,302
L,304,305
L,305,225
L,305,304
L,306,307
L,306,308
L,307,227
L,307,305
L,308,306
L,308,309
L,309,229
L,309,308
L,310,311
L,310,312
L,311,231
L,311,309
L,312,310
L,312,313
L,313,233
L,313,312
L,314,315
L,314,316
L,315,235
L,315,313
L,316,314
L,316,317
L,317,237
L,317,316
L,318,319
L,318,320
L,319,239
L,319,317
L,320,318
L,320,321
L,321,241
L,321,320
L,322,324
L,324,322
L,324,325
L,325,245
L,325,324
L,326,327
L,326,328
L,327,247
L,327,325
L,328,326
L,328,329
L,329,249
L,329,328
L,330,331
L,330,332
L,331,251
L,331,329
L,332,330
L,332,333
L,333,253
L,333,332
L,334,335
L,334,336
L,335,255
L,335,333
L,336,334
L,336,337
L,337,257
L,337,336
L,338,339
L,338,340
L,339,259
L,339,337
L,340,338
L,340,341
L,341,261
L,341,340
L,342,343
L,342,344
L,343,263
L,343,341
L,344,342
L,344,345
L,345,265
L,345,344
L,346,347
L,346,348
L,347,267
L,347,345
L,348,346
L,348,349
L,349,269
L,349,348
L,350,351
L,350,352
L,351,271
L,351,349
L,352,350
L,352,353
L,353,273
L,353,352
L,354,355
L,354,443
L,355,275
L,355,353
L,356,357
L,356,453
L,357,356
L,357,455
L,358,359
L,358,360
L,359,358
L,360,358
L,360,361
L,361,360
L,361,363
L,362,363
L,362,364
L,363,277
L,363,361
L,364,362
L,364,365
L,365,278
L,365,364
L,366,367
L,366,368
L,367,279
L,367,365
L,368,366
L,368,369
L,369,280
L,369,368
L,370,371
L,370,372
L,371,282
L,371,369
L,372,370
L,372,373
L,373,284
L,373,372
L,374,375
L,374,376
L,375,286
L,375,373
L,376,374
L,376,377
L,377,288
L,377,376
L,378,379
L,378,380
L,379,290
L,379,377
L,380,378
L,380,381
L,381,292
L,381,380
L,382,383
L,382,384
L,383,294
L,383,381
L,384,382
L,384,385
L,385,296
L,385,384
L,386,387
L,386,388
L,387,298
L,387,385
L,388,386
L,388,389
L,389,300
L,389,388
L,390,391
L,390,392
L,391,302
L,391,389
L,392,390
L,392,393
L,393,304
L,393,392
L,394,395
L,394,396
L,395,306
L,395,393
L,396,394
L,396,397
L,397,308
L,397,396
L,398,399
L,398,400
L,399,310
L,399,397
L,400,398
L,400,401
L,401,312
L,401,400
L,402,403
L,402,404
L,403,314
L,403,401
L,404,402
L,404,405
L,405,316
L,405,404
L,406,407
L,406,408
L,407,318
L,407,405
L,408,406
L,408,409
L,409,320
L,409,408
L,410,411
L,410,412
L,411,322
L,411,409
L,412,410
L,412,413
L,413,324
L,413,412
L,414,415
L,414,416
L,415,326
L,415,413
L,416,414
L,416,417
L,417,328
L,417,416
L,418,419
L,418,420
L,419,330
L,419,417
L,420,418
L,420,421
L,421,332
L,421,420
L,422,423
L,422,424
L,423,334
L,423,421
L,424,422
L,424,425
L,425,336
L,425,424
L,426,427
L,426,428
L,427,338
L,427,425
L,428,426
L,428,429
L,429,340
L,429,428
L,430,431
L,430,432
L,431,342
L,431,429
L,432,430
L,432,433
L,433,344
L,433,432
L,434,435
L,434,436
L,435,346
L,435,433
L,436,434
L,436,437
L,437,348
L,437,436
L,440,441
L,441,352
L,441,440
L,442,443
L,442,541
L,443,354
L,443,441
L,444,551
L,445,446
L,445,553
L,446,445
L,446,447
L,447,446
L,447,449
L,448,449
L,448,450
L,449,447
L,449,448
L,450,448
L,450,451
L,451,450
L,451,453
L,452,453
L,452,454
L,453,356
L,453,451
L,454,452
L,454,455
L,455,357
L,455,454
L,456,457
L,456,458
L,457,358
L,457,455
L,458,456
L,458,459
L,459,360
L,459,458
L,460,461
L,460,462
L,461,362
L,461,459
L,462,460
L,462,463
L,463,364
L,463,462
L,464,465
L,464,466
L,465,366
L,465,463
L,466,464
L,466,467
L,467,368
L,467,466
L,468,469
L,468,470
L,469,370
L,469,467
L,470,468
L,470,471
L,471,372
L,471,470
L,472,473
L,472,474
L,473,374
L,473,471
L,474,472
L,474,475
L,475,376
L,475,474
L,476,477
L,476,478
L,477,378
L,477,475
L,478,476
L,478,479
L,479,380
L,479,478
L,480,481
L,480,482
L,481,382
L,481,479
L,482,480
L,482,483
L,483,384
L,483,482
L,484,485
L,484,486
L,485,386
L,485,483
L,486,484
L,486,487
L,487,388
L,487,486
L,488,489
L,488,490
L,489,390
L,489,487
L,490,488
L,490,491
L,491,392
L,491,490
L,492,493
L,492,494
L,493,394
L,493,491
L,494,492
L,494,495
L,495,396
L,495,494
L,496,497
L,496,498
L,497,398
L,497,495
L,498,496
L,498,499
L,499,400
L,499,498
L,500,501
L,500,502
L,501,402
L,501,499
L,502,500
L,502,503
L,503,404
L,503,502
L,504,505
L,504,506
L,505,406
L,505,503
L,506,504
L,506,507
L,507,408
L,507,506
L,508,509
L,508,510
L,509,410
L,509,507
L,510,508
L,510,511
L,511,412
L,511,510
L,512,513
L,512,514
L,513,414
L,513,511
L,514,512
L,514,515
L,515,416
L,515,514
L,516,517
L,516,518
L,517,418
L,517,515
L,518,516
L,518,519
L,519,420
L,519,518
L,520,521
L,520,522
L,521,422
L,521,519
L,522,520
L,522,523
L,523,424
L,523,522
L,524,525
L,524,526
L,525,426
L,525,523
L,526,524
L,526,527
L,527,428
L,527,526
L,528,529
L,528,530
L,529,430
L,529,527
L,530,528
L,530,531
L,531,432
L,531,530
L,532,533
L,532,534
L,533,434
L,533,531
L,534,532
L,534,535
L,535,436
L,535,534
L,536,537
L,536,538
L,537,535
L,538,536
L,538,539
L,539,440
L,539,538
L,540,541
L,540,542
L,541,442
L,541,539
L,542,540
L,542,651
L,543,544
L,543,659
L,544,543
L,544,661
L,545,546
L,545,663
L,546,545
L,546,547
L,547,546
L,547,549
L,548,549
L,548,550
L,549,547
L,549,548
L,550,548
L,550,551
L,551,444
L,551,550
L,552,553
L,552,554
L,553,445
L,553,551
L,554,552
L,554,555
L,555,446
L,555,554
L,556,557
L,556,558
L,557,448
L,557,555
L,558,556
L,558,559
L,559,450
L,559,558
L,560,561
L,560,562
L,561,452
L,561,559
L,562,560
L,562,563
L,563,454
L,563,562
L,564,565
L,564,566
L,565,456
L,565,563
L,566,564
L,566,567
L,567,458
L,567,566
L,568,569
L,568,570
L,569,460
L,569,567
L,570,568
L,570,571
L,571,462
L,571,570
L,572,573
L,572,574
L,573,464
L,573,571
L,574,572
L,574,575
L,575,466
L,575,574
L,576,577
L,576,578
L,577,468
L,577,575
L,578,576
L,578,579
L,579,470
L,579,578
L,580,581
L,580,582
L,581,472
L,581,579
L,582,580
L,582,583
L,583,474
L,583,582
L,585,476
L,585,583
L,586,587
L,587,478
L,587,586
L,588,589
L,588,590
L,589,480
L,589,587
L,590,588
L,590,591
L,591,482
L,591,590
L,592,593
L,592,594
L,593,484
L,593,591
L,594,592
L,594,595
L,595,486
L,595,594
L,596,597
L,597,488
L,597,595
L,599,490
L,600,601
L,600,602
L,601,492
L,601,599
L,602,600
L,602,603
L,603,494
L,603,602
L,604,605
L,604,606
L,605,496
L,605,603
L,606,604
L,606,607
L,607,498
L,607,606
L,608,609
L,608,610
L,609,500
L,609,607
L,610,608
L,610,611
L,611,502
L,611,610
L,612,613
L,612,614
L,613,504
L,613,611
L,614,612
L,614,615
L,615,506
L,615,614
L,616,617
L,616,618
L,617,508
L,617,615
L,618,616
L,618,619
L,619,510
L,619,618
L,620,621
L,620,622
L,621,512
L,621,619
L,622,620
L,622,623
L,623,514
L,623,622
L,624,625
L,624,626
L,625,516
L,625,623
L,626,624
L,626,627
L,627,518
L,627,626
L,628,629
L,628,630
L,629,520
L,629,627
L,630,628
L,630,631
L,631,522
L,631,630
L,632,633
L,632,634
L,633,524
L,633,631
L,634,632
L,634,635
L,635,526
L,635,634
L,636,637
L,636,638
L,637,528
L,637,635
L,638,636
L,638,639
L,639,530
L,639,638
L,640,641
L,640,642
L,641,532
L,641,639
L,642,640
L,642,643
L,643,534
L,643,642
L,644,645
L,644,646
L,645,536
L,645,643
L,646,644
L,646,647
L,647,538
L,647,646
L,648,649
L,648,650
L,649,540
L,649,647
L,650,648
L,650,651
L,651,542
L,651,650
L,652,653
L,652,779
L,653,652
L,653,781
L,654,655
L,654,656
L,655,654
L,656,654
L,656,657
L,657,656
L,657,659
L,658,659
L,658,660
L,659,543
L,659,657
L,660,658
L,660,661
L,661,544
L,661,660
L,662,663
L,662,664
L,663,545
L,663,661
L,664,662
L,664,665
L,665,546
L,665,664
L,666,667
L,666,668
L,667,548
L,667,665
L,668,666
L,668,669
L,669,550
L,669,668
L,670,671
L,670,672
L,671,552
L,671,669
L,672,670
L,672,673
L,673,554
L,673,672
L,674,675
L,674,676
L,675,556
L,675,673
L,676,674
L,676,677
L,677,558
L,677,676
L,678,679
L,678,680
L,679,560
L,679,677
L,680,678
L,680,681
L,681,562
L,681,680
L,682,683
L,682,684
L,683,564
L,683,681
L,684,682
L,684,685
L,685,566
L,685,684
L,686,687
L,686,688
L,687,568
L,687,685
L,688,686
L,688,689
L,689,570
L,689,688
L,690,691
L,690,692
L,691,572
L,691,689
L,692,690
L,692,693
L,693,574
L,693,692
L,694,695
L,694,696
L,695,576
L,695,693
L,696,694
L,696,697
L,697,578
L,697,696
L,698,699
L,698,700
L,699,580
L,699,697
L,700,698
L,700,701
L,701,582
L,701,700
L,703,701
L,704,705
L,705,586
L,705,704
L,706,707
L,706,708
L,707,588
L,707,705
L,708,706
L,708,709
L,709,590
L,709,708
L,710,711
L,710,712
L,711,592
L,711,709
L,712,710
L,712,713
L,713,594
L,713,712
L,714,715
L,714,716
L,715,596
L,715,713
L,716,714
L,716,717
L,717,716
L,718,719
L,718,720
L,719,600
L,719,717
L,720,718
L,720,721
L,721,602
L,721,720
L,722,723
L,722,724
L,723,604
L,723,721
L,724,722
L,724,725
L,725,606
L,725,724
L,726,727
L,726,728
L,727,608
L,727,725
L,728,726
L,728,729
L,729,610
L,729,728
L,730,731
L,730,732
L,731,612
L,731,729
L,732,730
L,732,733
L,733,614
L,733,732
L,734,735
L,734,736
L,735,616
L,735,733
L,736,734
L,736,737
L,737,618
L,737,736
L,738,739
L,738,740
L,739,620
L,739,737
L,740,738
L,740,741
L,741,622
L,741,740
L,742,743
L,742,744
L,743,624
L,743,741
L,744,742
L,744,745
L,745,626
L,745,744
L,746,747
L,746,748
L,747,628
L,747,745
L,748,746
L,748,749
L,749,630
L,749,748
L,750,751
L,750,752
L,751,632
L,751,749
L,752,750
L,752,753
L,753,634
L,753,752
L,754,755
L,754,756
L,755,636
L,755,753
L,756,754
L,756,757
L,757,638
L,757,756
L,758,759
L,758,760
L,759,640
L,759,757
L,760,758
L,760,761
L,761,642
L,761,760
L,762,763
L,762,764
L,763,644
L,763,761
L,764,762
L,764,765
L,765,646
L,765,764
L,766,767
L,766,768
L,767,648
L,767,765
L,768,766
L,768,769
L,769,650
L,769,768
L,770,906
L,771,772
L,771,908
L,772,771
L,772,773
L,773,772
L,773,775
L,774,775
L,774,776
L,775,773
L,775,774
L,776,774
L,776,777
L,777,776
L,777,779
L,778,779
L,778,780
L,779,652
L,779,777
L,780,778
L,780,781
L,781,653
L,781,780
L,782,783
L,782,784
L,783,654
L,783,781
L,784,782
L,784,785
L,785,656
L,785,784
L,786,787
L,786,788
L,787,658
L,787,785
L,788,786
L,788,789
L,789,660
L,789,788
L,790,791
L,790,792
L,791,662
L,791,789
L,792,790
L,792,793
L,793,664
L,793,792
L,794,796
L,796,794
L,796,797
L,797,668
L,797,796
L,798,799
L,798,800
L,799,670
L,799,797
L,800,798
L,800,801
L,801,672
L,801,800
L,802,803
L,802,804
L,803,674
L,803,801
L,804,802
L,804,805
L,805,676
L,805,804
L,806,807
L,806,808
L,807,678
L,807,805
L,808,806
L,808,809
L,809,680
L,809,808
L,810,811
L,811,682
L,811,809
L,813,684
L,814,815
L,814,816
L,815,686
L,815,813
L,816,814
L,816,817
L,817,688
L,817,816
L,818,819
L,818,820
L,819,690
L,819,817
L,820,818
L,820,821
L,821,692
L,821,820
L,822,823
L,822,824
L,823,694
L,823,821
L,824,822
L,824,825
L,825,696
L,825,824
L,826,827
L,826,828
L,827,698
L,827,825
L,828,826
L,828,829
L,829,700
L,829,828
L,830,831
L,830,832
L,831,829
L,832,830
L,832,833
L,833,704
L,833,832
L,834,835
L,834,836
L,835,706
L,835,833
L,836,834
L,836,837
L,837,708
L,837,836
L,838,839
L,838,840
L,839,710
L,839,837
L,840,838
L,840,841
L,841,712
L,841,840
L,842,843
L,842,844
L,843,714
L,843,841
L,844,842
L,844,845
L,845,716
L,845,844
L,846,847
L,847,718
L,847,845
L,849,720
L,850,851
L,850,852
L,851,722
L,851,849
L,852,850
L,852,853
L,853,724
L,853,852
L,854,855
L,854,856
L,855,726
L,855,853
L,856,854
L,856,857
L,857,728
L,857,856
L,858,859
L,858,860
L,859,730
L,859,857
L,860,858
L,860,861
L,861,732
L,861,860
L,862,863
L,862,864
L,863,734
L,863,861
L,864,862
L,864,865
L,865,736
L,865,864
L,866,867
L,866,868
L,867,738
L,867,865
L,868,866
L,868,869
L,869,740
L,869,868
L,870,871
L,871,742
L,871,869
L,873,744
L,874,875
L,874,876
L,875,746
L,875,873
L,876,874
L,876,877
L,877,748
L,877,876
L,878,879
L,878,880
L,879,750
L,879,877
L,880,878
L,880,881
L,881,752
L,881,880
L,883,754
L,883,881
L,884,885
L,885,756
L,885,884
L,886,887
L,886,888
L,887,758
L,887,885
L,888,886
L,888,889
L,889,760
L,889,888
L,890,891
L,890,892
L,891,762
L,891,889
L,892,890
L,892,893
L,893,764
L,893,892
L,894,895
L,894,896
L,895,766
L,895,893
L,896,894
L,896,897
L,897,768
L,897,896
L,898,899
L,898,1043
L,899,898
L,899,1045
L,900,901
L,900,1047
L,901,900
L,901,902
L,902,901
L,903,905
L,905,903
L,905,906
L,906,770
L,906,905
L,907,908
L,907,909
L,908,771
L,908,906
L,909,907
L,909,910
L,910,772
L,910,909
L,911,912
L,911,913
L,912,774
L,912,910
L,913,911
L,913,914
L,914,776
L,914,913
L,915,916
L,915,917
L,916,778
L,916,914
L,917,915
L,917,918
L,918,780
L,918,917
L,919,920
L,919,921
L,920,782
L,920,918
L,921,919
L,923,924
L,924,786
L,926,788
L,927,928
L,927,929
L,928,790
L,928,926
L,929,927
L,929,930
L,930,792
L,930,929
L,931,932
L,931,933
L,932,794
L,932,930
L,933,931
L,933,934
L,934,796
L,934,933
L,935,936
L,935,937
L,936,798
L,936,934
L,937,935
L,937,938
L,938,800
L,938,937
L,939,940
L,939,941
L,940,802
L,940,938
L,941,939
L,941,942
L,942,804
L,942,941
L,943,944
L,943,945
L,944,806
L,944,942
L,945,943
L,945,946
L,946,808
L,946,945
L,947,948
L,947,949
L,948,810
L,948,946
L,949,947
L,949,950
L,950,949
L,951,952
L,951,953
L,952,814
L,952,950
L,953,951
L,953,954
L,954,816
L,954,953
L,955,956
L,955,957
L,956,818
L,956,954
L,957,955
L,957,958
L,958,820
L,958,957
L,959,960
L,960,822
L,960,958
L,962,824
L,963,964
L,963,965
L,964,826
L,964,962
L,965,963
L,965,966
L,966,828
L,966,965
L,967,968
L,967,969
L,968,830
L,968,966
L,969,967
L,969,970
L,970,832
L,970,969
L,971,972
L,971,973
L,972,834
L,972,970
L,973,971
L,975,976
L,975,977
L,976,838
L,977,975
L,977,978
L,978,840
L,978,977
L,979,980
L,979,981
L,980,842
L,980,978
L,981,979
L,981,982
L,982,844
L,982,981
L,983,984
L,983,985
L,984,846
L,984,982
L,985,983
L,985,986
L,986,985
L,987,988
L,987,989
L,988,850
L,988,986
L,989,987
L,989,990
L,990,852
L,990,989
L,991,992
L,991,993
L,992,854
L,992,990
L,993,991
L,993,994
L,994,856
L,994,993
L,995,996
L,995,997
L,996,858
L,996,994
L,997,995
L,997,998
L,998,860
L,998,997
L,999,1000
L,999,1001
L,1000,862
L,1000,998
L,1001,999
L,1001,1002
L,1002,864
L,1002,1001
L,1003,1004
L,1003,1005
L,1004,866
L,1004,1002
L,1005,1003
L,1007,1008
L,1007,1009
L,1008,870
L,1009,1007
L,1009,1010
L,1010,1009
L,1011,1012
L,1011,1013
L,1012,874
L,1012,1010
L,1013,1011
L,1013,1014
L,1014,876
L,1014,1013
L,1015,1016
L,1015,1017
L,1016,878
L,1016,1014
L,1017,1015
L,1017,1018
L,1018,880
L,1018,1017
L,1019,1020
L,1019,1021
L,1020,1018
L,1021,1019
L,1021,1022
L,1022,884
L,1022,1021
L,1023,1024
L,1023,1025
L,1024,886
L,1024,1022
L,1025,1023
L,1025,1026
L,1026,888
L,1026,1025
L,1027,1029
L,1029,1027
L,1029,1030
L,1030,892
L,1030,1029
L,1031,1032
L,1031,1033
L,1032,894
L,1032,1030
L,1033,1031
L,1033,1034
L,1034,896
L,1034,1033
L,1035,1034
L,1036,1037
L,1036,1180
L,1037,1036
L,1037,1182
L,1038,1039
L,1038,1040
L,1039,1038
L,1040,1038
L,1040,1041
L,1041,1040
L,1041,1043
L,1042,1043
L,1042,1044
L,1043,898
L,1043,1041
L,1044,1042
L,1044,1045
L,1045,899
L,1045,1044
L,1046,1047
L,1046,1048
L,1047,900
L,1047,1045
L,1048,1046
L,1048,1049
L,1049,901
L,1049,1048
L,1050,1051
L,1050,1052
L,1051,903
L,1051,1049
L,1052,1050
L,1052,1053
L,1053,905
L,1053,1052
L,1054,1055
L,1054,1056
L,1055,907
L,1055,1053
L,1056,1054
L,1056,1057
L,1057,909
L,1057,1056
L,1058,1059
L,1058,1060
L,1059,911
L,1059,1057
L,1060,1058
L,1060,1061
L,1061,913
L,1061,1060
L,1062,1063
L,1062,1064
L,1063,915
L,1063,1061
L,1064,1062
L,1064,1065
L,1065,917
L,1065,1064
L,1066,1067
L,1066,1068
L,1067,919
L,1067,1065
L,1068,1066
L,1068,1069
L,1069,921
L,1069,1068
L,1070,1071
L,1070,1072
L,1071,923
L,1071,1069
L,1072,1070
L,1072,1073
L,1073,1072
L,1074,1075
L,1074,1076
L,1075,927
L,1075,1073
L,1076,1074
L,1076,1077
L,1077,929
L,1077,1076
L,1078,1079
L,1078,1080
L,1079,931
L,1079,1077
L,1080,1078
L,1080,1081
L,1081,933
L,1081,1080
L,1082,1083
L,1082,1084
L,1083,935
L,1083,1081
L,1084,1082
L,1084,1085
L,1085,937
L,1085,1084
L,1086,1087
L,1086,1088
L,1087,939
L,1087,1085
L,1088,1086
L,1088,1089
L,1089,941
L,1089,1088
L,1090,1091
L,1090,1092
L,1091,943
L,1091,1089
L,1092,1090
L,1092,1093
L,1093,945
L,1093,1092
L,1094,1095
L,1094,1096
L,1095,947
L,1095,1093
L,1096,1094
L,1098,1099
L,1098,1100
L,1099,951
L,1100,1098
L,1100,1101
L,1101,953
L,1101,1100
L,1102,1103
L,1102,1104
L,1103,955
L,1103,1101
L,1104,1102
L,1104,1105
L,1105,957
L,1105,1104
L,1106,1107
L,1106,1108
L,1107,959
L,1107,1105
L,1108,1106
L,1108,1109
L,1109,1108
L,1110,1111
L,1110,1112
L,1111,963
L,1111,1109
L,1112,1110
L,1112,1113
L,1113,965
L,1113,1112
L,1114,1115
L,1114,1116
L,1115,967
L,1115,1113
L,1116,1114
L,1116,1117
L,1117,969
L,1117,1116
L,1118,1119
L,1118,1120
L,1119,971
L,1119,1117
L,1120,1118
L,1120,1121
L,1121,973
L,1121,1120
L,1122,1123
L,1122,1124
L,1123,975
L,1123,1121
L,1124,1122
L,1124,1125
L,1125,977
L,1125,1124
L,1126,1127
L,1126,1128
L,1127,979
L,1127,1125
L,1128,1126
L,1128,1129
L,1129,981
L,1129,1128
L,1130,1131
L,1130,1132
L,1131,983
L,1131,1129
L,1132,1130
L,1132,1133
L,1133,985
L,1133,1132
L,1134,1135
L,1134,1136
L,1135,987
L,1135,1133
L,1136,1134
L,1136,1137
L,1137,989
L,1137,1136
L,1138,1139
L,1138,1140
L,1139,991
L,1139,1137
L,1140,1138
L,1140,1141
L,1141,993
L,1141,1140
L,1142,1143
L,1142,1144
L,1143,995
L,1143,1141
L,1144,1142
L,1144,1145
L,1145,997
L,1145,1144
L,1146,1147
L,1146,1148
L,1147,999
L,1147,1145
L,1148,1146
L,1148,1149
L,1149,1001
L,1149,1148
L,1150,1151
L,1150,1152
L,1151,1003
L,1151,1149
L,1152,1150
L,1152,1153
L,1153,1005
L,1153,1152
L,1154,1155
L,1154,1156
L,1155,1007
L,1155,1153
L,1156,1154
L,1158,1159
L,1158,1160
L,1159,1011
L,1160,1158
L,1160,1161
L,1161,1013
L,1161,1160
L,1162,1163
L,1162,1164
L,1163,1015
L,1163,1161
L,1164,1162
L,1164,1165
L,1165,1017
L,1165,1164
L,1166,1167
L,1166,1168
L,1167,1019
L,1167,1165
L,1168,1166
L,1168,1169
L,1169,1021
L,1169,1168
L,1170,1171
L,1171,1023
L,1171,1169
L,1172,1025
L,1172,1173
L,1173,1027
L,1173,1172
L,1174,1176
L,1175,1176
L,1175,1177
L,1176,1174
L,1176,1175
L,1177,1175
L,1177,1178
L,1178,1177
L,1178,1180
L,1179,1180
L,1179,1181
L,1180,1036
L,1180,1178
L,1181,1179
L,1181,1182
L,1182,1037
L,1182,1181
L,1183,1184
L,1183,1185
L,1184,1038
L,1184,1182
L,1185,1183
L,1185,1186
L,1186,1040
L,1186,1185
L,1187,1188
L,1187,1189
L,1188,1042
L,1188,1186
L,1189,1187
L,1189,1190
L,1190,1044
L,1190,1189
L,1191,1192
L,1191,1193
L,1192,1046
L,1192,1190
L,1193,1191
L,1193,1194
L,1194,1048
L,1194,1193
L,1195,1196
L,1196,1050
L,1196,1194
L,1198,1052
L,1199,1200
L,1199,1201
L,1200,1054
L,1200,1198
L,1201,1199
L,1201,1202
L,1202,1056
L,1202,1201
L,1203,1204
L,1203,1205
L,1204,1058
L,1204,1202
L,1205,1203
L,1205,1206
L,1206,1060
L,1206,1205
L,1207,1208
L,1207,1209
L,1208,1062
L,1208,1206
L,1209,1207
L,1209,1210
L,1210,1064
L,1210,1209
L,1211,1212
L,1211,1213
L,1212,1066
L,1212,1210
L,1213,1211
L,1215,1216
L,1215,1217
L,1216,1070
L,1217,1215
L,1219,1220
L,1219,1221
L,1220,1074
L,1221,1219
L,1221,1222
L,1222,1076
L,1222,1221
L,1223,1224
L,1223,1225
L,1224,1078
L,1224,1222
L,1225,1223
L,1225,1226
L,1226,1080
L,1226,1225
L,1227,1228
L,1227,1229
L,1228,1082
L,1228,1226
L,1229,1227
L,1229,1230
L,1230,1084
L,1230,1229
L,1231,1232
L,1231,1233
L,1232,1086
L,1232,1230
L,1233,1231
L,1233,1234
L,1234,1088
L,1234,1233
L,1235,1236
L,1235,1237
L,1236,1090
L,1236,1234
L,1237,1235
L,1237,1238
L,1238,1092
L,1238,1237
L,1239,1240
L,1239,1241
L,1240,1094
L,1240,1238
L,1241,1239
L,1241,1242
L,1242,1096
L,1242,1241
L,1243,1244
L,1243,1245
L,1244,1098
L,1244,1242
L,1245,1243
L,1245,1246
L,1246,1100
L,1246,1245
L,1247,1248
L,1247,1249
L,1248,1102
L,1248,1246
L,1249,1247
L,1249,1250
L,1250,1104
L,1250,1249
L,1251,1252
L,1251,1253
L,1252,1106
L,1252,1250
L,1253,1251
L,1253,1254
L,1254,1108
L,1254,1253
L,1255,1256
L,1255,1257
L,1256,1110
L,1256,1254
L,1257,1255
L,1257,1258
L,1258,1112
L,1258,1257
L,1259,1260
L,1259,1261
L,1260,1114
L,1260,1258
L,1261,1259
L,1261,1262
L,1262,1116
L,1262,1261
L,1263,1264
L,1263,1265
L,1264,1118
L,1264,1262
L,1265,1263
L,1265,1266
L,1266,1120
L,1266,1265
L,1267,1268
L,1267,1269
L,1268,1122
L,1268,1266
L,1269,1267
L,1269,1270
L,1270,1124
L,1270,1269
L,1271,1272
L,1271,1273
L,1272,1126
L,1272,1270
L,1273,1271
L,1273,1274
L,1274,1128
L,1274,1273
L,1275,1276
L,1275,1277
L,1276,1130
L,1276,1274
L,1277,1275
L,1277,1278
L,1278,1132
L,1278,1277
L,1279,1280
L,1279,1281
L,1280,1134
L,1280,1278
L,1281,1279
L,1281,1282
L,1282,1136
L,1282,1281
L,1283,1284
L,1283,1285
L,1284,1138
L,1284,1282
L,1285,1283
L,1285,1286
L,1286,1140
L,1286,1285
L,1287,1288
L,1287,1289
L,1288,1142
L,1288,1286
L,1289,1287
L,1289,1290
L,1290,1144
L,1290,1289
L,1291,1292
L,1292,1146
L,1292,1290
L,1294,1148
L,1296,1150
L,1296,1294
L,1297,1298
L,1298,1152
L,1298,1297
L,1300,1154
L,1300,1298
L,1301,1302
L,1302,1156
L,1302,1301
L,1303,1304
L,1303,1305
L,1304,1158
L,1304,1302
L,1305,1303
L,1305,1306
L,1306,1160
L,1306,1305
L,1307,1162
L,1307,1306
L,1308,1164
L,1308,1309
L,1309,1166
L,1309,1308
L,1310,1311
L,1310,1312
L,1311,1175
L,1311,1310
L,1312,1310
L,1312,1313
L,1313,1177
L,1313,1312
L,1314,1315
L,1314,1316
L,1315,1179
L,1315,1313
L,1316,1314
L,1316,1317
L,1317,1181
L,1317,1316
L,1318,1319
L,1318,1320
L,1319,1183
L,1319,1317
L,1320,1318
L,1320,1321
L,1321,1185
L,1321,1320
L,1322,1323
L,1322,1324
L,1323,1187
L,1323,1321
L,1324,1322
L,1324,1325
L,1325,1189
L,1325,1324
L,1326,1327
L,1326,1328
L,1327,1191
L,1327,1325
L,1328,1326
L,1328,1329
L,1329,1193
L,1329,1328
L,1330,1331
L,1330,1332
L,1331,1195
L,1331,1329
L,1332,1330
L,1332,1333
L,1333,1332
L,1334,1335
L,1334,1336
L,1335,1199
L,1335,1333
L,1336,1334
L,1336,1337
L,1337,1201
L,1337,1336
L,1338,1339
L,1338,1340
L,1339,1203
L,1339,1337
L,1340,1338
L,1340,1341
L,1341,1205
L,1341,1340
L,1342,1343
L,1342,1344
L,1343,1207
L,1343,1341
L,1344,1342
L,1344,1345
L,1345,1209
L,1345,1344
L,1346,1347
L,1346,1348
L,1347,1211
L,1347,1345
L,1348,1346
L,1348,1349
L,1349,1213
L,1349,1348
L,1350,1351
L,1350,1352
L,1351,1215
L,1351,1349
L,1352,1350
L,1352,1353
L,1353,1217
L,1353,1352
L,1354,1355
L,1354,1356
L,1355,1219
L,1355,1353
L,1356,1354
L,1356,1357
L,1357,1221
L,1357,1356
L,1359,1223
L,1359,1357
L,1360,1361
L,1361,1225
L,1361,1360
L,1362,1363
L,1362,1364
L,1363,1227
L,1363,1361
L,1364,1362
L,1364,1365
L,1365,1229
L,1365,1364
L,1366,1367
L,1366,1368
L,1367,1231
L,1367,1365
L,1368,1366
L,1368,1369
L,1369,1233
L,1369,1368
L,1370,1371
L,1370,1372
L,1371,1235
L,1371,1369
L,1372,1370
L,1372,1373
L,1373,1237
L,1373,1372
L,1374,1375
L,1374,1376
L,1375,1239
L,1375,1373
L,1376,1374
L,1376,1377
L,1377,1241
L,1377,1376
L,1378,1379
L,1378,1380
L,1379,1243
L,1379,1377
L,1380,1378
L,1380,1381
L,1381,1245
L,1381,1380
L,1382,1383
L,1382,1384
L,1383,1247
L,1383,1381
L,1384,1382
L,1384,1385
L,1385,1249
L,1385,1384
L,1386,1387
L,1386,1388
L,1387,1251
L,1387,1385
L,1388,1386
L,1388,1389
L,1389,1253
L,1389,1388
L,1390,1391
L,1390,1392
L,1391,1255
L,1391,1389
L,1392,1390
L,1392,1393
L,1393,1257
L,1393,1392
L,1394,1395
L,1394,1396
L,1395,1259
L,1395,1393
L,1396,1394
L,1396,1397
L,1397,1261
L,1397,1396
L,1398,1399
L,1398,1400
L,1399,1263
L,1399,1397
L,1400,1398
L,1400,1401
L,1401,1265
L,1401,1400
L,1402,1403
L,1402,1404
L,1403,1267
L,1403,1401
L,1404,1402
L,1404,1405
L,1405,1269
L,1405,1404
L,1406,1407
L,1406,1408
L,1407,1271
L,1407,1405
L,1408,1406
L,1408,1409
L,1409,1273
L,1409,1408
L,1410,1411
L,1410,1412
L,1411,1275
L,1411,1409
L,1412,1410
L,1412,1413
L,1413,1277
L,1413,1412
L,1414,1415
L,1414,1416
L,1415,1279
L,1415,1413
L,1416,1414
L,1416,1417
L,1417,1281
L,1417,1416
L,1418,1419
L,1418,1420
L,1419,1283
L,1419,1417
L,1420,1418
L,1420,1421
L,1421,1285
L,1421,1420
L,1422,1423
L,1422,1424
L,1423,1287
L,1423,1421
L,1424,1422
L,1424,1425
L,1425,1289
L,1425,1424
L,1426,1427
L,1426,1428
L,1427,1291
L,1427,1425
L,1428,1426
L,1428,1429
L,1429,1428
L,1430,1431
L,1430,1432
L,1431,1429
L,1432,1430
L,1432,1433
L,1433,1297
L,1433,1432
L,1434,1433
L,1435,1301
L,1436,1437
L,1436,1438
L,1437,1310
L,1437,1436
L,1438,1436
L,1438,1439
L,1439,1312
L,1439,1438
L,1440,1441
L,1440,1442
L,1441,1314
L,1441,1439
L,1442,1440
L,1442,1443
L,1443,1316
L,1443,1442
L,1444,1445
L,1444,1446
L,1445,1318
L,1445,1443
L,1446,1444
L,1446,1447
L,1447,1320
L,1447,1446
L,1448,1449
L,1448,1450
L,1449,1322
L,1449,1447
L,1450,1448
L,1450,1451
L,1451,1324
L,1451,1450
L,1452,1453
L,1452,1454
L,1453,1326
L,1453,1451
L,1454,1452
L,1454,1455
L,1455,1328
L,1455,1454
L,1456,1457
L,1456,1458
L,1457,1330
L,1457,1455
L,1458,1456
L,1458,1459
L,1459,1332
L,1459,1458
L,1460,1461
L,1460,1462
L,1461,1334
L,1461,1459
L,1462,1460
L,1462,1463
L,1463,1336
L,1463,1462
L,1464,1465
L,1464,1466
L,1465,1338
L,1465,1463
L,1466,1464
L,1466,1467
L,1467,1340
L,1467,1466
L,1468,1469
L,1468,1470
L,1469,1342
L,1469,1467
L,1470,1468
L,1470,1471
L,1471,1344
L,1471,1470
L,1472,1473
L,1472,1474
L,1473,1346
L,1473,1471
L,1474,1472
L,1474,1475
L,1475,1348
L,1475,1474
L,1476,1477
L,1476,1478
L,1477,1350
L,1477,1475
L,1478,1476
L,1478,1479
L,1479,1352
L,1479,1478
L,1480,1481
L,1480,1482
L,1481,1354
L,1481,1479
L,1482,1480
L,1482,1483
L,1483,1356
L,1483,1482
L,1484,1485
L,1484,1486
L,1485,1483
L,1486,1484
L,1486,1487
L,1487,1360
L,1487,1486
L,1488,1490
L,1490,1488
L,1490,1491
L,1491,1364
L,1491,1490
L,1492,1493
L,1492,1494
L,1493,1366
L,1493,1491
L,1494,1492
L,1494,1495
L,1495,1368
L,1495,1494
L,1496,1497
L,1496,1498
L,1497,1370
L,1497,1495
L,1498,1496
L,1498,1499
L,1499,1372
L,1499,1498
L,1500,1501
L,1500,1502
L,1501,1374
L,1501,1499
L,1502,1500
L,1502,1503
L,1503,1376
L,1503,1502
L,1504,1505
L,1504,1506
L,1505,1378
L,1505,1503
L,1506,1504
L,1506,1507
L,1507,1380
L,1507,1506
L,1508,1509
L,1508,1510
L,1509,1382
L,1509,1507
L,1510,1508
L,1510,1511
L,1511,1384
L,1511,1510
L,1512,1513
L,1512,1514
L,1513,1386
L,1513,1511
L,1514,1512
L,1514,1515
L,1515,1388
L,1515,1514
L,1516,1517
L,1516,1518
L,1517,1390
L,1517,1515
L,1518,1516
L,1518,1519
L,1519,1392
L,1519,1518
L,1520,1521
L,1520,1522
L,1521,1394
L,1521,1519
L,1522,1520
L,1522,1523
L,1523,1396
L,1523,1522
L,1524,1525
L,1524,1526
L,1525,1398
L,1525,1523
L,1526,1524
L,1526,1527
L,1527,1400
L,1527,1526
L,1528,1529
L,1528,1530
L,1529,1402
L,1529,1527
L,1530,1528
L,1530,1531
L,1531,1404
L,1531,1530
L,1532,1533
L,1532,1534
L,1533,1406
L,1533,1531
L,1534,1532
L,1534,1535
L,1535,1408
L,1535,1534
L,1536,1537
L,1536,1538
L,1537,1410
L,1537,1535
L,1538,1536
L,1538,1539
L,1539,1412
L,1539,1538
L,1540,1541
L,1540,1542
L,1541,1414
L,1541,1539
L,1542,1540
L,1544,1545
L,1544,1546
L,1545,1418
L,1546,1544
L,1546,1547
L,1547,1420
L,1547,1546
L,1548,1549
L,1549,1422
L,1549,1547
L,1550,1424
L,1550,1551
L,1551,1426
L,1551,1550
L,1552,1553
L,1553,1552
L,1553,1554
L,1554,1438
L,1554,1553
L,1555,1556
L,1555,1557
L,1556,1440
L,1556,1554
L,1557,1555
L,1557,1558
L,1558,1442
L,1558,1557
L,1559,1560
L,1559,1561
L,1560,1444
L,1560,1558
L,1561,1559
L,1561,1562
L,1562,1446
L,1562,1561
L,1563,1564
L,1563,1565
L,1564,1448
L,1564,1562
L,1565,1563
L,1565,1566
L,1566,1450
L,1566,1565
L,1567,1568
L,1567,1569
L,1568,1452
L,1568,1566
L,1569,1567
L,1569,1570
L,1570,1454
L,1570,1569
L,1571,1572
L,1571,1573
L,1572,1456
L,1572,1570
L,1573,1571
L,1573,1574
L,1574,1458
L,1574,1573
L,1575,1576
L,1575,1577
L,1576,1460
L,1576,1574
L,1577,1575
L,1577,1578
L,1578,1462
L,1578,1577
L,1579,1580
L,1579,1581
L,1580,1464
L,1580,1578
L,1581,1579
L,1581,1582
L,1582,1466
L,1582,1581
L,1583,1584
L,1583,1585
L,1584,1468
L,1584,1582
L,1585,1583
L,1585,1586
L,1586,1470
L,1586,1585
L,1587,1588
L,1587,1589
L,1588,1472
L,1588,1586
L,1589,1587
L,1589,1590
L,1590,1474
L,1590,1589
L,1591,1592
L,1591,1593
L,1592,1476
L,1592,1590
L,1593,1591
L,1593,1594
L,1594,1478
L,1594,1593
L,1595,1596
L,1595,1597
L,1596,1480
L,1596,1594
L,1597,1595
L,1597,1598
L,1598,1482
L,1598,1597
L,1599,1600
L,1599,1601
L,1600,1484
L,1600,1598
L,1601,1599
L,1601,1602
L,1602,1486
L,1602,1601
L,1603,1604
L,1603,1605
L,1604,1488
L,1604,1602
L,1605,1603
L,1605,1606
L,1606,1490
L,1606,1605
L,1607,1608
L,1607,1609
L,1608,1492
L,1608,1606
L,1609,1607
L,1609,1610
L,1610,1494
L,1610,1609
L,1611,1612
L,1611,1613
L,1612,1496
L,1612,1610
L,1613,1611
L,1613,1614
L,1614,1498
L,1614,1613
L,1615,1616
L,1615,1617
L,1616,1500
L,1616,1614
L,1617,1615
L,1619,1620
L,1619,1621
L,1620,1504
L,1621,1619
L,1621,1622
L,1622,1506
L,1622,1621
L,1623,1624
L,1623,1625
L,1624,1508
L,1624,1622
L,1625,1623
L,1625,1626
L,1626,1510
L,1626,1625
L,1627,1628
L,1627,1629
L,1628,1512
L,1628,1626
L,1629,1627
L,1629,1630
L,1630,1514
L,1630,1629
L,1631,1632
L,1631,1633
L,1632,1516
L,1632,1630
L,1633,1631
L,1633,1634
L,1634,1518
L,1634,1633
L,1635,1636
L,1635,1637
L,1636,1520
L,1636,1634
L,1637,1635
L,1637,1638
L,1638,1522
L,1638,1637
L,1639,1640
L,1639,1641
L,1640,1524
L,1640,1638
L,1641,1639
L,1641,1642
L,1642,1526
L,1642,1641
L,1643,1644
L,1643,1645
L,1644,1528
L,1644,1642
L,1645,1643
L,1645,1646
L,1646,1530
L,1646,1645
L,1647,1648
L,1647,1649
L,1648,1532
L,1648,1646
L,1649,1647
L,1649,1650
L,1650,1534
L,1650,1649
L,1651,1653
L,1653,1651
L,1653,1654
L,1654,1538
L,1654,1653
L,1655,1540
L,1655,1654
L,1656,1542
L,1656,1657
L,1657,1544
L,1657,1656
L,1658,1659
L,1658,1755
L,1659,1553
L,1659,1658
L,1660,1661
L,1660,1662
L,1661,1555
L,1661,1659
L,1662,1660
L,1662,1663
L,1663,1557
L,1663,1662
L,1664,1665
L,1664,1666
L,1665,1559
L,1665,1663
L,1666,1664
L,1666,1667
L,1667,1561
L,1667,1666
L,1668,1669
L,1668,1670
L,1669,1563
L,1669,1667
L,1670,1668
L,1670,1671
L,1671,1565
L,1671,1670
L,1672,1673
L,1672,1674
L,1673,1567
L,1673,1671
L,1674,1672
L,1674,1675
L,1675,1569
L,1675,1674
L,1676,1677
L,1676,1678
L,1677,1571
L,1677,1675
L,1678,1676
L,1678,1679
L,1679,1573
L,1679,1678
L,1680,1681
L,1680,1682
L,1681,1575
L,1681,1679
L,1682,1680
L,1682,1683
L,1683,1577
L,1683,1682
L,1684,1685
L,1684,1686
L,1685,1579
L,1685,1683
L,1686,1684
L,1686,1687
L,1687,1581
L,1687,1686
L,1688,1689
L,1688,1690
L,1689,1583
L,1689,1687
L,1690,1688
L,1690,1691
L,1691,1585
L,1691,1690
L,1692,1693
L,1693,1587
L,1693,1691
L,1695,1589
L,1696,1697
L,1696,1698
L,1697,1591
L,1697,1695
L,1698,1696
L,1698,1699
L,1699,1593
L,1699,1698
L,1700,1701
L,1700,1702
L,1701,1595
L,1701,1699
L,1702,1700
L,1702,1703
L,1703,1597
L,1703,1702
L,1704,1705
L,1704,1706
L,1705,1599
L,1705,1703
L,1706,1704
L,1706,1707
L,1707,1601
L,1707,1706
L,1708,1709
L,1708,1710
L,1709,1603
L,1709,1707
L,1710,1708
L,1710,1711
L,1711,1605
L,1711,1710
L,1712,1713
L,1712,1714
L,1713,1607
L,1713,1711
L,1714,1712
L,1714,1715
L,1715,1609
L,1715,1714
L,1716,1717
L,1716,1718
L,1717,1611
L,1717,1715
L,1718,1716
L,1718,1719
L,1719,1613
L,1719,1718
L,1721,1615
L,1721,1719
L,1722,1723
L,1723,1617
L,1723,1722
L,1724,1725
L,1724,1726
L,1725,1619
L,1725,1723
L,1726,1724
L,1726,1727
L,1727,1621
L,1727,1726
L,1728,1729
L,1728,1730
L,1729,1623
L,1729,1727
L,1730,1728
L,1730,1731
L,1731,1625
L,1731,1730
L,1732,1733
L,1732,1734
L,1733,1627
L,1733,1731
L,1734,1732
L,1734,1735
L,1735,1629
L,1735,1734
L,1736,1737
L,1736,1738
L,1737,1631
L,1737,1735
L,1738,1736
L,1738,1739
L,1739,1633
L,1739,1738
L,1740,1741
L,1740,1742
L,1741,1635
L,1741,1739
L,1742,1740
L,1742,1743
L,1743,1637
L,1743,1742
L,1744,1745
L,1744,1746
L,1745,1639
L,1745,1743
L,1746,1744
L,1746,1747
L,1747,1641
L,1747,1746
L,1748,1749
L,1748,1750
L,1749,1643
L,1749,1747
L,1750,1748
L,1750,1751
L,1751,1645
L,1751,1750
L,1752,1647
L,1752,1751
L,1754,1755
L,1754,1840
L,1755,1658
L,1755,1754
L,1756,1757
L,1756,1758
L,1757,1660
L,1757,1755
L,1758,1756
L,1758,1759
L,1759,1662
L,1759,1758
L,1760,1761
L,1760,1762
L,1761,1664
L,1761,1759
L,1762,1760
L,1762,1763
L,1763,1666
L,1763,1762
L,1764,1765
L,1764,1766
L,1765,1668
L,1765,1763
L,1766,1764
L,1766,1767
L,1767,1670
L,1767,1766
L,1768,1769
L,1768,1770
L,1769,1672
L,1769,1767
L,1770,1768
L,1770,1771
L,1771,1674
L,1771,1770
L,1772,1773
L,1772,1774
L,1773,1676
L,1773,1771
L,1774,1772
L,1774,1775
L,1775,1678
L,1775,1774
L,1776,1777
L,1776,1778
L,1777,1680
L,1777,1775
L,1778,1776
L,1778,1779
L,1779,1682
L,1779,1778
L,1780,1781
L,1780,1782
L,1781,1684
L,1781,1779
L,1782,1780
L,1782,1783
L,1783,1686
L,1783,1782
L,1784,1785
L,1784,1786
L,1785,1688
L,1785,1783
L,1786,1784
L,1786,1787
L,1787,1690
L,1787,1786
L,1788,1789
L,1788,1790
L,1789,1692
L,1789,1787
L,1790,1788
L,1790,1791
L,1791,1790
L,1792,1793
L,1792,1794
L,1793,1696
L,1793,1791
L,1794,1792
L,1794,1795
L,1795,1698
L,1795,1794
L,1796,1797
L,1796,1798
L,1797,1700
L,1797,1795
L,1798,1796
L,1798,1799
L,1799,1702
L,1799,1798
L,1800,1801
L,1800,1802
L,1801,1704
L,1801,1799
L,1802,1800
L,1802,1803
L,1803,1706
L,1803,1802
L,1804,1805
L,1804,1806
L,1805,1708
L,1805,1803
L,1806,1804
L,1806,1807
L,1807,1710
L,1807,1806
L,1808,1809
L,1808,1810
L,1809,1712
L,1809,1807
L,1810,1808
L,1810,1811
L,1811,1714
L,1811,1810
L,1812,1813
L,1812,1814
L,1813,1716
L,1813,1811
L,1814,1812
L,1814,1815
L,1815,1718
L,1815,1814
L,1816,1817
L,1816,1818
L,1817,1815
L,1818,1816
L,1818,1819
L,1819,1722
L,1819,1818
L,1820,1821
L,1820,1822
L,1821,1724
L,1821,1819
L,1822,1820
L,1822,1823
L,1823,1726
L,1823,1822
L,1825,1728
L,1825,1823
L,1826,1827
L,1827,1730
L,1827,1826
L,1828,1829
L,1828,1830
L,1829,1732
L,1829,1827
L,1830,1828
L,1830,1831
L,1831,1734
L,1831,1830
L,1832,1833
L,1832,1834
L,1833,1736
L,1833,1831
L,1834,1832
L,1834,1835
L,1835,1738
L,1835,1834
L,1836,1837
L,1837,1740
L,1837,1835
L,1838,1742
L,1838,1839
L,1839,1744
L,1839,1838
L,1840,1754
L,1840,1842
L,1841,1842
L,1841,1843
L,1842,1756
L,1842,1840
L,1843,1841
L,1843,1844
L,1844,1758
L,1844,1843
L,1845,1846
L,1845,1847
L,1846,1760
L,1846,1844
L,1847,1845
L,1847,1848
L,1848,1762
L,1848,1847
L,1849,1850
L,1849,1851
L,1850,1764
L,1850,1848
L,1851,1849
L,1851,1852
L,1852,1766
L,1852,1851
L,1853,1854
L,1853,1855
L,1854,1768
L,1854,1852
L,1855,1853
L,1855,1856
L,1856,1770
L,1856,1855
L,1857,1858
L,1857,1859
L,1858,1772
L,1858,1856
L,1859,1857
L,1859,1860
L,1860,1774
L,1860,1859
L,1861,1862
L,1862,1776
L,1862,1860
L,1864,1778
L,1865,1866
L,1865,1867
L,1866,1780
L,1866,1864
L,1867,1865
L,1867,1868
L,1868,1782
L,1868,1867
L,1869,1870
L,1869,1871
L,1870,1784
L,1870,1868
L,1871,1869
L,1871,1872
L,1872,1786
L,1872,1871
L,1873,1874
L,1873,1875
L,1874,1788
L,1874,1872
L,1875,1873
L,1875,1876
L,1876,1790
L,1876,1875
L,1877,1878
L,1877,1879
L,1878,1792
L,1878,1876
L,1879,1877
L,1879,1880
L,1880,1794
L,1880,1879
L,1881,1882
L,1881,1883
L,1882,1796
L,1882,1880
L,1883,1881
L,1883,1884
L,1884,1798
L,1884,1883
L,1885,1886
L,1885,1887
L,1886,1800
L,1886,1884
L,1887,1885
L,1887,1888
L,1888,1802
L,1888,1887
L,1889,1890
L,1889,1891
L,1890,1804
L,1890,1888
L,1891,1889
L,1891,1892
L,1892,1806
L,1892,1891
L,1893,1894
L,1893,1895
L,1894,1808
L,1894,1892
L,1895,1893
L,1895,1896
L,1896,1810
L,1896,1895
L,1897,1898
L,1897,1899
L,1898,1812
L,1898,1896
L,1899,1897
L,1899,1900
L,1900,1814
L,1900,1899
L,1901,1902
L,1901,1903
L,1902,1816
L,1902,1900
L,1903,1901
L,1903,1904
L,1904,1818
L,1904,1903
L,1905,1906
L,1905,1907
L,1906,1820
L,1906,1904
L,1907,1905
L,1907,1908
L,1908,1822
L,1908,1907
L,1909,1910
L,1909,1911
L,1910,1908
L,1911,1909
L,1911,1912
L,1912,1826
L,1912,1911
L,1913,1828
L,1913,1912
L,1914,1830
L,1914,1915
L,1915,1832
L,1915,1914
L,1916,1918
L,1917,1918
L,1917,1919
L,1918,1841
L,1918,1916
L,1919,1917
L,1919,1920
L,1920,1843
L,1920,1919
L,1921,1922
L,1921,1923
L,1922,1845
L,1922,1920
L,1923,1921
L,1923,1924
L,1924,1847
L,1924,1923
L,1925,1926
L,1925,1927
L,1926,1849
L,1926,1924
L,1927,1925
L,1927,1928
L,1928,1851
L,1928,1927
L,1929,1930
L,1929,1931
L,1930,1853
L,1930,1928
L,1931,1929
L,1931,1932
L,1932,1855
L,1932,1931
L,1933,1934
L,1933,1935
L,1934,1857
L,1934,1932
L,1935,1933
L,1935,1936
L,1936,1859
L,1936,1935
L,1937,1938
L,1938,1861
L,1938,1936
L,1941,1942
L,1941,1943
L,1942,1865
L,1942,1940
L,1943,1941
L,1943,1944
L,1944,1867
L,1944,1943
L,1945,1946
L,1945,1947
L,1946,1869
L,1946,1944
L,1947,1945
L,1947,1948
L,1948,1871
L,1948,1947
L,1949,1950
L,1949,1951
L,1950,1873
L,1950,1948
L,1951,1949
L,1951,1952
L,1952,1875
L,1952,1951
L,1953,1954
L,1953,1955
L,1954,1877
L,1954,1952
L,1955,1953
L,1955,1956
L,1956,1879
L,1956,1955
L,1957,1958
L,1957,1959
L,1958,1881
L,1958,1956
L,1959,1957
L,1959,1960
L,1960,1883
L,1960,1959
L,1961,1962
L,1961,1963
L,1962,1885
L,1962,1960
L,1963,1961
L,1963,1964
L,1964,1887
L,1964,1963
L,1965,1966
L,1965,1967
L,1966,1889
L,1966,1964
L,1967,1965
L,1967,1968
L,1968,1891
L,1968,1967
L,1969,1970
L,1969,1971
L,1970,1893
L,1970,1968
L,1971,1969
L,1971,1972
L,1972,1895
L,1972,1971
L,1973,1974
L,1973,1975
L,1974,1897
L,1974,1972
L,1975,1973
L,1975,1976
L,1976,1899
L,1976,1975
L,1977,1978
L,1977,1979
L,1978,1901
L,1978,1976
L,1979,1977
L,1979,1980
L,1980,1903
L,1980,1979
L,1981,1905
L,1981,1980
L,1982,1907
L,1983,1984
L,1983,1985
L,1984,1917
L,1984,1983
L,1985,1983
L,1985,1986
L,1986,1919
L,1986,1985
L,1987,1988
L,1987,1989
L,1988,1921
L,1988,1986
L,1989,1987
L,1989,1990
L,1990,1923
L,1990,1989
L,1991,1992
L,1991,1993
L,1992,1925
L,1992,1990
L,1993,1991
L,1993,1994
L,1994,1927
L,1994,1993
L,1995,1996
L,1996,1929
L,1996,1994
L,1998,1931
L,1999,2000
L,1999,2001
L,2000,1933
L,2000,1998
L,2001,1999
L,2001,2002
L,2002,1935
L,2002,2001
L,2003,2004
L,2003,2005
L,2004,1937
L,2004,2002
L,2005,2003
L,2005,2006
L,2006,2005
L,2007,2008
L,2007,2009
L,2008,1941
L,2008,2006
L,2009,2007
L,2009,2010
L,2010,1943
L,2010,2009
L,2011,2012
L,2011,2013
L,2012,1945
L,2012,2010
L,2013,2011
L,2013,2014
L,2014,1947
L,2014,2013
L,2015,2016
L,2015,2017
L,2016,1949
L,2016,2014
L,2017,2015
L,2017,2018
L,2018,1951
L,2018,2017
L,2019,2020
L,2019,2021
L,2020,1953
L,2020,2018
L,2021,2019
L,2021,2022
L,2022,1955
L,2022,2021
L,2023,2024
L,2023,2025
L,2024,1957
L,2024,2022
L,2025,2023
L,2025,2026
L,2026,1959
L,2026,2025
L,2027,2028
L,2027,2029
L,2028,1961
L,2028,2026
L,2029,2027
L,2029,2030
L,2030,1963
L,2030,2029
L,2031,2032
L,2031,2033
L,2032,1965
L,2032,2030
L,2033,2031
L,2033,2034
L,2034,1967
L,2034,2033
L,2035,2036
L,2036,1969
L,2036,2034
L,2037,1971
L,2037,2038
L,2038,1973
L,2038,2037
L,2039,2040
L,2039,2041
L,2040,1983
L,2040,2039
L,2041,2039
L,2041,2042
L,2042,1985
L,2042,2041
L,2043,2044
L,2043,2045
L,2044,1987
L,2044,2042
L,2045,2043
L,2045,2046
L,2046,1989
L,2046,2045
L,2047,2049
L,2049,2047
L,2049,2050
L,2050,1993
L,2050,2049
L,2051,2052
L,2051,2053
L,2052,1995
L,2052,2050
L,2053,2051
L,2053,2054
L,2054,2053
L,2055,2056
L,2056,1999
L,2056,2054
L,2058,2001
L,2059,2060
L,2059,2061
L,2060,2003
L,2060,2058
L,2061,2059
L,2061,2062
L,2062,2005
L,2062,2061
L,2063,2064
L,2063,2065
L,2064,2007
L,2064,2062
L,2065,2063
L,2065,2066
L,2066,2009
L,2066,2065
L,2067,2068
L,2067,2069
L,2068,2011
L,2068,2066
L,2069,2067
L,2069,2070
L,2070,2013
L,2070,2069
L,2071,2072
L,2071,2073
L,2072,2015
L,2072,2070
L,2073,2071
L,2073,2074
L,2074,2017
L,2074,2073
L,2075,2076
L,2075,2077
L,2076,2019
L,2076,2074
L,2077,2075
L,2077,2078
L,2078,2021
L,2078,2077
L,2079,2080
L,2079,2081
L,2080,2023
L,2080,2078
L,2081,2079
L,2081,2082
L,2082,2025
L,2082,2081
L,2083,2027
L,2083,2082
L,2084,2029
L,2084,2085
L,2085,2031
L,2085,2084
L,2086,2087
L,2087,2086
L,2087,2088
L,2088,2041
L,2088,2087
L,2089,2090
L,2089,2091
L,2090,2043
L,2090,2088
L,2091,2089
L,2091,2092
L,2092,2045
L,2092,2091
L,2093,2094
L,2093,2095
L,2094,2047
L,2094,2092
L,2095,2093
L,2095,2096
L,2096,2049
L,2096,2095
L,2097,2098
L,2097,2099
L,2098,2051
L,2098,2096
L,2099,2097
L,2099,2100
L,2100,2053
L,2100,2099
L,2102,2055
L,2102,2100
L,2103,2104
L,2104,2103
L,2105,2106
L,2105,2107
L,2106,2059
L,2106,2104
L,2107,2105
L,2107,2108
L,2108,2061
L,2108,2107
L,2109,2110
L,2109,2111
L,2110,2063
L,2110,2108
L,2111,2109
L,2111,2112
L,2112,2065
L,2112,2111
L,2113,2114
L,2113,2115
L,2114,2067
L,2114,2112
L,2115,2113
L,2115,2116
L,2116,2069
L,2116,2115
L,2117,2118
L,2117,2119
L,2118,2071
L,2118,2116
L,2119,2117
L,2119,2120
L,2120,2073
L,2120,2119
L,2121,2075
L,2121,2120
L,2122,2077
L,2123,2124
L,2123,2150
L,2124,2087
L,2124,2123
L,2125,2126
L,2125,2127
L,2126,2089
L,2126,2124
L,2127,2125
L,2127,2128
L,2128,2091
L,2128,2127
L,2129,2130
L,2129,2131
L,2130,2093
L,2130,2128
L,2131,2129
L,2131,2132
L,2132,2095
L,2132,2131
L,2133,2134
L,2133,2135
L,2134,2097
L,2134,2132
L,2135,2133
L,2135,2136
L,2136,2099
L,2136,2135
L,2137,2138
L,2137,2139
L,2138,2136
L,2139,2137
L,2139,2140
L,2140,2103
L,2140,2139
L,2141,2142
L,2141,2143
L,2142,2105
L,2142,2140
L,2143,2141
L,2143,2144
L,2144,2107
L,2144,2143
L,2145,2146
L,2146,2109
L,2146,2144
L,2147,2111
L,2147,2148
L,2148,2113
L,2148,2147
L,2149,2150
L,2149,2166
L,2150,2123
L,2150,2149
L,2151,2152
L,2151,2153
L,2152,2125
L,2152,2150
L,2153,2151
L,2153,2154
L,2154,2127
L,2154,2153
L,2155,2156
L,2155,2157
L,2156,2129
L,2156,2154
L,2157,2155
L,2157,2158
L,2158,2131
L,2158,2157
L,2159,2160
L,2159,2161
L,2160,2133
L,2160,2158
L,2161,2159
L,2161,2162
L,2162,2135
L,2162,2161
L,2163,2137
L,2163,2162
L,2164,2139
L,2164,2165
L,2165,2141
L,2165,2164
L,2166,2149
L,2166,2168
L,2167,2168
L,2167,2169
L,2168,2151
L,2168,2166
L,2169,2167
L,2169,2170
L,2170,2153
L,2170,2169
L,2171,2155
L,2171,2170
L,2172,2157
