/PREP7
N, 1, 0.341, 160.208, 0.000
N, 2, 0.000, 148.581, 0.000
N, 3, 0.683, 151.340, 0.000
N, 4, 1.024, 152.719, 0.000
N, 5, 0.000, 153.705, 0.000
N, 6, 1.707, 155.478, 0.000
N, 7, 0.341, 155.084, 0.000
N, 8, 2.048, 156.858, 0.000
N, 9, 1.024, 157.843, 0.000
N, 10, 2.731, 159.616, 0.000
N, 11, 1.365, 159.222, 0.000
N, 12, 0.000, 138.334, 0.000
N, 13, 0.341, 139.714, 0.000
N, 14, 1.024, 142.472, 0.000
N, 15, 1.365, 143.852, 0.000
N, 16, 0.341, 144.837, 0.000
N, 17, 2.048, 146.611, 0.000
N, 18, 0.683, 146.217, 0.000
N, 19, 2.389, 147.990, 0.000
N, 20, 1.365, 148.975, 0.000
N, 21, 3.072, 150.749, 0.000
N, 22, 1.707, 150.355, 0.000
N, 23, 3.413, 152.128, 0.000
N, 24, 2.389, 153.114, 0.000
N, 25, 4.096, 154.887, 0.000
N, 26, 2.731, 154.493, 0.000
N, 27, 4.437, 156.266, 0.000
N, 28, 3.413, 157.252, 0.000
N, 29, 5.120, 159.025, 0.000
N, 30, 3.754, 158.631, 0.000
N, 31, 0.341, 129.467, 0.000
N, 32, 0.683, 130.846, 0.000
N, 33, 1.365, 133.605, 0.000
N, 34, 0.000, 133.211, 0.000
N, 35, 1.707, 134.984, 0.000
N, 36, 0.683, 135.970, 0.000
N, 37, 2.389, 137.743, 0.000
N, 38, 1.024, 137.349, 0.000
N, 39, 2.731, 139.122, 0.000
N, 40, 1.707, 140.108, 0.000
N, 41, 3.413, 141.881, 0.000
N, 42, 2.048, 141.487, 0.000
N, 43, 3.754, 143.261, 0.000
N, 44, 2.731, 144.246, 0.000
N, 45, 4.437, 146.019, 0.000
N, 46, 3.072, 145.625, 0.000
N, 47, 4.778, 147.399, 0.000
N, 48, 3.754, 148.384, 0.000
N, 49, 5.461, 150.158, 0.000
N, 50, 4.096, 149.764, 0.000
N, 51, 5.802, 151.537, 0.000
N, 52, 4.778, 152.522, 0.000
N, 53, 6.485, 154.296, 0.000
N, 54, 5.120, 153.902, 0.000
N, 55, 6.826, 155.675, 0.000
N, 56, 5.802, 156.661, 0.000
N, 57, 7.509, 158.434, 0.000
N, 58, 6.144, 158.040, 0.000
N, 59, 7.850, 159.813, 0.000
N, 60, 0.000, 117.840, 0.000
N, 61, 0.683, 120.599, 0.000
N, 62, 1.024, 121.978, 0.000
N, 63, 0.000, 122.964, 0.000
N, 64, 1.707, 124.737, 0.000
N, 65, 0.341, 124.343, 0.000
N, 66, 2.048, 126.117, 0.000
N, 67, 1.024, 127.102, 0.000
N, 68, 2.731, 128.875, 0.000
N, 69, 1.365, 128.481, 0.000
N, 70, 3.072, 130.255, 0.000
N, 71, 2.048, 131.240, 0.000
N, 72, 3.754, 133.014, 0.000
N, 73, 2.389, 132.620, 0.000
N, 74, 4.096, 134.393, 0.000
N, 75, 3.072, 135.378, 0.000
N, 76, 4.778, 137.152, 0.000
N, 77, 3.413, 136.758, 0.000
N, 78, 5.120, 138.531, 0.000
N, 79, 4.096, 139.517, 0.000
N, 80, 5.802, 141.290, 0.000
N, 81, 4.437, 140.896, 0.000
N, 82, 6.144, 142.669, 0.000
N, 83, 5.120, 143.655, 0.000
N, 84, 6.826, 145.428, 0.000
N, 85, 5.461, 145.034, 0.000
N, 86, 7.168, 146.808, 0.000
N, 87, 6.144, 147.793, 0.000
N, 88, 7.850, 149.567, 0.000
N, 89, 6.485, 149.172, 0.000
N, 90, 8.192, 150.946, 0.000
N, 91, 7.168, 151.931, 0.000
N, 92, 8.874, 153.705, 0.000
N, 93, 7.509, 153.311, 0.000
N, 94, 9.215, 155.084, 0.000
N, 95, 8.192, 156.069, 0.000
N, 96, 9.898, 157.843, 0.000
N, 97, 8.533, 157.449, 0.000
N, 98, 10.239, 159.222, 0.000
N, 99, 9.215, 160.208, 0.000
N, 100, 0.000, 107.593, 0.000
N, 101, 0.341, 108.973, 0.000
N, 102, 1.024, 111.732, 0.000
N, 103, 1.365, 113.111, 0.000
N, 104, 0.341, 114.096, 0.000
N, 105, 2.048, 115.870, 0.000
N, 106, 0.683, 115.476, 0.000
N, 107, 2.389, 117.249, 0.000
N, 108, 1.365, 118.234, 0.000
N, 109, 3.072, 120.008, 0.000
N, 110, 1.707, 119.614, 0.000
N, 111, 3.413, 121.387, 0.000
N, 112, 2.389, 122.373, 0.000
N, 113, 4.096, 124.146, 0.000
N, 114, 2.731, 123.752, 0.000
N, 115, 4.437, 125.526, 0.000
N, 116, 3.413, 126.511, 0.000
N, 117, 5.120, 128.284, 0.000
N, 118, 3.754, 127.890, 0.000
N, 119, 5.461, 129.664, 0.000
N, 120, 4.437, 130.649, 0.000
N, 121, 6.144, 132.423, 0.000
N, 122, 4.778, 132.028, 0.000
N, 123, 6.485, 133.802, 0.000
N, 124, 5.461, 134.787, 0.000
N, 125, 7.168, 136.561, 0.000
N, 126, 5.802, 136.167, 0.000
N, 127, 7.509, 137.940, 0.000
N, 128, 6.485, 138.925, 0.000
N, 129, 8.192, 140.699, 0.000
N, 130, 6.826, 140.305, 0.000
N, 131, 8.533, 142.078, 0.000
N, 132, 7.509, 143.064, 0.000
N, 133, 9.215, 144.837, 0.000
N, 134, 7.850, 144.443, 0.000
N, 135, 9.557, 146.217, 0.000
N, 136, 8.533, 147.202, 0.000
N, 137, 10.239, 148.975, 0.000
N, 138, 8.874, 148.581, 0.000
N, 139, 10.581, 150.355, 0.000
N, 140, 9.557, 151.340, 0.000
N, 141, 11.263, 153.114, 0.000
N, 142, 9.898, 152.719, 0.000
N, 143, 11.605, 154.493, 0.000
N, 144, 10.581, 155.478, 0.000
N, 145, 12.287, 157.252, 0.000
N, 146, 10.922, 156.858, 0.000
N, 147, 12.629, 158.631, 0.000
N, 148, 11.605, 159.616, 0.000
N, 149, 0.341, 98.726, 0.000
N, 150, 0.683, 100.105, 0.000
N, 151, 1.365, 102.864, 0.000
N, 152, 0.000, 102.470, 0.000
N, 153, 1.707, 104.243, 0.000
N, 154, 0.683, 105.229, 0.000
N, 155, 2.389, 107.002, 0.000
N, 156, 1.024, 106.608, 0.000
N, 157, 2.731, 108.382, 0.000
N, 158, 1.707, 109.367, 0.000
N, 159, 3.413, 111.140, 0.000
N, 160, 2.048, 110.746, 0.000
N, 161, 3.754, 112.520, 0.000
N, 162, 2.731, 113.505, 0.000
N, 163, 4.437, 115.279, 0.000
N, 164, 3.072, 114.884, 0.000
N, 165, 4.778, 116.658, 0.000
N, 166, 3.754, 117.643, 0.000
N, 167, 5.461, 119.417, 0.000
N, 168, 4.096, 119.023, 0.000
N, 169, 5.802, 120.796, 0.000
N, 170, 4.778, 121.781, 0.000
N, 171, 6.485, 123.555, 0.000
N, 172, 5.120, 123.161, 0.000
N, 173, 6.826, 124.934, 0.000
N, 174, 5.802, 125.920, 0.000
N, 175, 7.509, 127.693, 0.000
N, 176, 6.144, 127.299, 0.000
N, 177, 7.850, 129.073, 0.000
N, 178, 6.826, 130.058, 0.000
N, 179, 8.533, 131.831, 0.000
N, 180, 7.168, 131.437, 0.000
N, 181, 8.874, 133.211, 0.000
N, 182, 7.850, 134.196, 0.000
N, 183, 9.557, 135.970, 0.000
N, 184, 8.192, 135.575, 0.000
N, 185, 9.898, 137.349, 0.000
N, 186, 8.874, 138.334, 0.000
N, 187, 10.581, 140.108, 0.000
N, 188, 9.215, 139.714, 0.000
N, 189, 10.922, 141.487, 0.000
N, 190, 9.898, 142.472, 0.000
N, 191, 11.605, 144.246, 0.000
N, 192, 10.239, 143.852, 0.000
N, 193, 11.946, 145.625, 0.000
N, 194, 10.922, 146.611, 0.000
N, 195, 12.629, 148.384, 0.000
N, 196, 11.263, 147.990, 0.000
N, 197, 12.970, 149.764, 0.000
N, 198, 11.946, 150.749, 0.000
N, 199, 13.653, 152.522, 0.000
N, 200, 12.287, 152.128, 0.000
N, 201, 13.994, 153.902, 0.000
N, 202, 12.970, 154.887, 0.000
N, 203, 14.676, 156.661, 0.000
N, 204, 13.311, 156.266, 0.000
N, 205, 15.018, 158.040, 0.000
N, 206, 13.994, 159.025, 0.000
N, 207, 0.000, 87.099, 0.000
N, 208, 0.683, 89.858, 0.000
N, 209, 1.024, 91.238, 0.000
N, 210, 0.000, 92.223, 0.000
N, 211, 1.707, 93.996, 0.000
N, 212, 0.341, 93.602, 0.000
N, 213, 2.048, 95.376, 0.000
N, 214, 1.024, 96.361, 0.000
N, 215, 2.731, 98.135, 0.000
N, 216, 1.365, 97.740, 0.000
N, 217, 3.072, 99.514, 0.000
N, 218, 2.048, 100.499, 0.000
N, 219, 3.754, 102.273, 0.000
N, 220, 2.389, 101.879, 0.000
N, 221, 4.096, 103.652, 0.000
N, 222, 3.072, 104.637, 0.000
N, 223, 4.778, 106.411, 0.000
N, 224, 3.413, 106.017, 0.000
N, 225, 5.120, 107.790, 0.000
N, 226, 4.096, 108.776, 0.000
N, 227, 5.802, 110.549, 0.000
N, 228, 4.437, 110.155, 0.000
N, 229, 6.144, 111.929, 0.000
N, 230, 5.120, 112.914, 0.000
N, 231, 6.826, 114.687, 0.000
N, 232, 5.461, 114.293, 0.000
N, 233, 7.168, 116.067, 0.000
N, 234, 6.144, 117.052, 0.000
N, 235, 7.850, 118.826, 0.000
N, 236, 6.485, 118.431, 0.000
N, 237, 8.192, 120.205, 0.000
N, 238, 7.168, 121.190, 0.000
N, 239, 8.874, 122.964, 0.000
N, 240, 7.509, 122.570, 0.000
N, 241, 9.215, 124.343, 0.000
N, 242, 8.192, 125.328, 0.000
N, 243, 9.898, 127.102, 0.000
N, 244, 8.533, 126.708, 0.000
N, 245, 10.239, 128.481, 0.000
N, 246, 9.215, 129.467, 0.000
N, 247, 10.922, 131.240, 0.000
N, 248, 9.557, 130.846, 0.000
N, 249, 11.263, 132.620, 0.000
N, 250, 10.239, 133.605, 0.000
N, 251, 11.946, 135.378, 0.000
N, 252, 10.581, 134.984, 0.000
N, 253, 12.287, 136.758, 0.000
N, 254, 11.263, 137.743, 0.000
N, 255, 12.970, 139.517, 0.000
N, 256, 11.605, 139.122, 0.000
N, 257, 13.311, 140.896, 0.000
N, 258, 12.287, 141.881, 0.000
N, 259, 13.994, 143.655, 0.000
N, 260, 12.629, 143.261, 0.000
N, 261, 14.335, 145.034, 0.000
N, 262, 13.311, 146.019, 0.000
N, 263, 15.018, 147.793, 0.000
N, 264, 13.653, 147.399, 0.000
N, 265, 15.359, 149.172, 0.000
N, 266, 14.335, 150.158, 0.000
N, 267, 16.042, 151.931, 0.000
N, 268, 14.676, 151.537, 0.000
N, 269, 16.383, 153.311, 0.000
N, 270, 15.359, 154.296, 0.000
N, 271, 17.066, 156.069, 0.000
N, 272, 15.700, 155.675, 0.000
N, 273, 17.407, 157.449, 0.000
N, 274, 16.383, 158.434, 0.000
N, 275, 18.090, 160.208, 0.000
N, 276, 16.724, 159.813, 0.000
N, 277, 0.000, 76.852, 0.000
N, 278, 0.341, 78.232, 0.000
N, 279, 1.024, 80.991, 0.000
N, 280, 1.365, 82.370, 0.000
N, 281, 0.341, 83.355, 0.000
N, 282, 2.048, 85.129, 0.000
N, 283, 0.683, 84.735, 0.000
N, 284, 2.389, 86.508, 0.000
N, 285, 1.365, 87.493, 0.000
N, 286, 3.072, 89.267, 0.000
N, 287, 1.707, 88.873, 0.000
N, 288, 3.413, 90.646, 0.000
N, 289, 2.389, 91.632, 0.000
N, 290, 4.096, 93.405, 0.000
N, 291, 2.731, 93.011, 0.000
N, 292, 4.437, 94.785, 0.000
N, 293, 3.413, 95.770, 0.000
N, 294, 5.120, 97.543, 0.000
N, 295, 3.754, 97.149, 0.000
N, 296, 5.461, 98.923, 0.000
N, 297, 4.437, 99.908, 0.000
N, 298, 6.144, 101.682, 0.000
N, 299, 4.778, 101.287, 0.000
N, 300, 6.485, 103.061, 0.000
N, 301, 5.461, 104.046, 0.000
N, 302, 7.168, 105.820, 0.000
N, 303, 5.802, 105.426, 0.000
N, 304, 7.509, 107.199, 0.000
N, 305, 6.485, 108.184, 0.000
N, 306, 8.192, 109.958, 0.000
N, 307, 6.826, 109.564, 0.000
N, 308, 8.533, 111.337, 0.000
N, 309, 7.509, 112.323, 0.000
N, 310, 9.215, 114.096, 0.000
N, 311, 7.850, 113.702, 0.000
N, 312, 9.557, 115.476, 0.000
N, 313, 8.533, 116.461, 0.000
N, 314, 10.239, 118.234, 0.000
N, 315, 8.874, 117.840, 0.000
N, 316, 10.581, 119.614, 0.000
N, 317, 9.557, 120.599, 0.000
N, 318, 11.263, 122.373, 0.000
N, 319, 9.898, 121.978, 0.000
N, 320, 11.605, 123.752, 0.000
N, 321, 10.581, 124.737, 0.000
N, 322, 12.287, 126.511, 0.000
N, 323, 10.922, 126.117, 0.000
N, 324, 12.629, 127.890, 0.000
N, 325, 11.605, 128.875, 0.000
N, 326, 13.311, 130.649, 0.000
N, 327, 11.946, 130.255, 0.000
N, 328, 13.653, 132.028, 0.000
N, 329, 12.629, 133.014, 0.000
N, 330, 14.335, 134.787, 0.000
N, 331, 12.970, 134.393, 0.000
N, 332, 14.676, 136.167, 0.000
N, 333, 13.653, 137.152, 0.000
N, 334, 15.359, 138.925, 0.000
N, 335, 13.994, 138.531, 0.000
N, 336, 15.700, 140.305, 0.000
N, 337, 14.676, 141.290, 0.000
N, 338, 16.383, 143.064, 0.000
N, 339, 15.018, 142.669, 0.000
N, 340, 16.724, 144.443, 0.000
N, 341, 15.700, 145.428, 0.000
N, 342, 17.407, 147.202, 0.000
N, 343, 16.042, 146.808, 0.000
N, 344, 17.748, 148.581, 0.000
N, 345, 16.724, 149.567, 0.000
N, 346, 18.431, 151.340, 0.000
N, 347, 17.066, 150.946, 0.000
N, 348, 18.772, 152.719, 0.000
N, 349, 17.748, 153.705, 0.000
N, 350, 19.455, 155.478, 0.000
N, 351, 18.090, 155.084, 0.000
N, 352, 19.796, 156.858, 0.000
N, 353, 18.772, 157.843, 0.000
N, 354, 20.479, 159.616, 0.000
N, 355, 19.114, 159.222, 0.000
N, 356, 0.341, 67.985, 0.000
N, 357, 0.683, 69.364, 0.000
N, 358, 1.365, 72.123, 0.000
N, 359, 0.000, 71.729, 0.000
N, 360, 1.707, 73.502, 0.000
N, 361, 0.683, 74.488, 0.000
N, 362, 2.389, 76.261, 0.000
N, 363, 1.024, 75.867, 0.000
N, 364, 2.731, 77.641, 0.000
N, 365, 1.707, 78.626, 0.000
N, 366, 3.413, 80.399, 0.000
N, 367, 2.048, 80.005, 0.000
N, 368, 3.754, 81.779, 0.000
N, 369, 2.731, 82.764, 0.000
N, 370, 4.437, 84.538, 0.000
N, 371, 3.072, 84.143, 0.000
N, 372, 4.778, 85.917, 0.000
N, 373, 3.754, 86.902, 0.000
N, 374, 5.461, 88.676, 0.000
N, 375, 4.096, 88.282, 0.000
N, 376, 5.802, 90.055, 0.000
N, 377, 4.778, 91.040, 0.000
N, 378, 6.485, 92.814, 0.000
N, 379, 5.120, 92.420, 0.000
N, 380, 6.826, 94.193, 0.000
N, 381, 5.802, 95.179, 0.000
N, 382, 7.509, 96.952, 0.000
N, 383, 6.144, 96.558, 0.000
N, 384, 7.850, 98.332, 0.000
N, 385, 6.826, 99.317, 0.000
N, 386, 8.533, 101.090, 0.000
N, 387, 7.168, 100.696, 0.000
N, 388, 8.874, 102.470, 0.000
N, 389, 7.850, 103.455, 0.000
N, 390, 9.557, 105.229, 0.000
N, 391, 8.192, 104.834, 0.000
N, 392, 9.898, 106.608, 0.000
N, 393, 8.874, 107.593, 0.000
N, 394, 10.581, 109.367, 0.000
N, 395, 9.215, 108.973, 0.000
N, 396, 10.922, 110.746, 0.000
N, 397, 9.898, 111.732, 0.000
N, 398, 11.605, 113.505, 0.000
N, 399, 10.239, 113.111, 0.000
N, 400, 11.946, 114.884, 0.000
N, 401, 10.922, 115.870, 0.000
N, 402, 12.629, 117.643, 0.000
N, 403, 11.263, 117.249, 0.000
N, 404, 12.970, 119.023, 0.000
N, 405, 11.946, 120.008, 0.000
N, 406, 13.653, 121.781, 0.000
N, 407, 12.287, 121.387, 0.000
N, 408, 13.994, 123.161, 0.000
N, 409, 12.970, 124.146, 0.000
N, 410, 14.676, 125.920, 0.000
N, 411, 13.311, 125.526, 0.000
N, 412, 15.018, 127.299, 0.000
N, 413, 13.994, 128.284, 0.000
N, 414, 15.700, 130.058, 0.000
N, 415, 14.335, 129.664, 0.000
N, 416, 16.042, 131.437, 0.000
N, 417, 15.018, 132.423, 0.000
N, 418, 16.724, 134.196, 0.000
N, 419, 15.359, 133.802, 0.000
N, 420, 17.066, 135.575, 0.000
N, 421, 16.042, 136.561, 0.000
N, 422, 17.748, 138.334, 0.000
N, 423, 16.383, 137.940, 0.000
N, 424, 18.090, 139.714, 0.000
N, 425, 17.066, 140.699, 0.000
N, 426, 18.772, 142.472, 0.000
N, 427, 17.407, 142.078, 0.000
N, 428, 19.114, 143.852, 0.000
N, 429, 18.090, 144.837, 0.000
N, 430, 19.796, 146.611, 0.000
N, 431, 18.431, 146.217, 0.000
N, 432, 20.137, 147.990, 0.000
N, 433, 19.114, 148.975, 0.000
N, 434, 20.820, 150.749, 0.000
N, 435, 19.455, 150.355, 0.000
N, 436, 21.161, 152.128, 0.000
N, 437, 20.137, 153.114, 0.000
N, 438, 21.844, 154.887, 0.000
N, 439, 20.479, 154.493, 0.000
N, 440, 22.185, 156.266, 0.000
N, 441, 21.161, 157.252, 0.000
N, 442, 22.868, 159.025, 0.000
N, 443, 21.503, 158.631, 0.000
N, 444, 0.000, 56.358, 0.000
N, 445, 0.683, 59.117, 0.000
N, 446, 1.024, 60.497, 0.000
N, 447, 0.000, 61.482, 0.000
N, 448, 1.707, 63.255, 0.000
N, 449, 0.341, 62.861, 0.000
N, 450, 2.048, 64.635, 0.000
N, 451, 1.024, 65.620, 0.000
N, 452, 2.731, 67.394, 0.000
N, 453, 1.365, 66.999, 0.000
N, 454, 3.072, 68.773, 0.000
N, 455, 2.048, 69.758, 0.000
N, 456, 3.754, 71.532, 0.000
N, 457, 2.389, 71.138, 0.000
N, 458, 4.096, 72.911, 0.000
N, 459, 3.072, 73.896, 0.000
N, 460, 4.778, 75.670, 0.000
N, 461, 3.413, 75.276, 0.000
N, 462, 5.120, 77.049, 0.000
N, 463, 4.096, 78.035, 0.000
N, 464, 5.802, 79.808, 0.000
N, 465, 4.437, 79.414, 0.000
N, 466, 6.144, 81.188, 0.000
N, 467, 5.120, 82.173, 0.000
N, 468, 6.826, 83.946, 0.000
N, 469, 5.461, 83.552, 0.000
N, 470, 7.168, 85.326, 0.000
N, 471, 6.144, 86.311, 0.000
N, 472, 7.850, 88.085, 0.000
N, 473, 6.485, 87.690, 0.000
N, 474, 8.192, 89.464, 0.000
N, 475, 7.168, 90.449, 0.000
N, 476, 8.874, 92.223, 0.000
N, 477, 7.509, 91.829, 0.000
N, 478, 9.215, 93.602, 0.000
N, 479, 8.192, 94.587, 0.000
N, 480, 9.898, 96.361, 0.000
N, 481, 8.533, 95.967, 0.000
N, 482, 10.239, 97.740, 0.000
N, 483, 9.215, 98.726, 0.000
N, 484, 10.922, 100.499, 0.000
N, 485, 9.557, 100.105, 0.000
N, 486, 11.263, 101.879, 0.000
N, 487, 10.239, 102.864, 0.000
N, 488, 11.946, 104.637, 0.000
N, 489, 10.581, 104.243, 0.000
N, 490, 12.287, 106.017, 0.000
N, 491, 11.263, 107.002, 0.000
N, 492, 12.970, 108.776, 0.000
N, 493, 11.605, 108.382, 0.000
N, 494, 13.311, 110.155, 0.000
N, 495, 12.287, 111.140, 0.000
N, 496, 13.994, 112.914, 0.000
N, 497, 12.629, 112.520, 0.000
N, 498, 14.335, 114.293, 0.000
N, 499, 13.311, 115.279, 0.000
N, 500, 15.018, 117.052, 0.000
N, 501, 13.653, 116.658, 0.000
N, 502, 15.359, 118.431, 0.000
N, 503, 14.335, 119.417, 0.000
N, 504, 16.042, 121.190, 0.000
N, 505, 14.676, 120.796, 0.000
N, 506, 16.383, 122.570, 0.000
N, 507, 15.359, 123.555, 0.000
N, 508, 17.066, 125.328, 0.000
N, 509, 15.700, 124.934, 0.000
N, 510, 17.407, 126.708, 0.000
N, 511, 16.383, 127.693, 0.000
N, 512, 18.090, 129.467, 0.000
N, 513, 16.724, 129.073, 0.000
N, 514, 18.431, 130.846, 0.000
N, 515, 17.407, 131.831, 0.000
N, 516, 19.114, 133.605, 0.000
N, 517, 17.748, 133.211, 0.000
N, 518, 19.455, 134.984, 0.000
N, 519, 18.431, 135.970, 0.000
N, 520, 20.137, 137.743, 0.000
N, 521, 18.772, 137.349, 0.000
N, 522, 20.479, 139.122, 0.000
N, 523, 19.455, 140.108, 0.000
N, 524, 21.161, 141.881, 0.000
N, 525, 19.796, 141.487, 0.000
N, 526, 21.503, 143.261, 0.000
N, 527, 20.479, 144.246, 0.000
N, 528, 22.185, 146.019, 0.000
N, 529, 20.820, 145.625, 0.000
N, 530, 22.527, 147.399, 0.000
N, 531, 21.503, 148.384, 0.000
N, 532, 23.209, 150.158, 0.000
N, 533, 21.844, 149.764, 0.000
N, 534, 23.551, 151.537, 0.000
N, 535, 22.527, 152.522, 0.000
N, 536, 24.233, 154.296, 0.000
N, 537, 22.868, 153.902, 0.000
N, 538, 24.575, 155.675, 0.000
N, 539, 23.551, 156.661, 0.000
N, 540, 25.257, 158.434, 0.000
N, 541, 23.892, 158.040, 0.000
N, 542, 25.598, 159.813, 0.000
N, 543, 0.000, 46.111, 0.000
N, 544, 0.341, 47.491, 0.000
N, 545, 1.024, 50.250, 0.000
N, 546, 1.365, 51.629, 0.000
N, 547, 0.341, 52.614, 0.000
N, 548, 2.048, 54.388, 0.000
N, 549, 0.683, 53.994, 0.000
N, 550, 2.389, 55.767, 0.000
N, 551, 1.365, 56.752, 0.000
N, 552, 3.072, 58.526, 0.000
N, 553, 1.707, 58.132, 0.000
N, 554, 3.413, 59.905, 0.000
N, 555, 2.389, 60.891, 0.000
N, 556, 4.096, 62.664, 0.000
N, 557, 2.731, 62.270, 0.000
N, 558, 4.437, 64.044, 0.000
N, 559, 3.413, 65.029, 0.000
N, 560, 5.120, 66.802, 0.000
N, 561, 3.754, 66.408, 0.000
N, 562, 5.461, 68.182, 0.000
N, 563, 4.437, 69.167, 0.000
N, 564, 6.144, 70.941, 0.000
N, 565, 4.778, 70.546, 0.000
N, 566, 6.485, 72.320, 0.000
N, 567, 5.461, 73.305, 0.000
N, 568, 7.168, 75.079, 0.000
N, 569, 5.802, 74.685, 0.000
N, 570, 7.509, 76.458, 0.000
N, 571, 6.485, 77.444, 0.000
N, 572, 8.192, 79.217, 0.000
N, 573, 6.826, 78.823, 0.000
N, 574, 8.533, 80.596, 0.000
N, 575, 7.509, 81.582, 0.000
N, 576, 9.215, 83.355, 0.000
N, 577, 7.850, 82.961, 0.000
N, 578, 9.557, 84.735, 0.000
N, 579, 8.533, 85.720, 0.000
N, 580, 10.239, 87.493, 0.000
N, 581, 8.874, 87.099, 0.000
N, 582, 10.581, 88.873, 0.000
N, 583, 9.557, 89.858, 0.000
N, 584, 11.263, 91.632, 0.000
N, 585, 9.898, 91.238, 0.000
N, 586, 11.605, 93.011, 0.000
N, 587, 10.581, 93.996, 0.000
N, 588, 12.287, 95.770, 0.000
N, 589, 10.922, 95.376, 0.000
N, 590, 12.629, 97.149, 0.000
N, 591, 11.605, 98.135, 0.000
N, 592, 13.311, 99.908, 0.000
N, 593, 11.946, 99.514, 0.000
N, 594, 13.653, 101.287, 0.000
N, 595, 12.629, 102.273, 0.000
N, 596, 14.335, 104.046, 0.000
N, 597, 12.970, 103.652, 0.000
N, 598, 14.676, 105.426, 0.000
N, 599, 13.653, 106.411, 0.000
N, 600, 15.359, 108.184, 0.000
N, 601, 13.994, 107.790, 0.000
N, 602, 15.700, 109.564, 0.000
N, 603, 14.676, 110.549, 0.000
N, 604, 16.383, 112.323, 0.000
N, 605, 15.018, 111.929, 0.000
N, 606, 16.724, 113.702, 0.000
N, 607, 15.700, 114.687, 0.000
N, 608, 17.407, 116.461, 0.000
N, 609, 16.042, 116.067, 0.000
N, 610, 17.748, 117.840, 0.000
N, 611, 16.724, 118.826, 0.000
N, 612, 18.431, 120.599, 0.000
N, 613, 17.066, 120.205, 0.000
N, 614, 18.772, 121.978, 0.000
N, 615, 17.748, 122.964, 0.000
N, 616, 19.455, 124.737, 0.000
N, 617, 18.090, 124.343, 0.000
N, 618, 19.796, 126.117, 0.000
N, 619, 18.772, 127.102, 0.000
N, 620, 20.479, 128.875, 0.000
N, 621, 19.114, 128.481, 0.000
N, 622, 20.820, 130.255, 0.000
N, 623, 19.796, 131.240, 0.000
N, 624, 21.503, 133.014, 0.000
N, 625, 20.137, 132.620, 0.000
N, 626, 21.844, 134.393, 0.000
N, 627, 20.820, 135.378, 0.000
N, 628, 22.527, 137.152, 0.000
N, 629, 21.161, 136.758, 0.000
N, 630, 22.868, 138.531, 0.000
N, 631, 21.844, 139.517, 0.000
N, 632, 23.551, 141.290, 0.000
N, 633, 22.185, 140.896, 0.000
N, 634, 23.892, 142.669, 0.000
N, 635, 22.868, 143.655, 0.000
N, 636, 24.575, 145.428, 0.000
N, 637, 23.209, 145.034, 0.000
N, 638, 24.916, 146.808, 0.000
N, 639, 23.892, 147.793, 0.000
N, 640, 25.598, 149.567, 0.000
N, 641, 24.233, 149.172, 0.000
N, 642, 25.940, 150.946, 0.000
N, 643, 24.916, 151.931, 0.000
N, 644, 26.622, 153.705, 0.000
N, 645, 25.257, 153.311, 0.000
N, 646, 26.964, 155.084, 0.000
N, 647, 25.940, 156.069, 0.000
N, 648, 27.646, 157.843, 0.000
N, 649, 26.281, 157.449, 0.000
N, 650, 27.988, 159.222, 0.000
N, 651, 26.964, 160.208, 0.000
N, 652, 0.341, 37.244, 0.000
N, 653, 0.683, 38.623, 0.000
N, 654, 1.365, 41.382, 0.000
N, 655, 0.000, 40.988, 0.000
N, 656, 1.707, 42.761, 0.000
N, 657, 0.683, 43.747, 0.000
N, 658, 2.389, 45.520, 0.000
N, 659, 1.024, 45.126, 0.000
N, 660, 2.731, 46.900, 0.000
N, 661, 1.707, 47.885, 0.000
N, 662, 3.413, 49.658, 0.000
N, 663, 2.048, 49.264, 0.000
N, 664, 3.754, 51.038, 0.000
N, 665, 2.731, 52.023, 0.000
N, 666, 4.437, 53.797, 0.000
N, 667, 3.072, 53.403, 0.000
N, 668, 4.778, 55.176, 0.000
N, 669, 3.754, 56.161, 0.000
N, 670, 5.461, 57.935, 0.000
N, 671, 4.096, 57.541, 0.000
N, 672, 5.802, 59.314, 0.000
N, 673, 4.778, 60.300, 0.000
N, 674, 6.485, 62.073, 0.000
N, 675, 5.120, 61.679, 0.000
N, 676, 6.826, 63.452, 0.000
N, 677, 5.802, 64.438, 0.000
N, 678, 7.509, 66.211, 0.000
N, 679, 6.144, 65.817, 0.000
N, 680, 7.850, 67.591, 0.000
N, 681, 6.826, 68.576, 0.000
N, 682, 8.533, 70.349, 0.000
N, 683, 7.168, 69.955, 0.000
N, 684, 8.874, 71.729, 0.000
N, 685, 7.850, 72.714, 0.000
N, 686, 9.557, 74.488, 0.000
N, 687, 8.192, 74.094, 0.000
N, 688, 9.898, 75.867, 0.000
N, 689, 8.874, 76.852, 0.000
N, 690, 10.581, 78.626, 0.000
N, 691, 9.215, 78.232, 0.000
N, 692, 10.922, 80.005, 0.000
N, 693, 9.898, 80.991, 0.000
N, 694, 11.605, 82.764, 0.000
N, 695, 10.239, 82.370, 0.000
N, 696, 11.946, 84.143, 0.000
N, 697, 10.922, 85.129, 0.000
N, 698, 12.629, 86.902, 0.000
N, 699, 11.263, 86.508, 0.000
N, 700, 12.970, 88.282, 0.000
N, 701, 11.946, 89.267, 0.000
N, 702, 13.653, 91.040, 0.000
N, 703, 12.287, 90.646, 0.000
N, 704, 13.994, 92.420, 0.000
N, 705, 12.970, 93.405, 0.000
N, 706, 14.676, 95.179, 0.000
N, 707, 13.311, 94.785, 0.000
N, 708, 15.018, 96.558, 0.000
N, 709, 13.994, 97.543, 0.000
N, 710, 15.700, 99.317, 0.000
N, 711, 14.335, 98.923, 0.000
N, 712, 16.042, 100.696, 0.000
N, 713, 15.018, 101.682, 0.000
N, 714, 16.724, 103.455, 0.000
N, 715, 15.359, 103.061, 0.000
N, 716, 17.066, 104.834, 0.000
N, 717, 16.042, 105.820, 0.000
N, 718, 17.748, 107.593, 0.000
N, 719, 16.383, 107.199, 0.000
N, 720, 18.090, 108.973, 0.000
N, 721, 17.066, 109.958, 0.000
N, 722, 18.772, 111.732, 0.000
N, 723, 17.407, 111.337, 0.000
N, 724, 19.114, 113.111, 0.000
N, 725, 18.090, 114.096, 0.000
N, 726, 19.796, 115.870, 0.000
N, 727, 18.431, 115.476, 0.000
N, 728, 20.137, 117.249, 0.000
N, 729, 19.114, 118.234, 0.000
N, 730, 20.820, 120.008, 0.000
N, 731, 19.455, 119.614, 0.000
N, 732, 21.161, 121.387, 0.000
N, 733, 20.137, 122.373, 0.000
N, 734, 21.844, 124.146, 0.000
N, 735, 20.479, 123.752, 0.000
N, 736, 22.185, 125.526, 0.000
N, 737, 21.161, 126.511, 0.000
N, 738, 22.868, 128.284, 0.000
N, 739, 21.503, 127.890, 0.000
N, 740, 23.209, 129.664, 0.000
N, 741, 22.185, 130.649, 0.000
N, 742, 23.892, 132.423, 0.000
N, 743, 22.527, 132.028, 0.000
N, 744, 24.233, 133.802, 0.000
N, 745, 23.209, 134.787, 0.000
N, 746, 24.916, 136.561, 0.000
N, 747, 23.551, 136.167, 0.000
N, 748, 25.257, 137.940, 0.000
N, 749, 24.233, 138.925, 0.000
N, 750, 25.940, 140.699, 0.000
N, 751, 24.575, 140.305, 0.000
N, 752, 26.281, 142.078, 0.000
N, 753, 25.257, 143.064, 0.000
N, 754, 26.964, 144.837, 0.000
N, 755, 25.598, 144.443, 0.000
N, 756, 27.305, 146.217, 0.000
N, 757, 26.281, 147.202, 0.000
N, 758, 27.988, 148.975, 0.000
N, 759, 26.622, 148.581, 0.000
N, 760, 28.329, 150.355, 0.000
N, 761, 27.305, 151.340, 0.000
N, 762, 29.012, 153.114, 0.000
N, 763, 27.646, 152.719, 0.000
N, 764, 29.353, 154.493, 0.000
N, 765, 28.329, 155.478, 0.000
N, 766, 30.036, 157.252, 0.000
N, 767, 28.670, 156.858, 0.000
N, 768, 30.377, 158.631, 0.000
N, 769, 29.353, 159.616, 0.000
N, 770, 0.000, 25.617, 0.000
N, 771, 0.683, 28.376, 0.000
N, 772, 1.024, 29.756, 0.000
N, 773, 0.000, 30.741, 0.000
N, 774, 1.707, 32.514, 0.000
N, 775, 0.341, 32.120, 0.000
N, 776, 2.048, 33.894, 0.000
N, 777, 1.024, 34.879, 0.000
N, 778, 2.731, 36.653, 0.000
N, 779, 1.365, 36.259, 0.000
N, 780, 3.072, 38.032, 0.000
N, 781, 2.048, 39.017, 0.000
N, 782, 3.754, 40.791, 0.000
N, 783, 2.389, 40.397, 0.000
N, 784, 4.096, 42.170, 0.000
N, 785, 3.072, 43.156, 0.000
N, 786, 4.778, 44.929, 0.000
N, 787, 3.413, 44.535, 0.000
N, 788, 5.120, 46.308, 0.000
N, 789, 4.096, 47.294, 0.000
N, 790, 5.802, 49.067, 0.000
N, 791, 4.437, 48.673, 0.000
N, 792, 6.144, 50.447, 0.000
N, 793, 5.120, 51.432, 0.000
N, 794, 6.826, 53.205, 0.000
N, 795, 5.461, 52.811, 0.000
N, 796, 7.168, 54.585, 0.000
N, 797, 6.144, 55.570, 0.000
N, 798, 7.850, 57.344, 0.000
N, 799, 6.485, 56.950, 0.000
N, 800, 8.192, 58.723, 0.000
N, 801, 7.168, 59.708, 0.000
N, 802, 8.874, 61.482, 0.000
N, 803, 7.509, 61.088, 0.000
N, 804, 9.215, 62.861, 0.000
N, 805, 8.192, 63.847, 0.000
N, 806, 9.898, 65.620, 0.000
N, 807, 8.533, 65.226, 0.000
N, 808, 10.239, 66.999, 0.000
N, 809, 9.215, 67.985, 0.000
N, 810, 10.922, 69.758, 0.000
N, 811, 9.557, 69.364, 0.000
N, 812, 11.263, 71.138, 0.000
N, 813, 10.239, 72.123, 0.000
N, 814, 11.946, 73.896, 0.000
N, 815, 10.581, 73.502, 0.000
N, 816, 12.287, 75.276, 0.000
N, 817, 11.263, 76.261, 0.000
N, 818, 12.970, 78.035, 0.000
N, 819, 11.605, 77.641, 0.000
N, 820, 13.311, 79.414, 0.000
N, 821, 12.287, 80.399, 0.000
N, 822, 13.994, 82.173, 0.000
N, 823, 12.629, 81.779, 0.000
N, 824, 14.335, 83.552, 0.000
N, 825, 13.311, 84.538, 0.000
N, 826, 15.018, 86.311, 0.000
N, 827, 13.653, 85.917, 0.000
N, 828, 15.359, 87.690, 0.000
N, 829, 14.335, 88.676, 0.000
N, 830, 16.042, 90.449, 0.000
N, 831, 14.676, 90.055, 0.000
N, 832, 16.383, 91.829, 0.000
N, 833, 15.359, 92.814, 0.000
N, 834, 17.066, 94.587, 0.000
N, 835, 15.700, 94.193, 0.000
N, 836, 17.407, 95.967, 0.000
N, 837, 16.383, 96.952, 0.000
N, 838, 18.090, 98.726, 0.000
N, 839, 16.724, 98.332, 0.000
N, 840, 18.431, 100.105, 0.000
N, 841, 17.407, 101.090, 0.000
N, 842, 19.114, 102.864, 0.000
N, 843, 17.748, 102.470, 0.000
N, 844, 19.455, 104.243, 0.000
N, 845, 18.431, 105.229, 0.000
N, 846, 20.137, 107.002, 0.000
N, 847, 18.772, 106.608, 0.000
N, 848, 20.479, 108.382, 0.000
N, 849, 19.455, 109.367, 0.000
N, 850, 21.161, 111.140, 0.000
N, 851, 19.796, 110.746, 0.000
N, 852, 21.503, 112.520, 0.000
N, 853, 20.479, 113.505, 0.000
N, 854, 22.185, 115.279, 0.000
N, 855, 20.820, 114.884, 0.000
N, 856, 22.527, 116.658, 0.000
N, 857, 21.503, 117.643, 0.000
N, 858, 23.209, 119.417, 0.000
N, 859, 21.844, 119.023, 0.000
N, 860, 23.551, 120.796, 0.000
N, 861, 22.527, 121.781, 0.000
N, 862, 24.233, 123.555, 0.000
N, 863, 22.868, 123.161, 0.000
N, 864, 24.575, 124.934, 0.000
N, 865, 23.551, 125.920, 0.000
N, 866, 25.257, 127.693, 0.000
N, 867, 23.892, 127.299, 0.000
N, 868, 25.598, 129.073, 0.000
N, 869, 24.575, 130.058, 0.000
N, 870, 26.281, 131.831, 0.000
N, 871, 24.916, 131.437, 0.000
N, 872, 26.622, 133.211, 0.000
N, 873, 25.598, 134.196, 0.000
N, 874, 27.305, 135.970, 0.000
N, 875, 25.940, 135.575, 0.000
N, 876, 27.646, 137.349, 0.000
N, 877, 26.622, 138.334, 0.000
N, 878, 28.329, 140.108, 0.000
N, 879, 26.964, 139.714, 0.000
N, 880, 28.670, 141.487, 0.000
N, 881, 27.646, 142.472, 0.000
N, 882, 29.353, 144.246, 0.000
N, 883, 27.988, 143.852, 0.000
N, 884, 29.694, 145.625, 0.000
N, 885, 28.670, 146.611, 0.000
N, 886, 30.377, 148.384, 0.000
N, 887, 29.012, 147.990, 0.000
N, 888, 30.718, 149.764, 0.000
N, 889, 29.694, 150.749, 0.000
N, 890, 31.401, 152.522, 0.000
N, 891, 30.036, 152.128, 0.000
N, 892, 31.742, 153.902, 0.000
N, 893, 30.718, 154.887, 0.000
N, 894, 32.425, 156.661, 0.000
N, 895, 31.060, 156.266, 0.000
N, 896, 32.766, 158.040, 0.000
N, 897, 31.742, 159.025, 0.000
N, 898, 0.000, 15.370, 0.000
N, 899, 0.341, 16.750, 0.000
N, 900, 1.024, 19.509, 0.000
N, 901, 1.365, 20.888, 0.000
N, 902, 0.341, 21.873, 0.000
N, 903, 2.048, 23.647, 0.000
N, 904, 0.683, 23.253, 0.000
N, 905, 2.389, 25.026, 0.000
N, 906, 1.365, 26.012, 0.000
N, 907, 3.072, 27.785, 0.000
N, 908, 1.707, 27.391, 0.000
N, 909, 3.413, 29.164, 0.000
N, 910, 2.389, 30.150, 0.000
N, 911, 4.096, 31.923, 0.000
N, 912, 2.731, 31.529, 0.000
N, 913, 4.437, 33.303, 0.000
N, 914, 3.413, 34.288, 0.000
N, 915, 5.120, 36.061, 0.000
N, 916, 3.754, 35.667, 0.000
N, 917, 5.461, 37.441, 0.000
N, 918, 4.437, 38.426, 0.000
N, 919, 6.144, 40.200, 0.000
N, 920, 4.778, 39.806, 0.000
N, 921, 6.485, 41.579, 0.000
N, 922, 5.461, 42.564, 0.000
N, 923, 7.168, 44.338, 0.000
N, 924, 5.802, 43.944, 0.000
N, 925, 7.509, 45.717, 0.000
N, 926, 6.485, 46.703, 0.000
N, 927, 8.192, 48.476, 0.000
N, 928, 6.826, 48.082, 0.000
N, 929, 8.533, 49.855, 0.000
N, 930, 7.509, 50.841, 0.000
N, 931, 9.215, 52.614, 0.000
N, 932, 7.850, 52.220, 0.000
N, 933, 9.557, 53.994, 0.000
N, 934, 8.533, 54.979, 0.000
N, 935, 10.239, 56.752, 0.000
N, 936, 8.874, 56.358, 0.000
N, 937, 10.581, 58.132, 0.000
N, 938, 9.557, 59.117, 0.000
N, 939, 11.263, 60.891, 0.000
N, 940, 9.898, 60.497, 0.000
N, 941, 11.605, 62.270, 0.000
N, 942, 10.581, 63.255, 0.000
N, 943, 12.287, 65.029, 0.000
N, 944, 10.922, 64.635, 0.000
N, 945, 12.629, 66.408, 0.000
N, 946, 11.605, 67.394, 0.000
N, 947, 13.311, 69.167, 0.000
N, 948, 11.946, 68.773, 0.000
N, 949, 13.653, 70.546, 0.000
N, 950, 12.629, 71.532, 0.000
N, 951, 14.335, 73.305, 0.000
N, 952, 12.970, 72.911, 0.000
N, 953, 14.676, 74.685, 0.000
N, 954, 13.653, 75.670, 0.000
N, 955, 15.359, 77.444, 0.000
N, 956, 13.994, 77.049, 0.000
N, 957, 15.700, 78.823, 0.000
N, 958, 14.676, 79.808, 0.000
N, 959, 16.383, 81.582, 0.000
N, 960, 15.018, 81.188, 0.000
N, 961, 16.724, 82.961, 0.000
N, 962, 15.700, 83.946, 0.000
N, 963, 17.407, 85.720, 0.000
N, 964, 16.042, 85.326, 0.000
N, 965, 17.748, 87.099, 0.000
N, 966, 16.724, 88.085, 0.000
N, 967, 18.431, 89.858, 0.000
N, 968, 17.066, 89.464, 0.000
N, 969, 18.772, 91.238, 0.000
N, 970, 17.748, 92.223, 0.000
N, 971, 19.455, 93.996, 0.000
N, 972, 18.090, 93.602, 0.000
N, 973, 19.796, 95.376, 0.000
N, 974, 18.772, 96.361, 0.000
N, 975, 20.479, 98.135, 0.000
N, 976, 19.114, 97.740, 0.000
N, 977, 20.820, 99.514, 0.000
N, 978, 19.796, 100.499, 0.000
N, 979, 21.503, 102.273, 0.000
N, 980, 20.137, 101.879, 0.000
N, 981, 21.844, 103.652, 0.000
N, 982, 20.820, 104.637, 0.000
N, 983, 22.527, 106.411, 0.000
N, 984, 21.161, 106.017, 0.000
N, 985, 22.868, 107.790, 0.000
N, 986, 21.844, 108.776, 0.000
N, 987, 23.551, 110.549, 0.000
N, 988, 22.185, 110.155, 0.000
N, 989, 23.892, 111.929, 0.000
N, 990, 22.868, 112.914, 0.000
N, 991, 24.575, 114.687, 0.000
N, 992, 23.209, 114.293, 0.000
N, 993, 24.916, 116.067, 0.000
N, 994, 23.892, 117.052, 0.000
N, 995, 25.598, 118.826, 0.000
N, 996, 24.233, 118.431, 0.000
N, 997, 25.940, 120.205, 0.000
N, 998, 24.916, 121.190, 0.000
N, 999, 26.622, 122.964, 0.000
N, 1000, 25.257, 122.570, 0.000
N, 1001, 26.964, 124.343, 0.000
N, 1002, 25.940, 125.328, 0.000
N, 1003, 27.646, 127.102, 0.000
N, 1004, 26.281, 126.708, 0.000
N, 1005, 27.988, 128.481, 0.000
N, 1006, 26.964, 129.467, 0.000
N, 1007, 28.670, 131.240, 0.000
N, 1008, 27.305, 130.846, 0.000
N, 1009, 29.012, 132.620, 0.000
N, 1010, 27.988, 133.605, 0.000
N, 1011, 29.694, 135.378, 0.000
N, 1012, 28.329, 134.984, 0.000
N, 1013, 30.036, 136.758, 0.000
N, 1014, 29.012, 137.743, 0.000
N, 1015, 30.718, 139.517, 0.000
N, 1016, 29.353, 139.122, 0.000
N, 1017, 31.060, 140.896, 0.000
N, 1018, 30.036, 141.881, 0.000
N, 1019, 31.742, 143.655, 0.000
N, 1020, 30.377, 143.261, 0.000
N, 1021, 32.083, 145.034, 0.000
N, 1022, 31.060, 146.019, 0.000
N, 1023, 32.766, 147.793, 0.000
N, 1024, 31.401, 147.399, 0.000
N, 1025, 33.107, 149.172, 0.000
N, 1026, 32.083, 150.158, 0.000
N, 1027, 33.790, 151.931, 0.000
N, 1028, 32.425, 151.537, 0.000
N, 1029, 34.131, 153.311, 0.000
N, 1030, 33.107, 154.296, 0.000
N, 1031, 34.814, 156.069, 0.000
N, 1032, 33.449, 155.675, 0.000
N, 1033, 35.155, 157.449, 0.000
N, 1034, 34.131, 158.434, 0.000
N, 1035, 34.473, 159.813, 0.000
N, 1036, 0.341, 6.503, 0.000
N, 1037, 0.683, 7.882, 0.000
N, 1038, 1.365, 10.641, 0.000
N, 1039, 0.000, 10.247, 0.000
N, 1040, 1.707, 12.020, 0.000
N, 1041, 0.683, 13.006, 0.000
N, 1042, 2.389, 14.779, 0.000
N, 1043, 1.024, 14.385, 0.000
N, 1044, 2.731, 16.159, 0.000
N, 1045, 1.707, 17.144, 0.000
N, 1046, 3.413, 18.918, 0.000
N, 1047, 2.048, 18.523, 0.000
N, 1048, 3.754, 20.297, 0.000
N, 1049, 2.731, 21.282, 0.000
N, 1050, 4.437, 23.056, 0.000
N, 1051, 3.072, 22.662, 0.000
N, 1052, 4.778, 24.435, 0.000
N, 1053, 3.754, 25.420, 0.000
N, 1054, 5.461, 27.194, 0.000
N, 1055, 4.096, 26.800, 0.000
N, 1056, 5.802, 28.573, 0.000
N, 1057, 4.778, 29.559, 0.000
N, 1058, 6.485, 31.332, 0.000
N, 1059, 5.120, 30.938, 0.000
N, 1060, 6.826, 32.712, 0.000
N, 1061, 5.802, 33.697, 0.000
N, 1062, 7.509, 35.470, 0.000
N, 1063, 6.144, 35.076, 0.000
N, 1064, 7.850, 36.850, 0.000
N, 1065, 6.826, 37.835, 0.000
N, 1066, 8.533, 39.609, 0.000
N, 1067, 7.168, 39.214, 0.000
N, 1068, 8.874, 40.988, 0.000
N, 1069, 7.850, 41.973, 0.000
N, 1070, 9.557, 43.747, 0.000
N, 1071, 8.192, 43.353, 0.000
N, 1072, 9.898, 45.126, 0.000
N, 1073, 8.874, 46.111, 0.000
N, 1074, 10.581, 47.885, 0.000
N, 1075, 9.215, 47.491, 0.000
N, 1076, 10.922, 49.264, 0.000
N, 1077, 9.898, 50.250, 0.000
N, 1078, 11.605, 52.023, 0.000
N, 1079, 10.239, 51.629, 0.000
N, 1080, 11.946, 53.403, 0.000
N, 1081, 10.922, 54.388, 0.000
N, 1082, 12.629, 56.161, 0.000
N, 1083, 11.263, 55.767, 0.000
N, 1084, 12.970, 57.541, 0.000
N, 1085, 11.946, 58.526, 0.000
N, 1086, 13.653, 60.300, 0.000
N, 1087, 12.287, 59.905, 0.000
N, 1088, 13.994, 61.679, 0.000
N, 1089, 12.970, 62.664, 0.000
N, 1090, 14.676, 64.438, 0.000
N, 1091, 13.311, 64.044, 0.000
N, 1092, 15.018, 65.817, 0.000
N, 1093, 13.994, 66.802, 0.000
N, 1094, 15.700, 68.576, 0.000
N, 1095, 14.335, 68.182, 0.000
N, 1096, 16.042, 69.955, 0.000
N, 1097, 15.018, 70.941, 0.000
N, 1098, 16.724, 72.714, 0.000
N, 1099, 15.359, 72.320, 0.000
N, 1100, 17.066, 74.094, 0.000
N, 1101, 16.042, 75.079, 0.000
N, 1102, 17.748, 76.852, 0.000
N, 1103, 16.383, 76.458, 0.000
N, 1104, 18.090, 78.232, 0.000
N, 1105, 17.066, 79.217, 0.000
N, 1106, 18.772, 80.991, 0.000
N, 1107, 17.407, 80.596, 0.000
N, 1108, 19.114, 82.370, 0.000
N, 1109, 18.090, 83.355, 0.000
N, 1110, 19.796, 85.129, 0.000
N, 1111, 18.431, 84.735, 0.000
N, 1112, 20.137, 86.508, 0.000
N, 1113, 19.114, 87.493, 0.000
N, 1114, 20.820, 89.267, 0.000
N, 1115, 19.455, 88.873, 0.000
N, 1116, 21.161, 90.646, 0.000
N, 1117, 20.137, 91.632, 0.000
N, 1118, 21.844, 93.405, 0.000
N, 1119, 20.479, 93.011, 0.000
N, 1120, 22.185, 94.785, 0.000
N, 1121, 21.161, 95.770, 0.000
N, 1122, 22.868, 97.543, 0.000
N, 1123, 21.503, 97.149, 0.000
N, 1124, 23.209, 98.923, 0.000
N, 1125, 22.185, 99.908, 0.000
N, 1126, 23.892, 101.682, 0.000
N, 1127, 22.527, 101.287, 0.000
N, 1128, 24.233, 103.061, 0.000
N, 1129, 23.209, 104.046, 0.000
N, 1130, 24.916, 105.820, 0.000
N, 1131, 23.551, 105.426, 0.000
N, 1132, 25.257, 107.199, 0.000
N, 1133, 24.233, 108.184, 0.000
N, 1134, 25.940, 109.958, 0.000
N, 1135, 24.575, 109.564, 0.000
N, 1136, 26.281, 111.337, 0.000
N, 1137, 25.257, 112.323, 0.000
N, 1138, 26.964, 114.096, 0.000
N, 1139, 25.598, 113.702, 0.000
N, 1140, 27.305, 115.476, 0.000
N, 1141, 26.281, 116.461, 0.000
N, 1142, 27.988, 118.234, 0.000
N, 1143, 26.622, 117.840, 0.000
N, 1144, 28.329, 119.614, 0.000
N, 1145, 27.305, 120.599, 0.000
N, 1146, 29.012, 122.373, 0.000
N, 1147, 27.646, 121.978, 0.000
N, 1148, 29.353, 123.752, 0.000
N, 1149, 28.329, 124.737, 0.000
N, 1150, 30.036, 126.511, 0.000
N, 1151, 28.670, 126.117, 0.000
N, 1152, 30.377, 127.890, 0.000
N, 1153, 29.353, 128.875, 0.000
N, 1154, 31.060, 130.649, 0.000
N, 1155, 29.694, 130.255, 0.000
N, 1156, 31.401, 132.028, 0.000
N, 1157, 30.377, 133.014, 0.000
N, 1158, 32.083, 134.787, 0.000
N, 1159, 30.718, 134.393, 0.000
N, 1160, 32.425, 136.167, 0.000
N, 1161, 31.401, 137.152, 0.000
N, 1162, 33.107, 138.925, 0.000
N, 1163, 31.742, 138.531, 0.000
N, 1164, 33.449, 140.305, 0.000
N, 1165, 32.425, 141.290, 0.000
N, 1166, 34.131, 143.064, 0.000
N, 1167, 32.766, 142.669, 0.000
N, 1168, 34.473, 144.443, 0.000
N, 1169, 33.449, 145.428, 0.000
N, 1170, 35.155, 147.202, 0.000
N, 1171, 33.790, 146.808, 0.000
N, 1172, 34.473, 149.567, 0.000
N, 1173, 34.814, 150.946, 0.000
N, 1174, 0.000, 0.000, 0.000
N, 1175, 1.707, 1.774, 0.000
N, 1176, 0.341, 1.379, 0.000
N, 1177, 2.048, 3.153, 0.000
N, 1178, 1.024, 4.138, 0.000
N, 1179, 2.731, 5.912, 0.000
N, 1180, 1.365, 5.518, 0.000
N, 1181, 3.072, 7.291, 0.000
N, 1182, 2.048, 8.276, 0.000
N, 1183, 3.754, 10.050, 0.000
N, 1184, 2.389, 9.656, 0.000
N, 1185, 4.096, 11.429, 0.000
N, 1186, 3.072, 12.415, 0.000
N, 1187, 4.778, 14.188, 0.000
N, 1188, 3.413, 13.794, 0.000
N, 1189, 5.120, 15.568, 0.000
N, 1190, 4.096, 16.553, 0.000
N, 1191, 5.802, 18.326, 0.000
N, 1192, 4.437, 17.932, 0.000
N, 1193, 6.144, 19.706, 0.000
N, 1194, 5.120, 20.691, 0.000
N, 1195, 6.826, 22.465, 0.000
N, 1196, 5.461, 22.070, 0.000
N, 1197, 7.168, 23.844, 0.000
N, 1198, 6.144, 24.829, 0.000
N, 1199, 7.850, 26.603, 0.000
N, 1200, 6.485, 26.209, 0.000
N, 1201, 8.192, 27.982, 0.000
N, 1202, 7.168, 28.967, 0.000
N, 1203, 8.874, 30.741, 0.000
N, 1204, 7.509, 30.347, 0.000
N, 1205, 9.215, 32.120, 0.000
N, 1206, 8.192, 33.106, 0.000
N, 1207, 9.898, 34.879, 0.000
N, 1208, 8.533, 34.485, 0.000
N, 1209, 10.239, 36.259, 0.000
N, 1210, 9.215, 37.244, 0.000
N, 1211, 10.922, 39.017, 0.000
N, 1212, 9.557, 38.623, 0.000
N, 1213, 11.263, 40.397, 0.000
N, 1214, 10.239, 41.382, 0.000
N, 1215, 11.946, 43.156, 0.000
N, 1216, 10.581, 42.761, 0.000
N, 1217, 12.287, 44.535, 0.000
N, 1218, 11.263, 45.520, 0.000
N, 1219, 12.970, 47.294, 0.000
N, 1220, 11.605, 46.900, 0.000
N, 1221, 13.311, 48.673, 0.000
N, 1222, 12.287, 49.658, 0.000
N, 1223, 13.994, 51.432, 0.000
N, 1224, 12.629, 51.038, 0.000
N, 1225, 14.335, 52.811, 0.000
N, 1226, 13.311, 53.797, 0.000
N, 1227, 15.018, 55.570, 0.000
N, 1228, 13.653, 55.176, 0.000
N, 1229, 15.359, 56.950, 0.000
N, 1230, 14.335, 57.935, 0.000
N, 1231, 16.042, 59.708, 0.000
N, 1232, 14.676, 59.314, 0.000
N, 1233, 16.383, 61.088, 0.000
N, 1234, 15.359, 62.073, 0.000
N, 1235, 17.066, 63.847, 0.000
N, 1236, 15.700, 63.452, 0.000
N, 1237, 17.407, 65.226, 0.000
N, 1238, 16.383, 66.211, 0.000
N, 1239, 18.090, 67.985, 0.000
N, 1240, 16.724, 67.591, 0.000
N, 1241, 18.431, 69.364, 0.000
N, 1242, 17.407, 70.349, 0.000
N, 1243, 19.114, 72.123, 0.000
N, 1244, 17.748, 71.729, 0.000
N, 1245, 19.455, 73.502, 0.000
N, 1246, 18.431, 74.488, 0.000
N, 1247, 20.137, 76.261, 0.000
N, 1248, 18.772, 75.867, 0.000
N, 1249, 20.479, 77.641, 0.000
N, 1250, 19.455, 78.626, 0.000
N, 1251, 21.161, 80.399, 0.000
N, 1252, 19.796, 80.005, 0.000
N, 1253, 21.503, 81.779, 0.000
N, 1254, 20.479, 82.764, 0.000
N, 1255, 22.185, 84.538, 0.000
N, 1256, 20.820, 84.143, 0.000
N, 1257, 22.527, 85.917, 0.000
N, 1258, 21.503, 86.902, 0.000
N, 1259, 23.209, 88.676, 0.000
N, 1260, 21.844, 88.282, 0.000
N, 1261, 23.551, 90.055, 0.000
N, 1262, 22.527, 91.040, 0.000
N, 1263, 24.233, 92.814, 0.000
N, 1264, 22.868, 92.420, 0.000
N, 1265, 24.575, 94.193, 0.000
N, 1266, 23.551, 95.179, 0.000
N, 1267, 25.257, 96.952, 0.000
N, 1268, 23.892, 96.558, 0.000
N, 1269, 25.598, 98.332, 0.000
N, 1270, 24.575, 99.317, 0.000
N, 1271, 26.281, 101.090, 0.000
N, 1272, 24.916, 100.696, 0.000
N, 1273, 26.622, 102.470, 0.000
N, 1274, 25.598, 103.455, 0.000
N, 1275, 27.305, 105.229, 0.000
N, 1276, 25.940, 104.834, 0.000
N, 1277, 27.646, 106.608, 0.000
N, 1278, 26.622, 107.593, 0.000
N, 1279, 28.329, 109.367, 0.000
N, 1280, 26.964, 108.973, 0.000
N, 1281, 28.670, 110.746, 0.000
N, 1282, 27.646, 111.732, 0.000
N, 1283, 29.353, 113.505, 0.000
N, 1284, 27.988, 113.111, 0.000
N, 1285, 29.694, 114.884, 0.000
N, 1286, 28.670, 115.870, 0.000
N, 1287, 30.377, 117.643, 0.000
N, 1288, 29.012, 117.249, 0.000
N, 1289, 30.718, 119.023, 0.000
N, 1290, 29.694, 120.008, 0.000
N, 1291, 31.401, 121.781, 0.000
N, 1292, 30.036, 121.387, 0.000
N, 1293, 31.742, 123.161, 0.000
N, 1294, 30.718, 124.146, 0.000
N, 1295, 32.425, 125.920, 0.000
N, 1296, 31.060, 125.526, 0.000
N, 1297, 32.766, 127.299, 0.000
N, 1298, 31.742, 128.284, 0.000
N, 1299, 33.449, 130.058, 0.000
N, 1300, 32.083, 129.664, 0.000
N, 1301, 33.790, 131.437, 0.000
N, 1302, 32.766, 132.423, 0.000
N, 1303, 34.473, 134.196, 0.000
N, 1304, 33.107, 133.802, 0.000
N, 1305, 34.814, 135.575, 0.000
N, 1306, 33.790, 136.561, 0.000
N, 1307, 34.131, 137.940, 0.000
N, 1308, 34.814, 140.699, 0.000
N, 1309, 35.155, 142.078, 0.000
N, 1310, 4.096, 1.182, 0.000
N, 1311, 2.731, 0.788, 0.000
N, 1312, 4.437, 2.562, 0.000
N, 1313, 3.413, 3.547, 0.000
N, 1314, 5.120, 5.321, 0.000
N, 1315, 3.754, 4.926, 0.000
N, 1316, 5.461, 6.700, 0.000
N, 1317, 4.437, 7.685, 0.000
N, 1318, 6.144, 9.459, 0.000
N, 1319, 4.778, 9.065, 0.000
N, 1320, 6.485, 10.838, 0.000
N, 1321, 5.461, 11.823, 0.000
N, 1322, 7.168, 13.597, 0.000
N, 1323, 5.802, 13.203, 0.000
N, 1324, 7.509, 14.976, 0.000
N, 1325, 6.485, 15.962, 0.000
N, 1326, 8.192, 17.735, 0.000
N, 1327, 6.826, 17.341, 0.000
N, 1328, 8.533, 19.115, 0.000
N, 1329, 7.509, 20.100, 0.000
N, 1330, 9.215, 21.873, 0.000
N, 1331, 7.850, 21.479, 0.000
N, 1332, 9.557, 23.253, 0.000
N, 1333, 8.533, 24.238, 0.000
N, 1334, 10.239, 26.012, 0.000
N, 1335, 8.874, 25.617, 0.000
N, 1336, 10.581, 27.391, 0.000
N, 1337, 9.557, 28.376, 0.000
N, 1338, 11.263, 30.150, 0.000
N, 1339, 9.898, 29.756, 0.000
N, 1340, 11.605, 31.529, 0.000
N, 1341, 10.581, 32.514, 0.000
N, 1342, 12.287, 34.288, 0.000
N, 1343, 10.922, 33.894, 0.000
N, 1344, 12.629, 35.667, 0.000
N, 1345, 11.605, 36.653, 0.000
N, 1346, 13.311, 38.426, 0.000
N, 1347, 11.946, 38.032, 0.000
N, 1348, 13.653, 39.806, 0.000
N, 1349, 12.629, 40.791, 0.000
N, 1350, 14.335, 42.564, 0.000
N, 1351, 12.970, 42.170, 0.000
N, 1352, 14.676, 43.944, 0.000
N, 1353, 13.653, 44.929, 0.000
N, 1354, 15.359, 46.703, 0.000
N, 1355, 13.994, 46.308, 0.000
N, 1356, 15.700, 48.082, 0.000
N, 1357, 14.676, 49.067, 0.000
N, 1358, 16.383, 50.841, 0.000
N, 1359, 15.018, 50.447, 0.000
N, 1360, 16.724, 52.220, 0.000
N, 1361, 15.700, 53.205, 0.000
N, 1362, 17.407, 54.979, 0.000
N, 1363, 16.042, 54.585, 0.000
N, 1364, 17.748, 56.358, 0.000
N, 1365, 16.724, 57.344, 0.000
N, 1366, 18.431, 59.117, 0.000
N, 1367, 17.066, 58.723, 0.000
N, 1368, 18.772, 60.497, 0.000
N, 1369, 17.748, 61.482, 0.000
N, 1370, 19.455, 63.255, 0.000
N, 1371, 18.090, 62.861, 0.000
N, 1372, 19.796, 64.635, 0.000
N, 1373, 18.772, 65.620, 0.000
N, 1374, 20.479, 67.394, 0.000
N, 1375, 19.114, 66.999, 0.000
N, 1376, 20.820, 68.773, 0.000
N, 1377, 19.796, 69.758, 0.000
N, 1378, 21.503, 71.532, 0.000
N, 1379, 20.137, 71.138, 0.000
N, 1380, 21.844, 72.911, 0.000
N, 1381, 20.820, 73.896, 0.000
N, 1382, 22.527, 75.670, 0.000
N, 1383, 21.161, 75.276, 0.000
N, 1384, 22.868, 77.049, 0.000
N, 1385, 21.844, 78.035, 0.000
N, 1386, 23.551, 79.808, 0.000
N, 1387, 22.185, 79.414, 0.000
N, 1388, 23.892, 81.188, 0.000
N, 1389, 22.868, 82.173, 0.000
N, 1390, 24.575, 83.946, 0.000
N, 1391, 23.209, 83.552, 0.000
N, 1392, 24.916, 85.326, 0.000
N, 1393, 23.892, 86.311, 0.000
N, 1394, 25.598, 88.085, 0.000
N, 1395, 24.233, 87.690, 0.000
N, 1396, 25.940, 89.464, 0.000
N, 1397, 24.916, 90.449, 0.000
N, 1398, 26.622, 92.223, 0.000
N, 1399, 25.257, 91.829, 0.000
N, 1400, 26.964, 93.602, 0.000
N, 1401, 25.940, 94.587, 0.000
N, 1402, 27.646, 96.361, 0.000
N, 1403, 26.281, 95.967, 0.000
N, 1404, 27.988, 97.740, 0.000
N, 1405, 26.964, 98.726, 0.000
N, 1406, 28.670, 100.499, 0.000
N, 1407, 27.305, 100.105, 0.000
N, 1408, 29.012, 101.879, 0.000
N, 1409, 27.988, 102.864, 0.000
N, 1410, 29.694, 104.637, 0.000
N, 1411, 28.329, 104.243, 0.000
N, 1412, 30.036, 106.017, 0.000
N, 1413, 29.012, 107.002, 0.000
N, 1414, 30.718, 108.776, 0.000
N, 1415, 29.353, 108.382, 0.000
N, 1416, 31.060, 110.155, 0.000
N, 1417, 30.036, 111.140, 0.000
N, 1418, 31.742, 112.914, 0.000
N, 1419, 30.377, 112.520, 0.000
N, 1420, 32.083, 114.293, 0.000
N, 1421, 31.060, 115.279, 0.000
N, 1422, 32.766, 117.052, 0.000
N, 1423, 31.401, 116.658, 0.000
N, 1424, 33.107, 118.431, 0.000
N, 1425, 32.083, 119.417, 0.000
N, 1426, 33.790, 121.190, 0.000
N, 1427, 32.425, 120.796, 0.000
N, 1428, 34.131, 122.570, 0.000
N, 1429, 33.107, 123.555, 0.000
N, 1430, 34.814, 125.328, 0.000
N, 1431, 33.449, 124.934, 0.000
N, 1432, 35.155, 126.708, 0.000
N, 1433, 34.131, 127.693, 0.000
N, 1434, 34.473, 129.073, 0.000
N, 1435, 35.155, 131.831, 0.000
N, 1436, 6.485, 0.591, 0.000
N, 1437, 5.120, 0.197, 0.000
N, 1438, 6.826, 1.971, 0.000
N, 1439, 5.802, 2.956, 0.000
N, 1440, 7.509, 4.729, 0.000
N, 1441, 6.144, 4.335, 0.000
N, 1442, 7.850, 6.109, 0.000
N, 1443, 6.826, 7.094, 0.000
N, 1444, 8.533, 8.868, 0.000
N, 1445, 7.168, 8.473, 0.000
N, 1446, 8.874, 10.247, 0.000
N, 1447, 7.850, 11.232, 0.000
N, 1448, 9.557, 13.006, 0.000
N, 1449, 8.192, 12.612, 0.000
N, 1450, 9.898, 14.385, 0.000
N, 1451, 8.874, 15.370, 0.000
N, 1452, 10.581, 17.144, 0.000
N, 1453, 9.215, 16.750, 0.000
N, 1454, 10.922, 18.523, 0.000
N, 1455, 9.898, 19.509, 0.000
N, 1456, 11.605, 21.282, 0.000
N, 1457, 10.239, 20.888, 0.000
N, 1458, 11.946, 22.662, 0.000
N, 1459, 10.922, 23.647, 0.000
N, 1460, 12.629, 25.420, 0.000
N, 1461, 11.263, 25.026, 0.000
N, 1462, 12.970, 26.800, 0.000
N, 1463, 11.946, 27.785, 0.000
N, 1464, 13.653, 29.559, 0.000
N, 1465, 12.287, 29.164, 0.000
N, 1466, 13.994, 30.938, 0.000
N, 1467, 12.970, 31.923, 0.000
N, 1468, 14.676, 33.697, 0.000
N, 1469, 13.311, 33.303, 0.000
N, 1470, 15.018, 35.076, 0.000
N, 1471, 13.994, 36.061, 0.000
N, 1472, 15.700, 37.835, 0.000
N, 1473, 14.335, 37.441, 0.000
N, 1474, 16.042, 39.214, 0.000
N, 1475, 15.018, 40.200, 0.000
N, 1476, 16.724, 41.973, 0.000
N, 1477, 15.359, 41.579, 0.000
N, 1478, 17.066, 43.353, 0.000
N, 1479, 16.042, 44.338, 0.000
N, 1480, 17.748, 46.111, 0.000
N, 1481, 16.383, 45.717, 0.000
N, 1482, 18.090, 47.491, 0.000
N, 1483, 17.066, 48.476, 0.000
N, 1484, 18.772, 50.250, 0.000
N, 1485, 17.407, 49.855, 0.000
N, 1486, 19.114, 51.629, 0.000
N, 1487, 18.090, 52.614, 0.000
N, 1488, 19.796, 54.388, 0.000
N, 1489, 18.431, 53.994, 0.000
N, 1490, 20.137, 55.767, 0.000
N, 1491, 19.114, 56.752, 0.000
N, 1492, 20.820, 58.526, 0.000
N, 1493, 19.455, 58.132, 0.000
N, 1494, 21.161, 59.905, 0.000
N, 1495, 20.137, 60.891, 0.000
N, 1496, 21.844, 62.664, 0.000
N, 1497, 20.479, 62.270, 0.000
N, 1498, 22.185, 64.044, 0.000
N, 1499, 21.161, 65.029, 0.000
N, 1500, 22.868, 66.802, 0.000
N, 1501, 21.503, 66.408, 0.000
N, 1502, 23.209, 68.182, 0.000
N, 1503, 22.185, 69.167, 0.000
N, 1504, 23.892, 70.941, 0.000
N, 1505, 22.527, 70.546, 0.000
N, 1506, 24.233, 72.320, 0.000
N, 1507, 23.209, 73.305, 0.000
N, 1508, 24.916, 75.079, 0.000
N, 1509, 23.551, 74.685, 0.000
N, 1510, 25.257, 76.458, 0.000
N, 1511, 24.233, 77.444, 0.000
N, 1512, 25.940, 79.217, 0.000
N, 1513, 24.575, 78.823, 0.000
N, 1514, 26.281, 80.596, 0.000
N, 1515, 25.257, 81.582, 0.000
N, 1516, 26.964, 83.355, 0.000
N, 1517, 25.598, 82.961, 0.000
N, 1518, 27.305, 84.735, 0.000
N, 1519, 26.281, 85.720, 0.000
N, 1520, 27.988, 87.493, 0.000
N, 1521, 26.622, 87.099, 0.000
N, 1522, 28.329, 88.873, 0.000
N, 1523, 27.305, 89.858, 0.000
N, 1524, 29.012, 91.632, 0.000
N, 1525, 27.646, 91.238, 0.000
N, 1526, 29.353, 93.011, 0.000
N, 1527, 28.329, 93.996, 0.000
N, 1528, 30.036, 95.770, 0.000
N, 1529, 28.670, 95.376, 0.000
N, 1530, 30.377, 97.149, 0.000
N, 1531, 29.353, 98.135, 0.000
N, 1532, 31.060, 99.908, 0.000
N, 1533, 29.694, 99.514, 0.000
N, 1534, 31.401, 101.287, 0.000
N, 1535, 30.377, 102.273, 0.000
N, 1536, 32.083, 104.046, 0.000
N, 1537, 30.718, 103.652, 0.000
N, 1538, 32.425, 105.426, 0.000
N, 1539, 31.401, 106.411, 0.000
N, 1540, 33.107, 108.184, 0.000
N, 1541, 31.742, 107.790, 0.000
N, 1542, 33.449, 109.564, 0.000
N, 1543, 32.425, 110.549, 0.000
N, 1544, 34.131, 112.323, 0.000
N, 1545, 32.766, 111.929, 0.000
N, 1546, 34.473, 113.702, 0.000
N, 1547, 33.449, 114.687, 0.000
N, 1548, 35.155, 116.461, 0.000
N, 1549, 33.790, 116.067, 0.000
N, 1550, 34.473, 118.826, 0.000
N, 1551, 34.814, 120.205, 0.000
N, 1552, 8.874, 0.000, 0.000
N, 1553, 9.215, 1.379, 0.000
N, 1554, 8.192, 2.365, 0.000
N, 1555, 9.898, 4.138, 0.000
N, 1556, 8.533, 3.744, 0.000
N, 1557, 10.239, 5.518, 0.000
N, 1558, 9.215, 6.503, 0.000
N, 1559, 10.922, 8.276, 0.000
N, 1560, 9.557, 7.882, 0.000
N, 1561, 11.263, 9.656, 0.000
N, 1562, 10.239, 10.641, 0.000
N, 1563, 11.946, 12.415, 0.000
N, 1564, 10.581, 12.020, 0.000
N, 1565, 12.287, 13.794, 0.000
N, 1566, 11.263, 14.779, 0.000
N, 1567, 12.970, 16.553, 0.000
N, 1568, 11.605, 16.159, 0.000
N, 1569, 13.311, 17.932, 0.000
N, 1570, 12.287, 18.918, 0.000
N, 1571, 13.994, 20.691, 0.000
N, 1572, 12.629, 20.297, 0.000
N, 1573, 14.335, 22.070, 0.000
N, 1574, 13.311, 23.056, 0.000
N, 1575, 15.018, 24.829, 0.000
N, 1576, 13.653, 24.435, 0.000
N, 1577, 15.359, 26.209, 0.000
N, 1578, 14.335, 27.194, 0.000
N, 1579, 16.042, 28.967, 0.000
N, 1580, 14.676, 28.573, 0.000
N, 1581, 16.383, 30.347, 0.000
N, 1582, 15.359, 31.332, 0.000
N, 1583, 17.066, 33.106, 0.000
N, 1584, 15.700, 32.712, 0.000
N, 1585, 17.407, 34.485, 0.000
N, 1586, 16.383, 35.470, 0.000
N, 1587, 18.090, 37.244, 0.000
N, 1588, 16.724, 36.850, 0.000
N, 1589, 18.431, 38.623, 0.000
N, 1590, 17.407, 39.609, 0.000
N, 1591, 19.114, 41.382, 0.000
N, 1592, 17.748, 40.988, 0.000
N, 1593, 19.455, 42.761, 0.000
N, 1594, 18.431, 43.747, 0.000
N, 1595, 20.137, 45.520, 0.000
N, 1596, 18.772, 45.126, 0.000
N, 1597, 20.479, 46.900, 0.000
N, 1598, 19.455, 47.885, 0.000
N, 1599, 21.161, 49.658, 0.000
N, 1600, 19.796, 49.264, 0.000
N, 1601, 21.503, 51.038, 0.000
N, 1602, 20.479, 52.023, 0.000
N, 1603, 22.185, 53.797, 0.000
N, 1604, 20.820, 53.403, 0.000
N, 1605, 22.527, 55.176, 0.000
N, 1606, 21.503, 56.161, 0.000
N, 1607, 23.209, 57.935, 0.000
N, 1608, 21.844, 57.541, 0.000
N, 1609, 23.551, 59.314, 0.000
N, 1610, 22.527, 60.300, 0.000
N, 1611, 24.233, 62.073, 0.000
N, 1612, 22.868, 61.679, 0.000
N, 1613, 24.575, 63.452, 0.000
N, 1614, 23.551, 64.438, 0.000
N, 1615, 25.257, 66.211, 0.000
N, 1616, 23.892, 65.817, 0.000
N, 1617, 25.598, 67.591, 0.000
N, 1618, 24.575, 68.576, 0.000
N, 1619, 26.281, 70.349, 0.000
N, 1620, 24.916, 69.955, 0.000
N, 1621, 26.622, 71.729, 0.000
N, 1622, 25.598, 72.714, 0.000
N, 1623, 27.305, 74.488, 0.000
N, 1624, 25.940, 74.094, 0.000
N, 1625, 27.646, 75.867, 0.000
N, 1626, 26.622, 76.852, 0.000
N, 1627, 28.329, 78.626, 0.000
N, 1628, 26.964, 78.232, 0.000
N, 1629, 28.670, 80.005, 0.000
N, 1630, 27.646, 80.991, 0.000
N, 1631, 29.353, 82.764, 0.000
N, 1632, 27.988, 82.370, 0.000
N, 1633, 29.694, 84.143, 0.000
N, 1634, 28.670, 85.129, 0.000
N, 1635, 30.377, 86.902, 0.000
N, 1636, 29.012, 86.508, 0.000
N, 1637, 30.718, 88.282, 0.000
N, 1638, 29.694, 89.267, 0.000
N, 1639, 31.401, 91.040, 0.000
N, 1640, 30.036, 90.646, 0.000
N, 1641, 31.742, 92.420, 0.000
N, 1642, 30.718, 93.405, 0.000
N, 1643, 32.425, 95.179, 0.000
N, 1644, 31.060, 94.785, 0.000
N, 1645, 32.766, 96.558, 0.000
N, 1646, 31.742, 97.543, 0.000
N, 1647, 33.449, 99.317, 0.000
N, 1648, 32.083, 98.923, 0.000
N, 1649, 33.790, 100.696, 0.000
N, 1650, 32.766, 101.682, 0.000
N, 1651, 34.473, 103.455, 0.000
N, 1652, 33.107, 103.061, 0.000
N, 1653, 34.814, 104.834, 0.000
N, 1654, 33.790, 105.820, 0.000
N, 1655, 34.131, 107.199, 0.000
N, 1656, 34.814, 109.958, 0.000
N, 1657, 35.155, 111.337, 0.000
N, 1658, 11.605, 0.788, 0.000
N, 1659, 10.581, 1.774, 0.000
N, 1660, 12.287, 3.547, 0.000
N, 1661, 10.922, 3.153, 0.000
N, 1662, 12.629, 4.926, 0.000
N, 1663, 11.605, 5.912, 0.000
N, 1664, 13.311, 7.685, 0.000
N, 1665, 11.946, 7.291, 0.000
N, 1666, 13.653, 9.065, 0.000
N, 1667, 12.629, 10.050, 0.000
N, 1668, 14.335, 11.823, 0.000
N, 1669, 12.970, 11.429, 0.000
N, 1670, 14.676, 13.203, 0.000
N, 1671, 13.653, 14.188, 0.000
N, 1672, 15.359, 15.962, 0.000
N, 1673, 13.994, 15.568, 0.000
N, 1674, 15.700, 17.341, 0.000
N, 1675, 14.676, 18.326, 0.000
N, 1676, 16.383, 20.100, 0.000
N, 1677, 15.018, 19.706, 0.000
N, 1678, 16.724, 21.479, 0.000
N, 1679, 15.700, 22.465, 0.000
N, 1680, 17.407, 24.238, 0.000
N, 1681, 16.042, 23.844, 0.000
N, 1682, 17.748, 25.617, 0.000
N, 1683, 16.724, 26.603, 0.000
N, 1684, 18.431, 28.376, 0.000
N, 1685, 17.066, 27.982, 0.000
N, 1686, 18.772, 29.756, 0.000
N, 1687, 17.748, 30.741, 0.000
N, 1688, 19.455, 32.514, 0.000
N, 1689, 18.090, 32.120, 0.000
N, 1690, 19.796, 33.894, 0.000
N, 1691, 18.772, 34.879, 0.000
N, 1692, 20.479, 36.653, 0.000
N, 1693, 19.114, 36.259, 0.000
N, 1694, 20.820, 38.032, 0.000
N, 1695, 19.796, 39.017, 0.000
N, 1696, 21.503, 40.791, 0.000
N, 1697, 20.137, 40.397, 0.000
N, 1698, 21.844, 42.170, 0.000
N, 1699, 20.820, 43.156, 0.000
N, 1700, 22.527, 44.929, 0.000
N, 1701, 21.161, 44.535, 0.000
N, 1702, 22.868, 46.308, 0.000
N, 1703, 21.844, 47.294, 0.000
N, 1704, 23.551, 49.067, 0.000
N, 1705, 22.185, 48.673, 0.000
N, 1706, 23.892, 50.447, 0.000
N, 1707, 22.868, 51.432, 0.000
N, 1708, 24.575, 53.205, 0.000
N, 1709, 23.209, 52.811, 0.000
N, 1710, 24.916, 54.585, 0.000
N, 1711, 23.892, 55.570, 0.000
N, 1712, 25.598, 57.344, 0.000
N, 1713, 24.233, 56.950, 0.000
N, 1714, 25.940, 58.723, 0.000
N, 1715, 24.916, 59.708, 0.000
N, 1716, 26.622, 61.482, 0.000
N, 1717, 25.257, 61.088, 0.000
N, 1718, 26.964, 62.861, 0.000
N, 1719, 25.940, 63.847, 0.000
N, 1720, 27.646, 65.620, 0.000
N, 1721, 26.281, 65.226, 0.000
N, 1722, 27.988, 66.999, 0.000
N, 1723, 26.964, 67.985, 0.000
N, 1724, 28.670, 69.758, 0.000
N, 1725, 27.305, 69.364, 0.000
N, 1726, 29.012, 71.138, 0.000
N, 1727, 27.988, 72.123, 0.000
N, 1728, 29.694, 73.896, 0.000
N, 1729, 28.329, 73.502, 0.000
N, 1730, 30.036, 75.276, 0.000
N, 1731, 29.012, 76.261, 0.000
N, 1732, 30.718, 78.035, 0.000
N, 1733, 29.353, 77.641, 0.000
N, 1734, 31.060, 79.414, 0.000
N, 1735, 30.036, 80.399, 0.000
N, 1736, 31.742, 82.173, 0.000
N, 1737, 30.377, 81.779, 0.000
N, 1738, 32.083, 83.552, 0.000
N, 1739, 31.060, 84.538, 0.000
N, 1740, 32.766, 86.311, 0.000
N, 1741, 31.401, 85.917, 0.000
N, 1742, 33.107, 87.690, 0.000
N, 1743, 32.083, 88.676, 0.000
N, 1744, 33.790, 90.449, 0.000
N, 1745, 32.425, 90.055, 0.000
N, 1746, 34.131, 91.829, 0.000
N, 1747, 33.107, 92.814, 0.000
N, 1748, 34.814, 94.587, 0.000
N, 1749, 33.449, 94.193, 0.000
N, 1750, 35.155, 95.967, 0.000
N, 1751, 34.131, 96.952, 0.000
N, 1752, 34.473, 98.332, 0.000
N, 1753, 35.155, 101.090, 0.000
N, 1754, 13.994, 0.197, 0.000
N, 1755, 12.970, 1.182, 0.000
N, 1756, 14.676, 2.956, 0.000
N, 1757, 13.311, 2.562, 0.000
N, 1758, 15.018, 4.335, 0.000
N, 1759, 13.994, 5.321, 0.000
N, 1760, 15.700, 7.094, 0.000
N, 1761, 14.335, 6.700, 0.000
N, 1762, 16.042, 8.473, 0.000
N, 1763, 15.018, 9.459, 0.000
N, 1764, 16.724, 11.232, 0.000
N, 1765, 15.359, 10.838, 0.000
N, 1766, 17.066, 12.612, 0.000
N, 1767, 16.042, 13.597, 0.000
N, 1768, 17.748, 15.370, 0.000
N, 1769, 16.383, 14.976, 0.000
N, 1770, 18.090, 16.750, 0.000
N, 1771, 17.066, 17.735, 0.000
N, 1772, 18.772, 19.509, 0.000
N, 1773, 17.407, 19.115, 0.000
N, 1774, 19.114, 20.888, 0.000
N, 1775, 18.090, 21.873, 0.000
N, 1776, 19.796, 23.647, 0.000
N, 1777, 18.431, 23.253, 0.000
N, 1778, 20.137, 25.026, 0.000
N, 1779, 19.114, 26.012, 0.000
N, 1780, 20.820, 27.785, 0.000
N, 1781, 19.455, 27.391, 0.000
N, 1782, 21.161, 29.164, 0.000
N, 1783, 20.137, 30.150, 0.000
N, 1784, 21.844, 31.923, 0.000
N, 1785, 20.479, 31.529, 0.000
N, 1786, 22.185, 33.303, 0.000
N, 1787, 21.161, 34.288, 0.000
N, 1788, 22.868, 36.061, 0.000
N, 1789, 21.503, 35.667, 0.000
N, 1790, 23.209, 37.441, 0.000
N, 1791, 22.185, 38.426, 0.000
N, 1792, 23.892, 40.200, 0.000
N, 1793, 22.527, 39.806, 0.000
N, 1794, 24.233, 41.579, 0.000
N, 1795, 23.209, 42.564, 0.000
N, 1796, 24.916, 44.338, 0.000
N, 1797, 23.551, 43.944, 0.000
N, 1798, 25.257, 45.717, 0.000
N, 1799, 24.233, 46.703, 0.000
N, 1800, 25.940, 48.476, 0.000
N, 1801, 24.575, 48.082, 0.000
N, 1802, 26.281, 49.855, 0.000
N, 1803, 25.257, 50.841, 0.000
N, 1804, 26.964, 52.614, 0.000
N, 1805, 25.598, 52.220, 0.000
N, 1806, 27.305, 53.994, 0.000
N, 1807, 26.281, 54.979, 0.000
N, 1808, 27.988, 56.752, 0.000
N, 1809, 26.622, 56.358, 0.000
N, 1810, 28.329, 58.132, 0.000
N, 1811, 27.305, 59.117, 0.000
N, 1812, 29.012, 60.891, 0.000
N, 1813, 27.646, 60.497, 0.000
N, 1814, 29.353, 62.270, 0.000
N, 1815, 28.329, 63.255, 0.000
N, 1816, 30.036, 65.029, 0.000
N, 1817, 28.670, 64.635, 0.000
N, 1818, 30.377, 66.408, 0.000
N, 1819, 29.353, 67.394, 0.000
N, 1820, 31.060, 69.167, 0.000
N, 1821, 29.694, 68.773, 0.000
N, 1822, 31.401, 70.546, 0.000
N, 1823, 30.377, 71.532, 0.000
N, 1824, 32.083, 73.305, 0.000
N, 1825, 30.718, 72.911, 0.000
N, 1826, 32.425, 74.685, 0.000
N, 1827, 31.401, 75.670, 0.000
N, 1828, 33.107, 77.444, 0.000
N, 1829, 31.742, 77.049, 0.000
N, 1830, 33.449, 78.823, 0.000
N, 1831, 32.425, 79.808, 0.000
N, 1832, 34.131, 81.582, 0.000
N, 1833, 32.766, 81.188, 0.000
N, 1834, 34.473, 82.961, 0.000
N, 1835, 33.449, 83.946, 0.000
N, 1836, 35.155, 85.720, 0.000
N, 1837, 33.790, 85.326, 0.000
N, 1838, 34.473, 88.085, 0.000
N, 1839, 34.814, 89.464, 0.000
N, 1840, 15.359, 0.591, 0.000
N, 1841, 17.066, 2.365, 0.000
N, 1842, 15.700, 1.971, 0.000
N, 1843, 17.407, 3.744, 0.000
N, 1844, 16.383, 4.729, 0.000
N, 1845, 18.090, 6.503, 0.000
N, 1846, 16.724, 6.109, 0.000
N, 1847, 18.431, 7.882, 0.000
N, 1848, 17.407, 8.868, 0.000
N, 1849, 19.114, 10.641, 0.000
N, 1850, 17.748, 10.247, 0.000
N, 1851, 19.455, 12.020, 0.000
N, 1852, 18.431, 13.006, 0.000
N, 1853, 20.137, 14.779, 0.000
N, 1854, 18.772, 14.385, 0.000
N, 1855, 20.479, 16.159, 0.000
N, 1856, 19.455, 17.144, 0.000
N, 1857, 21.161, 18.918, 0.000
N, 1858, 19.796, 18.523, 0.000
N, 1859, 21.503, 20.297, 0.000
N, 1860, 20.479, 21.282, 0.000
N, 1861, 22.185, 23.056, 0.000
N, 1862, 20.820, 22.662, 0.000
N, 1863, 22.527, 24.435, 0.000
N, 1864, 21.503, 25.420, 0.000
N, 1865, 23.209, 27.194, 0.000
N, 1866, 21.844, 26.800, 0.000
N, 1867, 23.551, 28.573, 0.000
N, 1868, 22.527, 29.559, 0.000
N, 1869, 24.233, 31.332, 0.000
N, 1870, 22.868, 30.938, 0.000
N, 1871, 24.575, 32.712, 0.000
N, 1872, 23.551, 33.697, 0.000
N, 1873, 25.257, 35.470, 0.000
N, 1874, 23.892, 35.076, 0.000
N, 1875, 25.598, 36.850, 0.000
N, 1876, 24.575, 37.835, 0.000
N, 1877, 26.281, 39.609, 0.000
N, 1878, 24.916, 39.214, 0.000
N, 1879, 26.622, 40.988, 0.000
N, 1880, 25.598, 41.973, 0.000
N, 1881, 27.305, 43.747, 0.000
N, 1882, 25.940, 43.353, 0.000
N, 1883, 27.646, 45.126, 0.000
N, 1884, 26.622, 46.111, 0.000
N, 1885, 28.329, 47.885, 0.000
N, 1886, 26.964, 47.491, 0.000
N, 1887, 28.670, 49.264, 0.000
N, 1888, 27.646, 50.250, 0.000
N, 1889, 29.353, 52.023, 0.000
N, 1890, 27.988, 51.629, 0.000
N, 1891, 29.694, 53.403, 0.000
N, 1892, 28.670, 54.388, 0.000
N, 1893, 30.377, 56.161, 0.000
N, 1894, 29.012, 55.767, 0.000
N, 1895, 30.718, 57.541, 0.000
N, 1896, 29.694, 58.526, 0.000
N, 1897, 31.401, 60.300, 0.000
N, 1898, 30.036, 59.905, 0.000
N, 1899, 31.742, 61.679, 0.000
N, 1900, 30.718, 62.664, 0.000
N, 1901, 32.425, 64.438, 0.000
N, 1902, 31.060, 64.044, 0.000
N, 1903, 32.766, 65.817, 0.000
N, 1904, 31.742, 66.802, 0.000
N, 1905, 33.449, 68.576, 0.000
N, 1906, 32.083, 68.182, 0.000
N, 1907, 33.790, 69.955, 0.000
N, 1908, 32.766, 70.941, 0.000
N, 1909, 34.473, 72.714, 0.000
N, 1910, 33.107, 72.320, 0.000
N, 1911, 34.814, 74.094, 0.000
N, 1912, 33.790, 75.079, 0.000
N, 1913, 34.131, 76.458, 0.000
N, 1914, 34.814, 79.217, 0.000
N, 1915, 35.155, 80.596, 0.000
N, 1916, 17.748, 0.000, 0.000
N, 1917, 19.455, 1.774, 0.000
N, 1918, 18.090, 1.379, 0.000
N, 1919, 19.796, 3.153, 0.000
N, 1920, 18.772, 4.138, 0.000
N, 1921, 20.479, 5.912, 0.000
N, 1922, 19.114, 5.518, 0.000
N, 1923, 20.820, 7.291, 0.000
N, 1924, 19.796, 8.276, 0.000
N, 1925, 21.503, 10.050, 0.000
N, 1926, 20.137, 9.656, 0.000
N, 1927, 21.844, 11.429, 0.000
N, 1928, 20.820, 12.415, 0.000
N, 1929, 22.527, 14.188, 0.000
N, 1930, 21.161, 13.794, 0.000
N, 1931, 22.868, 15.568, 0.000
N, 1932, 21.844, 16.553, 0.000
N, 1933, 23.551, 18.326, 0.000
N, 1934, 22.185, 17.932, 0.000
N, 1935, 23.892, 19.706, 0.000
N, 1936, 22.868, 20.691, 0.000
N, 1937, 24.575, 22.465, 0.000
N, 1938, 23.209, 22.070, 0.000
N, 1939, 24.916, 23.844, 0.000
N, 1940, 23.892, 24.829, 0.000
N, 1941, 25.598, 26.603, 0.000
N, 1942, 24.233, 26.209, 0.000
N, 1943, 25.940, 27.982, 0.000
N, 1944, 24.916, 28.967, 0.000
N, 1945, 26.622, 30.741, 0.000
N, 1946, 25.257, 30.347, 0.000
N, 1947, 26.964, 32.120, 0.000
N, 1948, 25.940, 33.106, 0.000
N, 1949, 27.646, 34.879, 0.000
N, 1950, 26.281, 34.485, 0.000
N, 1951, 27.988, 36.259, 0.000
N, 1952, 26.964, 37.244, 0.000
N, 1953, 28.670, 39.017, 0.000
N, 1954, 27.305, 38.623, 0.000
N, 1955, 29.012, 40.397, 0.000
N, 1956, 27.988, 41.382, 0.000
N, 1957, 29.694, 43.156, 0.000
N, 1958, 28.329, 42.761, 0.000
N, 1959, 30.036, 44.535, 0.000
N, 1960, 29.012, 45.520, 0.000
N, 1961, 30.718, 47.294, 0.000
N, 1962, 29.353, 46.900, 0.000
N, 1963, 31.060, 48.673, 0.000
N, 1964, 30.036, 49.658, 0.000
N, 1965, 31.742, 51.432, 0.000
N, 1966, 30.377, 51.038, 0.000
N, 1967, 32.083, 52.811, 0.000
N, 1968, 31.060, 53.797, 0.000
N, 1969, 32.766, 55.570, 0.000
N, 1970, 31.401, 55.176, 0.000
N, 1971, 33.107, 56.950, 0.000
N, 1972, 32.083, 57.935, 0.000
N, 1973, 33.790, 59.708, 0.000
N, 1974, 32.425, 59.314, 0.000
N, 1975, 34.131, 61.088, 0.000
N, 1976, 33.107, 62.073, 0.000
N, 1977, 34.814, 63.847, 0.000
N, 1978, 33.449, 63.452, 0.000
N, 1979, 35.155, 65.226, 0.000
N, 1980, 34.131, 66.211, 0.000
N, 1981, 34.473, 67.591, 0.000
N, 1982, 35.155, 70.349, 0.000
N, 1983, 21.844, 1.182, 0.000
N, 1984, 20.479, 0.788, 0.000
N, 1985, 22.185, 2.562, 0.000
N, 1986, 21.161, 3.547, 0.000
N, 1987, 22.868, 5.321, 0.000
N, 1988, 21.503, 4.926, 0.000
N, 1989, 23.209, 6.700, 0.000
N, 1990, 22.185, 7.685, 0.000
N, 1991, 23.892, 9.459, 0.000
N, 1992, 22.527, 9.065, 0.000
N, 1993, 24.233, 10.838, 0.000
N, 1994, 23.209, 11.823, 0.000
N, 1995, 24.916, 13.597, 0.000
N, 1996, 23.551, 13.203, 0.000
N, 1997, 25.257, 14.976, 0.000
N, 1998, 24.233, 15.962, 0.000
N, 1999, 25.940, 17.735, 0.000
N, 2000, 24.575, 17.341, 0.000
N, 2001, 26.281, 19.115, 0.000
N, 2002, 25.257, 20.100, 0.000
N, 2003, 26.964, 21.873, 0.000
N, 2004, 25.598, 21.479, 0.000
N, 2005, 27.305, 23.253, 0.000
N, 2006, 26.281, 24.238, 0.000
N, 2007, 27.988, 26.012, 0.000
N, 2008, 26.622, 25.617, 0.000
N, 2009, 28.329, 27.391, 0.000
N, 2010, 27.305, 28.376, 0.000
N, 2011, 29.012, 30.150, 0.000
N, 2012, 27.646, 29.756, 0.000
N, 2013, 29.353, 31.529, 0.000
N, 2014, 28.329, 32.514, 0.000
N, 2015, 30.036, 34.288, 0.000
N, 2016, 28.670, 33.894, 0.000
N, 2017, 30.377, 35.667, 0.000
N, 2018, 29.353, 36.653, 0.000
N, 2019, 31.060, 38.426, 0.000
N, 2020, 29.694, 38.032, 0.000
N, 2021, 31.401, 39.806, 0.000
N, 2022, 30.377, 40.791, 0.000
N, 2023, 32.083, 42.564, 0.000
N, 2024, 30.718, 42.170, 0.000
N, 2025, 32.425, 43.944, 0.000
N, 2026, 31.401, 44.929, 0.000
N, 2027, 33.107, 46.703, 0.000
N, 2028, 31.742, 46.308, 0.000
N, 2029, 33.449, 48.082, 0.000
N, 2030, 32.425, 49.067, 0.000
N, 2031, 34.131, 50.841, 0.000
N, 2032, 32.766, 50.447, 0.000
N, 2033, 34.473, 52.220, 0.000
N, 2034, 33.449, 53.205, 0.000
N, 2035, 35.155, 54.979, 0.000
N, 2036, 33.790, 54.585, 0.000
N, 2037, 34.473, 57.344, 0.000
N, 2038, 34.814, 58.723, 0.000
N, 2039, 24.233, 0.591, 0.000
N, 2040, 22.868, 0.197, 0.000
N, 2041, 24.575, 1.971, 0.000
N, 2042, 23.551, 2.956, 0.000
N, 2043, 25.257, 4.729, 0.000
N, 2044, 23.892, 4.335, 0.000
N, 2045, 25.598, 6.109, 0.000
N, 2046, 24.575, 7.094, 0.000
N, 2047, 26.281, 8.868, 0.000
N, 2048, 24.916, 8.473, 0.000
N, 2049, 26.622, 10.247, 0.000
N, 2050, 25.598, 11.232, 0.000
N, 2051, 27.305, 13.006, 0.000
N, 2052, 25.940, 12.612, 0.000
N, 2053, 27.646, 14.385, 0.000
N, 2054, 26.622, 15.370, 0.000
N, 2055, 28.329, 17.144, 0.000
N, 2056, 26.964, 16.750, 0.000
N, 2057, 28.670, 18.523, 0.000
N, 2058, 27.646, 19.509, 0.000
N, 2059, 29.353, 21.282, 0.000
N, 2060, 27.988, 20.888, 0.000
N, 2061, 29.694, 22.662, 0.000
N, 2062, 28.670, 23.647, 0.000
N, 2063, 30.377, 25.420, 0.000
N, 2064, 29.012, 25.026, 0.000
N, 2065, 30.718, 26.800, 0.000
N, 2066, 29.694, 27.785, 0.000
N, 2067, 31.401, 29.559, 0.000
N, 2068, 30.036, 29.164, 0.000
N, 2069, 31.742, 30.938, 0.000
N, 2070, 30.718, 31.923, 0.000
N, 2071, 32.425, 33.697, 0.000
N, 2072, 31.060, 33.303, 0.000
N, 2073, 32.766, 35.076, 0.000
N, 2074, 31.742, 36.061, 0.000
N, 2075, 33.449, 37.835, 0.000
N, 2076, 32.083, 37.441, 0.000
N, 2077, 33.790, 39.214, 0.000
N, 2078, 32.766, 40.200, 0.000
N, 2079, 34.473, 41.973, 0.000
N, 2080, 33.107, 41.579, 0.000
N, 2081, 34.814, 43.353, 0.000
N, 2082, 33.790, 44.338, 0.000
N, 2083, 34.131, 45.717, 0.000
N, 2084, 34.814, 48.476, 0.000
N, 2085, 35.155, 49.855, 0.000
N, 2086, 26.622, 0.000, 0.000
N, 2087, 26.964, 1.379, 0.000
N, 2088, 25.940, 2.365, 0.000
N, 2089, 27.646, 4.138, 0.000
N, 2090, 26.281, 3.744, 0.000
N, 2091, 27.988, 5.518, 0.000
N, 2092, 26.964, 6.503, 0.000
N, 2093, 28.670, 8.276, 0.000
N, 2094, 27.305, 7.882, 0.000
N, 2095, 29.012, 9.656, 0.000
N, 2096, 27.988, 10.641, 0.000
N, 2097, 29.694, 12.415, 0.000
N, 2098, 28.329, 12.020, 0.000
N, 2099, 30.036, 13.794, 0.000
N, 2100, 29.012, 14.779, 0.000
N, 2101, 30.718, 16.553, 0.000
N, 2102, 29.353, 16.159, 0.000
N, 2103, 31.060, 17.932, 0.000
N, 2104, 30.036, 18.918, 0.000
N, 2105, 31.742, 20.691, 0.000
N, 2106, 30.377, 20.297, 0.000
N, 2107, 32.083, 22.070, 0.000
N, 2108, 31.060, 23.056, 0.000
N, 2109, 32.766, 24.829, 0.000
N, 2110, 31.401, 24.435, 0.000
N, 2111, 33.107, 26.209, 0.000
N, 2112, 32.083, 27.194, 0.000
N, 2113, 33.790, 28.967, 0.000
N, 2114, 32.425, 28.573, 0.000
N, 2115, 34.131, 30.347, 0.000
N, 2116, 33.107, 31.332, 0.000
N, 2117, 34.814, 33.106, 0.000
N, 2118, 33.449, 32.712, 0.000
N, 2119, 35.155, 34.485, 0.000
N, 2120, 34.131, 35.470, 0.000
N, 2121, 34.473, 36.850, 0.000
N, 2122, 35.155, 39.609, 0.000
N, 2123, 29.353, 0.788, 0.000
N, 2124, 28.329, 1.774, 0.000
N, 2125, 30.036, 3.547, 0.000
N, 2126, 28.670, 3.153, 0.000
N, 2127, 30.377, 4.926, 0.000
N, 2128, 29.353, 5.912, 0.000
N, 2129, 31.060, 7.685, 0.000
N, 2130, 29.694, 7.291, 0.000
N, 2131, 31.401, 9.065, 0.000
N, 2132, 30.377, 10.050, 0.000
N, 2133, 32.083, 11.823, 0.000
N, 2134, 30.718, 11.429, 0.000
N, 2135, 32.425, 13.203, 0.000
N, 2136, 31.401, 14.188, 0.000
N, 2137, 33.107, 15.962, 0.000
N, 2138, 31.742, 15.568, 0.000
N, 2139, 33.449, 17.341, 0.000
N, 2140, 32.425, 18.326, 0.000
N, 2141, 34.131, 20.100, 0.000
N, 2142, 32.766, 19.706, 0.000
N, 2143, 34.473, 21.479, 0.000
N, 2144, 33.449, 22.465, 0.000
N, 2145, 35.155, 24.238, 0.000
N, 2146, 33.790, 23.844, 0.000
N, 2147, 34.473, 26.603, 0.000
N, 2148, 34.814, 27.982, 0.000
N, 2149, 31.742, 0.197, 0.000
N, 2150, 30.718, 1.182, 0.000
N, 2151, 32.425, 2.956, 0.000
N, 2152, 31.060, 2.562, 0.000
N, 2153, 32.766, 4.335, 0.000
N, 2154, 31.742, 5.321, 0.000
N, 2155, 33.449, 7.094, 0.000
N, 2156, 32.083, 6.700, 0.000
N, 2157, 33.790, 8.473, 0.000
N, 2158, 32.766, 9.459, 0.000
N, 2159, 34.473, 11.232, 0.000
N, 2160, 33.107, 10.838, 0.000
N, 2161, 34.814, 12.612, 0.000
N, 2162, 33.790, 13.597, 0.000
N, 2163, 34.131, 14.976, 0.000
N, 2164, 34.814, 17.735, 0.000
N, 2165, 35.155, 19.115, 0.000
N, 2166, 33.107, 0.591, 0.000
N, 2167, 34.814, 2.365, 0.000
N, 2168, 33.449, 1.971, 0.000
N, 2169, 35.155, 3.744, 0.000
N, 2170, 34.131, 4.729, 0.000
N, 2171, 34.473, 6.109, 0.000
N, 2172, 35.155, 8.868, 0.000
