/PREP7
K,1,0.0,199.816,0.0
K,2,0.341,190.949,0.0
K,3,0.683,192.328,0.0
K,4,1.365,195.087,0.0
K,5,0.0,194.693,0.0
K,6,1.707,196.466,0.0
K,7,0.683,197.451,0.0
K,8,2.389,199.225,0.0
K,9,1.024,198.831,0.0
K,10,0.0,179.322,0.0
K,12,1.024,183.46,0.0
K,13,0.0,184.446,0.0
K,14,1.707,186.219,0.0
K,15,0.341,185.825,0.0
K,16,2.048,187.599,0.0
K,17,1.024,188.584,0.0
K,18,2.731,190.357,0.0
K,19,1.365,189.963,0.0
K,20,3.072,191.737,0.0
K,21,2.048,192.722,0.0
K,22,3.754,194.496,0.0
K,23,2.389,194.101,0.0
K,24,4.096,195.875,0.0
K,25,3.072,196.86,0.0
K,26,4.778,198.634,0.0
K,27,3.413,198.24,0.0
K,28,5.12,200.013,0.0
K,29,0.0,169.075,0.0
K,30,0.341,170.455,0.0
K,31,1.024,173.213,0.0
K,32,1.365,174.593,0.0
K,33,0.341,175.578,0.0
K,34,2.048,177.352,0.0
K,35,0.683,176.957,0.0
K,36,2.389,178.731,0.0
K,37,1.365,179.716,0.0
K,38,3.072,181.49,0.0
K,40,3.413,182.869,0.0
K,41,2.389,183.854,0.0
K,42,4.096,185.628,0.0
K,43,2.731,185.234,0.0
K,44,4.437,187.007,0.0
K,45,3.413,187.993,0.0
K,46,5.12,189.766,0.0
K,47,3.754,189.372,0.0
K,48,5.461,191.146,0.0
K,49,4.437,192.131,0.0
K,50,6.144,193.904,0.0
K,51,4.778,193.51,0.0
K,52,6.485,195.284,0.0
K,53,5.461,196.269,0.0
K,54,7.168,198.043,0.0
K,55,5.802,197.648,0.0
K,56,7.509,199.422,0.0
K,57,0.341,160.208,0.0
K,58,0.683,161.587,0.0
K,59,1.365,164.346,0.0
K,60,0.0,163.952,0.0
K,61,1.707,165.725,0.0
K,62,0.683,166.71,0.0
K,63,2.389,168.484,0.0
K,64,1.024,168.09,0.0
K,66,1.707,170.849,0.0
K,67,3.413,172.622,0.0
K,68,2.048,172.228,0.0
K,69,3.754,174.002,0.0
K,71,4.437,176.76,0.0
K,72,3.072,176.366,0.0
K,73,4.778,178.14,0.0
K,74,3.754,179.125,0.0
K,75,5.461,180.899,0.0
K,76,4.096,180.505,0.0
K,77,5.802,182.278,0.0
K,78,4.778,183.263,0.0
K,79,6.485,185.037,0.0
K,80,5.12,184.643,0.0
K,81,6.826,186.416,0.0
K,82,5.802,187.401,0.0
K,83,7.509,189.175,0.0
K,84,6.144,188.781,0.0
K,85,7.85,190.554,0.0
K,86,6.826,191.54,0.0
K,87,8.533,193.313,0.0
K,88,7.168,192.919,0.0
K,89,8.874,194.693,0.0
K,90,7.85,195.678,0.0
K,91,9.557,197.451,0.0
K,92,8.192,197.057,0.0
K,93,9.898,198.831,0.0
K,94,8.874,199.816,0.0
K,95,0.0,148.581,0.0
K,97,1.024,152.719,0.0
K,98,0.0,153.705,0.0
K,99,1.707,155.478,0.0
K,100,0.341,155.084,0.0
K,101,2.048,156.858,0.0
K,102,1.024,157.843,0.0
K,103,2.731,159.616,0.0
K,104,1.365,159.222,0.0
K,105,3.072,160.996,0.0
K,106,2.048,161.981,0.0
K,107,3.754,163.755,0.0
K,108,2.389,163.361,0.0
K,109,4.096,165.134,0.0
K,110,3.072,166.119,0.0
K,111,4.778,167.893,0.0
K,112,3.413,167.499,0.0
K,113,5.12,169.272,0.0
K,114,4.096,170.258,0.0
K,115,5.802,172.031,0.0
K,116,4.437,171.637,0.0
K,117,6.144,173.41,0.0
K,118,5.12,174.396,0.0
K,119,6.826,176.169,0.0
K,120,5.461,175.775,0.0
K,121,7.168,177.549,0.0
K,122,6.144,178.534,0.0
K,123,7.85,180.307,0.0
K,124,6.485,179.913,0.0
K,125,8.192,181.687,0.0
K,126,7.168,182.672,0.0
K,127,8.874,184.446,0.0
K,128,7.509,184.052,0.0
K,129,9.215,185.825,0.0
K,130,8.192,186.81,0.0
K,131,9.898,188.584,0.0
K,132,8.533,188.19,0.0
K,133,10.239,189.963,0.0
K,134,9.215,190.949,0.0
K,135,10.922,192.722,0.0
K,136,9.557,192.328,0.0
K,137,11.263,194.101,0.0
K,138,10.239,195.087,0.0
K,139,11.946,196.86,0.0
K,140,10.581,196.466,0.0
K,141,12.287,198.24,0.0
K,142,11.263,199.225,0.0
K,143,0.0,138.334,0.0
K,144,0.341,139.714,0.0
K,145,1.024,142.472,0.0
K,146,1.365,143.852,0.0
K,147,0.341,144.837,0.0
K,148,2.048,146.611,0.0
K,149,0.683,146.217,0.0
K,150,2.389,147.99,0.0
K,151,1.365,148.975,0.0
K,152,3.072,150.749,0.0
K,153,1.707,150.355,0.0
K,154,3.413,152.128,0.0
K,155,2.389,153.114,0.0
K,156,4.096,154.887,0.0
K,157,2.731,154.493,0.0
K,158,4.437,156.266,0.0
K,159,3.413,157.252,0.0
K,160,5.12,159.025,0.0
K,161,3.754,158.631,0.0
K,162,5.461,160.405,0.0
K,163,4.437,161.39,0.0
K,164,6.144,163.163,0.0
K,165,4.778,162.769,0.0
K,166,6.485,164.543,0.0
K,167,5.461,165.528,0.0
K,168,7.168,167.302,0.0
K,169,5.802,166.908,0.0
K,170,7.509,168.681,0.0
K,171,6.485,169.666,0.0
K,172,8.192,171.44,0.0
K,173,6.826,171.046,0.0
K,174,8.533,172.819,0.0
K,175,7.509,173.805,0.0
K,176,9.215,175.578,0.0
K,178,9.557,176.957,0.0
K,179,8.533,177.943,0.0
K,180,10.239,179.716,0.0
K,181,8.874,179.322,0.0
K,182,10.581,181.096,0.0
K,183,9.557,182.081,0.0
K,184,11.263,183.854,0.0
K,185,9.898,183.46,0.0
K,186,11.605,185.234,0.0
K,187,10.581,186.219,0.0
K,188,12.287,187.993,0.0
K,190,12.629,189.372,0.0
K,191,11.605,190.357,0.0
K,192,13.311,192.131,0.0
K,193,11.946,191.737,0.0
K,195,12.629,194.496,0.0
K,196,14.335,196.269,0.0
K,197,12.97,195.875,0.0
K,198,14.676,197.648,0.0
K,199,13.653,198.634,0.0
K,200,13.994,200.013,0.0
K,201,0.341,129.467,0.0
K,203,1.365,133.605,0.0
K,204,0.0,133.211,0.0
K,205,1.707,134.984,0.0
K,206,0.683,135.97,0.0
K,207,2.389,137.743,0.0
K,208,1.024,137.349,0.0
K,209,2.731,139.122,0.0
K,210,1.707,140.108,0.0
K,211,3.413,141.881,0.0
K,212,2.048,141.487,0.0
K,213,3.754,143.261,0.0
K,214,2.731,144.246,0.0
K,215,4.437,146.019,0.0
K,216,3.072,145.625,0.0
K,217,4.778,147.399,0.0
K,218,3.754,148.384,0.0
K,219,5.461,150.158,0.0
K,220,4.096,149.764,0.0
K,221,5.802,151.537,0.0
K,222,4.778,152.522,0.0
K,223,6.485,154.296,0.0
K,224,5.12,153.902,0.0
K,225,6.826,155.675,0.0
K,226,5.802,156.661,0.0
K,227,7.509,158.434,0.0
K,228,6.144,158.04,0.0
K,229,7.85,159.813,0.0
K,230,6.826,160.799,0.0
K,232,7.168,162.178,0.0
K,233,8.874,163.952,0.0
K,234,7.85,164.937,0.0
K,236,8.192,166.316,0.0
K,237,9.898,168.09,0.0
K,238,8.874,169.075,0.0
K,239,10.581,170.849,0.0
K,240,9.215,170.455,0.0
K,241,10.922,172.228,0.0
K,242,9.898,173.213,0.0
K,243,11.605,174.987,0.0
K,244,10.239,174.593,0.0
K,245,11.946,176.366,0.0
K,247,12.629,179.125,0.0
K,248,11.263,178.731,0.0
K,249,12.97,180.505,0.0
K,251,13.653,183.263,0.0
K,252,12.287,182.869,0.0
K,253,13.994,184.643,0.0
K,254,12.97,185.628,0.0
K,255,14.676,187.401,0.0
K,256,13.311,187.007,0.0
K,257,15.018,188.781,0.0
K,258,13.994,189.766,0.0
K,259,15.7,191.54,0.0
K,260,14.335,191.146,0.0
K,261,16.042,192.919,0.0
K,262,15.018,193.904,0.0
K,263,16.724,195.678,0.0
K,264,15.359,195.284,0.0
K,265,17.066,197.057,0.0
K,266,16.042,198.043,0.0
K,268,16.383,199.422,0.0
K,269,0.0,117.84,0.0
K,270,0.683,120.599,0.0
K,271,1.024,121.978,0.0
K,272,0.0,122.964,0.0
K,273,1.707,124.737,0.0
K,274,0.341,124.343,0.0
K,275,2.048,126.117,0.0
K,276,1.024,127.102,0.0
K,277,2.731,128.875,0.0
K,278,1.365,128.481,0.0
K,279,3.072,130.255,0.0
K,280,2.048,131.24,0.0
K,282,2.389,132.62,0.0
K,283,4.096,134.393,0.0
K,284,3.072,135.378,0.0
K,285,4.778,137.152,0.0
K,286,3.413,136.758,0.0
K,287,5.12,138.531,0.0
K,288,4.096,139.517,0.0
K,289,5.802,141.29,0.0
K,290,4.437,140.896,0.0
K,291,6.144,142.669,0.0
K,292,5.12,143.655,0.0
K,293,6.826,145.428,0.0
K,294,5.461,145.034,0.0
K,295,7.168,146.808,0.0
K,296,6.144,147.793,0.0
K,297,7.85,149.567,0.0
K,298,6.485,149.172,0.0
K,299,8.192,150.946,0.0
K,300,7.168,151.931,0.0
K,301,8.874,153.705,0.0
K,302,7.509,153.311,0.0
K,303,9.215,155.084,0.0
K,304,8.192,156.069,0.0
K,306,8.533,157.449,0.0
K,307,10.239,159.222,0.0
K,308,9.215,160.208,0.0
K,309,10.922,161.981,0.0
K,310,9.557,161.587,0.0
K,311,11.263,163.361,0.0
K,312,10.239,164.346,0.0
K,313,11.946,166.119,0.0
K,314,10.581,165.725,0.0
K,315,12.287,167.499,0.0
K,316,11.263,168.484,0.0
K,317,12.97,170.258,0.0
K,318,11.605,169.863,0.0
K,319,13.311,171.637,0.0
K,320,12.287,172.622,0.0
K,321,13.994,174.396,0.0
K,322,12.629,174.002,0.0
K,323,14.335,175.775,0.0
K,324,13.311,176.76,0.0
K,325,15.018,178.534,0.0
K,326,13.653,178.14,0.0
K,327,15.359,179.913,0.0
K,328,14.335,180.899,0.0
K,329,16.042,182.672,0.0
K,330,14.676,182.278,0.0
K,331,16.383,184.052,0.0
K,332,15.359,185.037,0.0
K,333,17.066,186.81,0.0
K,334,15.7,186.416,0.0
K,335,17.407,188.19,0.0
K,336,16.383,189.175,0.0
K,337,18.09,190.949,0.0
K,338,16.724,190.554,0.0
K,339,18.431,192.328,0.0
K,340,17.407,193.313,0.0
K,341,19.114,195.087,0.0
K,342,17.748,194.693,0.0
K,343,19.455,196.466,0.0
K,344,18.431,197.451,0.0
K,345,20.137,199.225,0.0
K,346,18.772,198.831,0.0
K,347,0.0,107.593,0.0
K,348,0.341,108.973,0.0
K,349,1.024,111.732,0.0
K,350,1.365,113.111,0.0
K,351,0.341,114.096,0.0
K,352,2.048,115.87,0.0
K,353,0.683,115.476,0.0
K,354,2.389,117.249,0.0
K,355,1.365,118.234,0.0
K,356,3.072,120.008,0.0
K,357,1.707,119.614,0.0
K,358,3.413,121.387,0.0
K,359,2.389,122.373,0.0
K,360,4.096,124.146,0.0
K,361,2.731,123.752,0.0
K,362,4.437,125.526,0.0
K,363,3.413,126.511,0.0
K,364,5.12,128.284,0.0
K,365,3.754,127.89,0.0
K,366,5.461,129.664,0.0
K,367,4.437,130.649,0.0
K,368,6.144,132.423,0.0
K,369,4.778,132.028,0.0
K,370,6.485,133.802,0.0
K,371,5.461,134.787,0.0
K,372,7.168,136.561,0.0
K,373,5.802,136.167,0.0
K,374,7.509,137.94,0.0
K,375,6.485,138.925,0.0
K,376,8.192,140.699,0.0
K,377,6.826,140.305,0.0
K,378,8.533,142.078,0.0
K,379,7.509,143.064,0.0
K,380,9.215,144.837,0.0
K,381,7.85,144.443,0.0
K,382,9.557,146.217,0.0
K,383,8.533,147.202,0.0
K,384,10.239,148.975,0.0
K,385,8.874,148.581,0.0
K,386,10.581,150.355,0.0
K,387,9.557,151.34,0.0
K,388,11.263,153.114,0.0
K,389,9.898,152.719,0.0
K,390,11.605,154.493,0.0
K,391,10.581,155.478,0.0
K,392,12.287,157.252,0.0
K,393,10.922,156.858,0.0
K,394,12.629,158.631,0.0
K,395,11.605,159.616,0.0
K,396,13.311,161.39,0.0
K,397,11.946,160.996,0.0
K,398,13.653,162.769,0.0
K,399,12.629,163.755,0.0
K,400,14.335,165.528,0.0
K,401,12.97,165.134,0.0
K,402,14.676,166.908,0.0
K,403,13.653,167.893,0.0
K,404,15.359,169.666,0.0
K,405,13.994,169.272,0.0
K,406,15.7,171.046,0.0
K,407,14.676,172.031,0.0
K,408,16.383,173.805,0.0
K,409,15.018,173.41,0.0
K,410,16.724,175.184,0.0
K,411,15.7,176.169,0.0
K,412,17.407,177.943,0.0
K,413,16.042,177.549,0.0
K,414,17.748,179.322,0.0
K,415,16.724,180.307,0.0
K,416,18.431,182.081,0.0
K,417,17.066,181.687,0.0
K,418,18.772,183.46,0.0
K,419,17.748,184.446,0.0
K,420,19.455,186.219,0.0
K,421,18.09,185.825,0.0
K,422,19.796,187.599,0.0
K,423,18.772,188.584,0.0
K,424,20.479,190.357,0.0
K,425,19.114,189.963,0.0
K,426,20.82,191.737,0.0
K,427,19.796,192.722,0.0
K,428,21.503,194.496,0.0
K,429,20.137,194.101,0.0
K,430,21.844,195.875,0.0
K,431,20.82,196.86,0.0
K,432,22.527,198.634,0.0
K,433,21.161,198.24,0.0
K,434,22.868,200.013,0.0
K,435,0.341,98.726,0.0
K,436,0.683,100.105,0.0
K,437,1.365,102.864,0.0
K,438,0.0,102.47,0.0
K,439,1.707,104.243,0.0
K,440,0.683,105.229,0.0
K,441,2.389,107.002,0.0
K,442,1.024,106.608,0.0
K,443,2.731,108.382,0.0
K,444,1.707,109.367,0.0
K,445,3.413,111.14,0.0
K,446,2.048,110.746,0.0
K,447,3.754,112.52,0.0
K,448,2.731,113.505,0.0
K,449,4.437,115.279,0.0
K,450,3.072,114.884,0.0
K,451,4.778,116.658,0.0
K,452,3.754,117.643,0.0
K,453,5.461,119.417,0.0
K,454,4.096,119.023,0.0
K,455,5.802,120.796,0.0
K,456,4.778,121.781,0.0
K,457,6.485,123.555,0.0
K,458,5.12,123.161,0.0
K,459,6.826,124.934,0.0
K,460,5.802,125.92,0.0
K,461,7.509,127.693,0.0
K,462,6.144,127.299,0.0
K,464,6.826,130.058,0.0
K,465,8.533,131.831,0.0
K,466,7.168,131.437,0.0
K,467,8.874,133.211,0.0
K,468,7.85,134.196,0.0
K,469,9.557,135.97,0.0
K,470,8.192,135.575,0.0
K,471,9.898,137.349,0.0
K,472,8.874,138.334,0.0
K,473,10.581,140.108,0.0
K,474,9.215,139.714,0.0
K,475,10.922,141.487,0.0
K,476,9.898,142.472,0.0
K,477,11.605,144.246,0.0
K,480,10.922,146.611,0.0
K,481,12.629,148.384,0.0
K,482,11.263,147.99,0.0
K,484,11.946,150.749,0.0
K,485,13.653,152.522,0.0
K,486,12.287,152.128,0.0
K,487,13.994,153.902,0.0
K,488,12.97,154.887,0.0
K,489,14.676,156.661,0.0
K,490,13.311,156.266,0.0
K,491,15.018,158.04,0.0
K,492,13.994,159.025,0.0
K,493,15.7,160.799,0.0
K,494,14.335,160.405,0.0
K,495,16.042,162.178,0.0
K,496,15.018,163.163,0.0
K,497,16.724,164.937,0.0
K,498,15.359,164.543,0.0
K,499,17.066,166.316,0.0
K,500,16.042,167.302,0.0
K,501,17.748,169.075,0.0
K,502,16.383,168.681,0.0
K,503,18.09,170.455,0.0
K,504,17.066,171.44,0.0
K,505,18.772,173.213,0.0
K,506,17.407,172.819,0.0
K,507,19.114,174.593,0.0
K,508,18.09,175.578,0.0
K,509,19.796,177.352,0.0
K,511,20.137,178.731,0.0
K,512,19.114,179.716,0.0
K,513,20.82,181.49,0.0
K,514,19.455,181.096,0.0
K,515,21.161,182.869,0.0
K,516,20.137,183.854,0.0
K,517,21.844,185.628,0.0
K,518,20.479,185.234,0.0
K,519,22.185,187.007,0.0
K,520,21.161,187.993,0.0
K,521,22.868,189.766,0.0
K,522,21.503,189.372,0.0
K,523,23.209,191.146,0.0
K,524,22.185,192.131,0.0
K,525,23.892,193.904,0.0
K,526,22.527,193.51,0.0
K,527,24.233,195.284,0.0
K,528,23.209,196.269,0.0
K,529,24.916,198.043,0.0
K,530,23.551,197.648,0.0
K,531,25.257,199.422,0.0
K,532,0.0,87.099,0.0
K,533,0.683,89.858,0.0
K,534,1.024,91.238,0.0
K,535,0.0,92.223,0.0
K,536,1.707,93.996,0.0
K,537,0.341,93.602,0.0
K,538,2.048,95.376,0.0
K,539,1.024,96.361,0.0
K,540,2.731,98.135,0.0
K,541,1.365,97.74,0.0
K,542,3.072,99.514,0.0
K,543,2.048,100.499,0.0
K,544,3.754,102.273,0.0
K,545,2.389,101.879,0.0
K,546,4.096,103.652,0.0
K,547,3.072,104.637,0.0
K,548,4.778,106.411,0.0
K,549,3.413,106.017,0.0
K,550,5.12,107.79,0.0
K,551,4.096,108.776,0.0
K,552,5.802,110.549,0.0
K,553,4.437,110.155,0.0
K,554,6.144,111.929,0.0
K,555,5.12,112.914,0.0
K,556,6.826,114.687,0.0
K,557,5.461,114.293,0.0
K,558,7.168,116.067,0.0
K,559,6.144,117.052,0.0
K,560,7.85,118.826,0.0
K,561,6.485,118.431,0.0
K,562,8.192,120.205,0.0
K,563,7.168,121.19,0.0
K,564,8.874,122.964,0.0
K,565,7.509,122.57,0.0
K,566,9.215,124.343,0.0
K,567,8.192,125.328,0.0
K,568,9.898,127.102,0.0
K,569,8.533,126.708,0.0
K,570,10.239,128.481,0.0
K,571,9.215,129.467,0.0
K,572,10.922,131.24,0.0
K,573,9.557,130.846,0.0
K,574,11.263,132.62,0.0
K,575,10.239,133.605,0.0
K,576,11.946,135.378,0.0
K,577,10.581,134.984,0.0
K,578,12.287,136.758,0.0
K,579,11.263,137.743,0.0
K,580,12.97,139.517,0.0
K,581,11.605,139.122,0.0
K,582,13.311,140.896,0.0
K,583,12.287,141.881,0.0
K,584,13.994,143.655,0.0
K,585,12.629,143.261,0.0
K,586,14.335,145.034,0.0
K,587,13.311,146.019,0.0
K,588,15.018,147.793,0.0
K,589,13.653,147.399,0.0
K,590,15.359,149.172,0.0
K,591,14.335,150.158,0.0
K,592,16.042,151.931,0.0
K,593,14.676,151.537,0.0
K,594,16.383,153.311,0.0
K,595,15.359,154.296,0.0
K,596,17.066,156.069,0.0
K,597,15.7,155.675,0.0
K,598,17.407,157.449,0.0
K,599,16.383,158.434,0.0
K,600,18.09,160.208,0.0
K,601,16.724,159.813,0.0
K,602,18.431,161.587,0.0
K,603,17.407,162.572,0.0
K,604,19.114,164.346,0.0
K,605,17.748,163.952,0.0
K,606,19.455,165.725,0.0
K,607,18.431,166.71,0.0
K,608,20.137,168.484,0.0
K,609,18.772,168.09,0.0
K,610,20.479,169.863,0.0
K,611,19.455,170.849,0.0
K,612,21.161,172.622,0.0
K,613,19.796,172.228,0.0
K,614,21.503,174.002,0.0
K,615,20.479,174.987,0.0
K,616,22.185,176.76,0.0
K,617,20.82,176.366,0.0
K,618,22.527,178.14,0.0
K,619,21.503,179.125,0.0
K,621,21.844,180.505,0.0
K,622,23.551,182.278,0.0
K,623,22.527,183.263,0.0
K,624,24.233,185.037,0.0
K,625,22.868,184.643,0.0
K,626,24.575,186.416,0.0
K,627,23.551,187.401,0.0
K,628,25.257,189.175,0.0
K,629,23.892,188.781,0.0
K,630,25.598,190.554,0.0
K,631,24.575,191.54,0.0
K,632,26.281,193.313,0.0
K,633,24.916,192.919,0.0
K,634,25.598,195.678,0.0
K,635,25.94,197.057,0.0
K,636,0.0,76.852,0.0
K,637,0.341,78.232,0.0
K,638,1.024,80.991,0.0
K,639,1.365,82.37,0.0
K,640,0.341,83.355,0.0
K,641,2.048,85.129,0.0
K,642,0.683,84.735,0.0
K,643,2.389,86.508,0.0
K,644,1.365,87.493,0.0
K,645,3.072,89.267,0.0
K,646,1.707,88.873,0.0
K,647,3.413,90.646,0.0
K,648,2.389,91.632,0.0
K,649,4.096,93.405,0.0
K,650,2.731,93.011,0.0
K,651,4.437,94.785,0.0
K,652,3.413,95.77,0.0
K,653,5.12,97.543,0.0
K,654,3.754,97.149,0.0
K,655,5.461,98.923,0.0
K,656,4.437,99.908,0.0
K,657,6.144,101.682,0.0
K,658,4.778,101.287,0.0
K,659,6.485,103.061,0.0
K,660,5.461,104.046,0.0
K,661,7.168,105.82,0.0
K,663,7.509,107.199,0.0
K,664,6.485,108.184,0.0
K,665,8.192,109.958,0.0
K,666,6.826,109.564,0.0
K,667,8.533,111.337,0.0
K,668,7.509,112.323,0.0
K,669,9.215,114.096,0.0
K,670,7.85,113.702,0.0
K,671,9.557,115.476,0.0
K,672,8.533,116.461,0.0
K,673,10.239,118.234,0.0
K,674,8.874,117.84,0.0
K,675,10.581,119.614,0.0
K,676,9.557,120.599,0.0
K,678,9.898,121.978,0.0
K,679,11.605,123.752,0.0
K,680,10.581,124.737,0.0
K,681,12.287,126.511,0.0
K,682,10.922,126.117,0.0
K,683,12.629,127.89,0.0
K,684,11.605,128.875,0.0
K,685,13.311,130.649,0.0
K,686,11.946,130.255,0.0
K,687,13.653,132.028,0.0
K,688,12.629,133.014,0.0
K,689,14.335,134.787,0.0
K,690,12.97,134.393,0.0
K,691,14.676,136.167,0.0
K,692,13.653,137.152,0.0
K,693,15.359,138.925,0.0
K,694,13.994,138.531,0.0
K,695,15.7,140.305,0.0
K,696,14.676,141.29,0.0
K,697,16.383,143.064,0.0
K,698,15.018,142.669,0.0
K,699,16.724,144.443,0.0
K,700,15.7,145.428,0.0
K,701,17.407,147.202,0.0
K,702,16.042,146.808,0.0
K,703,17.748,148.581,0.0
K,704,16.724,149.567,0.0
K,705,18.431,151.34,0.0
K,706,17.066,150.946,0.0
K,707,18.772,152.719,0.0
K,708,17.748,153.705,0.0
K,709,19.455,155.478,0.0
K,710,18.09,155.084,0.0
K,711,19.796,156.858,0.0
K,713,20.479,159.616,0.0
K,714,19.114,159.222,0.0
K,715,20.82,160.996,0.0
K,716,19.796,161.981,0.0
K,717,21.503,163.755,0.0
K,718,20.137,163.361,0.0
K,719,21.844,165.134,0.0
K,720,20.82,166.119,0.0
K,721,22.527,167.893,0.0
K,722,21.161,167.499,0.0
K,723,22.868,169.272,0.0
K,724,21.844,170.258,0.0
K,725,23.551,172.031,0.0
K,726,22.185,171.637,0.0
K,727,23.892,173.41,0.0
K,728,22.868,174.396,0.0
K,729,24.575,176.169,0.0
K,730,23.209,175.775,0.0
K,732,23.892,178.534,0.0
K,733,25.598,180.307,0.0
K,734,24.233,179.913,0.0
K,735,25.94,181.687,0.0
K,736,24.916,182.672,0.0
K,737,25.257,184.052,0.0
K,738,25.94,186.81,0.0
K,739,26.281,188.19,0.0
K,740,0.341,67.985,0.0
K,741,0.683,69.364,0.0
K,742,1.365,72.123,0.0
K,743,0.0,71.729,0.0
K,744,1.707,73.502,0.0
K,745,0.683,74.488,0.0
K,746,2.389,76.261,0.0
K,747,1.024,75.867,0.0
K,748,2.731,77.641,0.0
K,749,1.707,78.626,0.0
K,751,2.048,80.005,0.0
K,752,3.754,81.779,0.0
K,753,2.731,82.764,0.0
K,754,4.437,84.538,0.0
K,755,3.072,84.143,0.0
K,756,4.778,85.917,0.0
K,757,3.754,86.902,0.0
K,758,5.461,88.676,0.0
K,759,4.096,88.282,0.0
K,761,4.778,91.04,0.0
K,762,6.485,92.814,0.0
K,763,5.12,92.42,0.0
K,764,6.826,94.193,0.0
K,765,5.802,95.179,0.0
K,766,7.509,96.952,0.0
K,767,6.144,96.558,0.0
K,768,7.85,98.332,0.0
K,769,6.826,99.317,0.0
K,770,8.533,101.09,0.0
K,771,7.168,100.696,0.0
K,772,8.874,102.47,0.0
K,773,7.85,103.455,0.0
K,774,9.557,105.229,0.0
K,775,8.192,104.834,0.0
K,776,9.898,106.608,0.0
K,777,8.874,107.593,0.0
K,778,10.581,109.367,0.0
K,779,9.215,108.973,0.0
K,780,10.922,110.746,0.0
K,781,9.898,111.732,0.0
K,782,11.605,113.505,0.0
K,783,10.239,113.111,0.0
K,784,11.946,114.884,0.0
K,785,10.922,115.87,0.0
K,786,12.629,117.643,0.0
K,787,11.263,117.249,0.0
K,788,12.97,119.023,0.0
K,789,11.946,120.008,0.0
K,790,13.653,121.781,0.0
K,791,12.287,121.387,0.0
K,792,13.994,123.161,0.0
K,793,12.97,124.146,0.0
K,794,14.676,125.92,0.0
K,795,13.311,125.526,0.0
K,796,15.018,127.299,0.0
K,797,13.994,128.284,0.0
K,798,15.7,130.058,0.0
K,799,14.335,129.664,0.0
K,800,16.042,131.437,0.0
K,801,15.018,132.423,0.0
K,802,16.724,134.196,0.0
K,803,15.359,133.802,0.0
K,804,17.066,135.575,0.0
K,805,16.042,136.561,0.0
K,806,17.748,138.334,0.0
K,807,16.383,137.94,0.0
K,808,18.09,139.714,0.0
K,809,17.066,140.699,0.0
K,810,18.772,142.472,0.0
K,811,17.407,142.078,0.0
K,812,19.114,143.852,0.0
K,813,18.09,144.837,0.0
K,814,19.796,146.611,0.0
K,815,18.431,146.217,0.0
K,816,20.137,147.99,0.0
K,817,19.114,148.975,0.0
K,818,20.82,150.749,0.0
K,819,19.455,150.355,0.0
K,820,21.161,152.128,0.0
K,821,20.137,153.114,0.0
K,822,21.844,154.887,0.0
K,823,20.479,154.493,0.0
K,824,22.185,156.266,0.0
K,825,21.161,157.252,0.0
K,826,22.868,159.025,0.0
K,827,21.503,158.631,0.0
K,828,23.209,160.405,0.0
K,829,22.185,161.39,0.0
K,830,23.892,163.163,0.0
K,831,22.527,162.769,0.0
K,832,24.233,164.543,0.0
K,834,24.916,167.302,0.0
K,835,23.551,166.908,0.0
K,836,25.257,168.681,0.0
K,837,24.233,169.666,0.0
K,838,25.94,171.44,0.0
K,839,24.575,171.046,0.0
K,840,26.281,172.819,0.0
K,841,25.257,173.805,0.0
K,842,25.598,175.184,0.0
K,843,26.281,177.943,0.0
K,844,0.0,56.358,0.0
K,845,0.683,59.117,0.0
K,846,1.024,60.497,0.0
K,847,0.0,61.482,0.0
K,848,1.707,63.255,0.0
K,849,0.341,62.861,0.0
K,851,1.024,65.62,0.0
K,852,2.731,67.394,0.0
K,853,1.365,66.999,0.0
K,854,3.072,68.773,0.0
K,855,2.048,69.758,0.0
K,856,3.754,71.532,0.0
K,857,2.389,71.138,0.0
K,858,4.096,72.911,0.0
K,859,3.072,73.896,0.0
K,860,4.778,75.67,0.0
K,861,3.413,75.276,0.0
K,862,5.12,77.049,0.0
K,863,4.096,78.035,0.0
K,864,5.802,79.808,0.0
K,866,6.144,81.188,0.0
K,867,5.12,82.173,0.0
K,868,6.826,83.946,0.0
K,869,5.461,83.552,0.0
K,870,7.168,85.326,0.0
K,871,6.144,86.311,0.0
K,872,7.85,88.085,0.0
K,873,6.485,87.69,0.0
K,874,8.192,89.464,0.0
K,875,7.168,90.449,0.0
K,876,8.874,92.223,0.0
K,877,7.509,91.829,0.0
K,878,9.215,93.602,0.0
K,879,8.192,94.587,0.0
K,880,9.898,96.361,0.0
K,881,8.533,95.967,0.0
K,882,10.239,97.74,0.0
K,883,9.215,98.726,0.0
K,884,10.922,100.499,0.0
K,885,9.557,100.105,0.0
K,886,11.263,101.879,0.0
K,887,10.239,102.864,0.0
K,888,11.946,104.637,0.0
K,890,12.287,106.017,0.0
K,892,12.97,108.776,0.0
K,893,11.605,108.382,0.0
K,894,13.311,110.155,0.0
K,895,12.287,111.14,0.0
K,896,13.994,112.914,0.0
K,897,12.629,112.52,0.0
K,898,14.335,114.293,0.0
K,900,15.018,117.052,0.0
K,901,13.653,116.658,0.0
K,902,15.359,118.431,0.0
K,903,14.335,119.417,0.0
K,904,16.042,121.19,0.0
K,905,14.676,120.796,0.0
K,906,16.383,122.57,0.0
K,907,15.359,123.555,0.0
K,908,17.066,125.328,0.0
K,909,15.7,124.934,0.0
K,910,17.407,126.708,0.0
K,911,16.383,127.693,0.0
K,912,18.09,129.467,0.0
K,913,16.724,129.073,0.0
K,914,18.431,130.846,0.0
K,915,17.407,131.831,0.0
K,916,19.114,133.605,0.0
K,917,17.748,133.211,0.0
K,918,19.455,134.984,0.0
K,919,18.431,135.97,0.0
K,920,20.137,137.743,0.0
K,921,18.772,137.349,0.0
K,922,20.479,139.122,0.0
K,923,19.455,140.108,0.0
K,924,21.161,141.881,0.0
K,925,19.796,141.487,0.0
K,926,21.503,143.261,0.0
K,927,20.479,144.246,0.0
K,928,22.185,146.019,0.0
K,929,20.82,145.625,0.0
K,931,21.503,148.384,0.0
K,932,23.209,150.158,0.0
K,933,21.844,149.764,0.0
K,934,23.551,151.537,0.0
K,935,22.527,152.522,0.0
K,936,24.233,154.296,0.0
K,937,22.868,153.902,0.0
K,938,24.575,155.675,0.0
K,939,23.551,156.661,0.0
K,940,25.257,158.434,0.0
K,941,23.892,158.04,0.0
K,942,25.598,159.813,0.0
K,943,24.575,160.799,0.0
K,944,26.281,162.572,0.0
K,945,24.916,162.178,0.0
K,946,25.598,164.937,0.0
K,947,25.94,166.316,0.0
K,948,0.0,46.111,0.0
K,949,0.341,47.491,0.0
K,950,1.024,50.25,0.0
K,951,1.365,51.629,0.0
K,952,0.341,52.614,0.0
K,953,2.048,54.388,0.0
K,954,0.683,53.994,0.0
K,955,2.389,55.767,0.0
K,956,1.365,56.752,0.0
K,957,3.072,58.526,0.0
K,958,1.707,58.132,0.0
K,959,3.413,59.905,0.0
K,960,2.389,60.891,0.0
K,961,4.096,62.664,0.0
K,962,2.731,62.27,0.0
K,963,4.437,64.044,0.0
K,964,3.413,65.029,0.0
K,965,5.12,66.802,0.0
K,966,3.754,66.408,0.0
K,967,5.461,68.182,0.0
K,968,4.437,69.167,0.0
K,969,6.144,70.941,0.0
K,970,4.778,70.546,0.0
K,971,6.485,72.32,0.0
K,972,5.461,73.305,0.0
K,973,7.168,75.079,0.0
K,974,5.802,74.685,0.0
K,975,7.509,76.458,0.0
K,976,6.485,77.444,0.0
K,977,8.192,79.217,0.0
K,978,6.826,78.823,0.0
K,979,8.533,80.596,0.0
K,980,7.509,81.582,0.0
K,981,9.215,83.355,0.0
K,982,7.85,82.961,0.0
K,983,9.557,84.735,0.0
K,984,8.533,85.72,0.0
K,985,10.239,87.493,0.0
K,986,8.874,87.099,0.0
K,987,10.581,88.873,0.0
K,988,9.557,89.858,0.0
K,989,11.263,91.632,0.0
K,990,9.898,91.238,0.0
K,991,11.605,93.011,0.0
K,992,10.581,93.996,0.0
K,993,12.287,95.77,0.0
K,994,10.922,95.376,0.0
K,995,12.629,97.149,0.0
K,996,11.605,98.135,0.0
K,997,13.311,99.908,0.0
K,998,11.946,99.514,0.0
K,999,13.653,101.287,0.0
K,1000,12.629,102.273,0.0
K,1001,14.335,104.046,0.0
K,1002,12.97,103.652,0.0
K,1003,14.676,105.426,0.0
K,1004,13.653,106.411,0.0
K,1005,15.359,108.184,0.0
K,1006,13.994,107.79,0.0
K,1007,15.7,109.564,0.0
K,1008,14.676,110.549,0.0
K,1009,16.383,112.323,0.0
K,1011,16.724,113.702,0.0
K,1012,15.7,114.687,0.0
K,1013,17.407,116.461,0.0
K,1014,16.042,116.067,0.0
K,1015,17.748,117.84,0.0
K,1016,16.724,118.826,0.0
K,1017,18.431,120.599,0.0
K,1018,17.066,120.205,0.0
K,1019,18.772,121.978,0.0
K,1020,17.748,122.964,0.0
K,1021,19.455,124.737,0.0
K,1022,18.09,124.343,0.0
K,1023,19.796,126.117,0.0
K,1024,18.772,127.102,0.0
K,1025,20.479,128.875,0.0
K,1026,19.114,128.481,0.0
K,1027,20.82,130.255,0.0
K,1028,19.796,131.24,0.0
K,1029,21.503,133.014,0.0
K,1030,20.137,132.62,0.0
K,1031,21.844,134.393,0.0
K,1032,20.82,135.378,0.0
K,1033,22.527,137.152,0.0
K,1034,21.161,136.758,0.0
K,1035,22.868,138.531,0.0
K,1036,21.844,139.517,0.0
K,1037,23.551,141.29,0.0
K,1038,22.185,140.896,0.0
K,1039,23.892,142.669,0.0
K,1040,22.868,143.655,0.0
K,1041,24.575,145.428,0.0
K,1042,23.209,145.034,0.0
K,1043,24.916,146.808,0.0
K,1044,23.892,147.793,0.0
K,1045,25.598,149.567,0.0
K,1046,24.233,149.172,0.0
K,1047,25.94,150.946,0.0
K,1048,24.916,151.931,0.0
K,1049,25.257,153.311,0.0
K,1050,25.94,156.069,0.0
K,1051,26.281,157.449,0.0
K,1052,0.341,37.244,0.0
K,1053,0.683,38.623,0.0
K,1054,1.365,41.382,0.0
K,1055,0.0,40.988,0.0
K,1056,1.707,42.761,0.0
K,1057,0.683,43.747,0.0
K,1058,2.389,45.52,0.0
K,1059,1.024,45.126,0.0
K,1060,2.731,46.9,0.0
K,1061,1.707,47.885,0.0
K,1062,3.413,49.658,0.0
K,1063,2.048,49.264,0.0
K,1064,3.754,51.038,0.0
K,1065,2.731,52.023,0.0
K,1066,4.437,53.797,0.0
K,1067,3.072,53.403,0.0
K,1068,4.778,55.176,0.0
K,1069,3.754,56.161,0.0
K,1070,5.461,57.935,0.0
K,1071,4.096,57.541,0.0
K,1072,5.802,59.314,0.0
K,1073,4.778,60.3,0.0
K,1074,6.485,62.073,0.0
K,1075,5.12,61.679,0.0
K,1076,6.826,63.452,0.0
K,1077,5.802,64.438,0.0
K,1078,7.509,66.211,0.0
K,1079,6.144,65.817,0.0
K,1080,7.85,67.591,0.0
K,1081,6.826,68.576,0.0
K,1082,8.533,70.349,0.0
K,1084,8.874,71.729,0.0
K,1085,7.85,72.714,0.0
K,1086,9.557,74.488,0.0
K,1087,8.192,74.094,0.0
K,1088,9.898,75.867,0.0
K,1089,8.874,76.852,0.0
K,1090,10.581,78.626,0.0
K,1091,9.215,78.232,0.0
K,1092,10.922,80.005,0.0
K,1093,9.898,80.991,0.0
K,1094,11.605,82.764,0.0
K,1095,10.239,82.37,0.0
K,1096,11.946,84.143,0.0
K,1097,10.922,85.129,0.0
K,1098,12.629,86.902,0.0
K,1099,11.263,86.508,0.0
K,1100,12.97,88.282,0.0
K,1101,11.946,89.267,0.0
K,1102,13.653,91.04,0.0
K,1103,12.287,90.646,0.0
K,1104,13.994,92.42,0.0
K,1105,12.97,93.405,0.0
K,1106,14.676,95.179,0.0
K,1107,13.311,94.785,0.0
K,1108,15.018,96.558,0.0
K,1109,13.994,97.543,0.0
K,1110,15.7,99.317,0.0
K,1111,14.335,98.923,0.0
K,1112,16.042,100.696,0.0
K,1113,15.018,101.682,0.0
K,1114,16.724,103.455,0.0
K,1115,15.359,103.061,0.0
K,1116,17.066,104.834,0.0
K,1117,16.042,105.82,0.0
K,1118,17.748,107.593,0.0
K,1119,16.383,107.199,0.0
K,1120,18.09,108.973,0.0
K,1121,17.066,109.958,0.0
K,1122,18.772,111.732,0.0
K,1123,17.407,111.337,0.0
K,1124,19.114,113.111,0.0
K,1125,18.09,114.096,0.0
K,1126,19.796,115.87,0.0
K,1127,18.431,115.476,0.0
K,1128,20.137,117.249,0.0
K,1129,19.114,118.234,0.0
K,1130,20.82,120.008,0.0
K,1131,19.455,119.614,0.0
K,1132,21.161,121.387,0.0
K,1133,20.137,122.373,0.0
K,1134,21.844,124.146,0.0
K,1135,20.479,123.752,0.0
K,1136,22.185,125.526,0.0
K,1137,21.161,126.511,0.0
K,1138,22.868,128.284,0.0
K,1139,21.503,127.89,0.0
K,1140,23.209,129.664,0.0
K,1141,22.185,130.649,0.0
K,1142,23.892,132.423,0.0
K,1143,22.527,132.028,0.0
K,1144,24.233,133.802,0.0
K,1145,23.209,134.787,0.0
K,1146,24.916,136.561,0.0
K,1147,23.551,136.167,0.0
K,1148,25.257,137.94,0.0
K,1149,24.233,138.925,0.0
K,1150,25.94,140.699,0.0
K,1151,24.575,140.305,0.0
K,1152,26.281,142.078,0.0
K,1153,25.257,143.064,0.0
K,1154,25.598,144.443,0.0
K,1155,26.281,147.202,0.0
K,1156,0.0,25.617,0.0
K,1157,0.683,28.376,0.0
K,1158,1.024,29.756,0.0
K,1159,0.0,30.741,0.0
K,1160,1.707,32.514,0.0
K,1161,0.341,32.12,0.0
K,1162,2.048,33.894,0.0
K,1163,1.024,34.879,0.0
K,1164,2.731,36.653,0.0
K,1165,1.365,36.259,0.0
K,1166,3.072,38.032,0.0
K,1167,2.048,39.017,0.0
K,1168,3.754,40.791,0.0
K,1169,2.389,40.397,0.0
K,1170,4.096,42.17,0.0
K,1171,3.072,43.156,0.0
K,1172,4.778,44.929,0.0
K,1173,3.413,44.535,0.0
K,1174,5.12,46.308,0.0
K,1175,4.096,47.294,0.0
K,1176,5.802,49.067,0.0
K,1177,4.437,48.673,0.0
K,1178,6.144,50.447,0.0
K,1179,5.12,51.432,0.0
K,1180,6.826,53.205,0.0
K,1181,5.461,52.811,0.0
K,1182,7.168,54.585,0.0
K,1183,6.144,55.57,0.0
K,1184,7.85,57.344,0.0
K,1185,6.485,56.95,0.0
K,1186,8.192,58.723,0.0
K,1187,7.168,59.708,0.0
K,1188,8.874,61.482,0.0
K,1189,7.509,61.088,0.0
K,1190,9.215,62.861,0.0
K,1191,8.192,63.847,0.0
K,1192,9.898,65.62,0.0
K,1193,8.533,65.226,0.0
K,1194,10.239,66.999,0.0
K,1195,9.215,67.985,0.0
K,1196,10.922,69.758,0.0
K,1197,9.557,69.364,0.0
K,1198,11.263,71.138,0.0
K,1199,10.239,72.123,0.0
K,1200,11.946,73.896,0.0
K,1201,10.581,73.502,0.0
K,1202,12.287,75.276,0.0
K,1203,11.263,76.261,0.0
K,1204,12.97,78.035,0.0
K,1205,11.605,77.641,0.0
K,1206,13.311,79.414,0.0
K,1207,12.287,80.399,0.0
K,1208,13.994,82.173,0.0
K,1209,12.629,81.779,0.0
K,1210,14.335,83.552,0.0
K,1211,13.311,84.538,0.0
K,1212,15.018,86.311,0.0
K,1214,15.359,87.69,0.0
K,1215,14.335,88.676,0.0
K,1216,16.042,90.449,0.0
K,1217,14.676,90.055,0.0
K,1218,16.383,91.829,0.0
K,1219,15.359,92.814,0.0
K,1220,17.066,94.587,0.0
K,1221,15.7,94.193,0.0
K,1222,17.407,95.967,0.0
K,1223,16.383,96.952,0.0
K,1224,18.09,98.726,0.0
K,1225,16.724,98.332,0.0
K,1226,18.431,100.105,0.0
K,1227,17.407,101.09,0.0
K,1228,19.114,102.864,0.0
K,1229,17.748,102.47,0.0
K,1230,19.455,104.243,0.0
K,1231,18.431,105.229,0.0
K,1232,20.137,107.002,0.0
K,1233,18.772,106.608,0.0
K,1234,20.479,108.382,0.0
K,1235,19.455,109.367,0.0
K,1236,21.161,111.14,0.0
K,1237,19.796,110.746,0.0
K,1238,21.503,112.52,0.0
K,1239,20.479,113.505,0.0
K,1240,22.185,115.279,0.0
K,1241,20.82,114.884,0.0
K,1242,22.527,116.658,0.0
K,1244,23.209,119.417,0.0
K,1245,21.844,119.023,0.0
K,1247,22.527,121.781,0.0
K,1248,24.233,123.555,0.0
K,1249,22.868,123.161,0.0
K,1250,24.575,124.934,0.0
K,1251,23.551,125.92,0.0
K,1252,25.257,127.693,0.0
K,1253,23.892,127.299,0.0
K,1254,25.598,129.073,0.0
K,1256,26.281,131.831,0.0
K,1257,24.916,131.437,0.0
K,1258,25.598,134.196,0.0
K,1259,25.94,135.575,0.0
K,1260,0.0,15.37,0.0
K,1261,0.341,16.75,0.0
K,1262,1.024,19.509,0.0
K,1263,1.365,20.888,0.0
K,1265,2.048,23.647,0.0
K,1266,0.683,23.253,0.0
K,1267,2.389,25.026,0.0
K,1268,1.365,26.012,0.0
K,1269,3.072,27.785,0.0
K,1270,1.707,27.391,0.0
K,1271,3.413,29.164,0.0
K,1272,2.389,30.15,0.0
K,1273,4.096,31.923,0.0
K,1274,2.731,31.529,0.0
K,1275,4.437,33.303,0.0
K,1276,3.413,34.288,0.0
K,1277,5.12,36.061,0.0
K,1278,3.754,35.667,0.0
K,1279,5.461,37.441,0.0
K,1281,6.144,40.2,0.0
K,1282,4.778,39.806,0.0
K,1283,6.485,41.579,0.0
K,1284,5.461,42.564,0.0
K,1285,7.168,44.338,0.0
K,1286,5.802,43.944,0.0
K,1287,7.509,45.717,0.0
K,1288,6.485,46.703,0.0
K,1289,8.192,48.476,0.0
K,1290,6.826,48.082,0.0
K,1291,8.533,49.855,0.0
K,1292,7.509,50.841,0.0
K,1293,9.215,52.614,0.0
K,1294,7.85,52.22,0.0
K,1295,9.557,53.994,0.0
K,1296,8.533,54.979,0.0
K,1297,10.239,56.752,0.0
K,1298,8.874,56.358,0.0
K,1299,10.581,58.132,0.0
K,1300,9.557,59.117,0.0
K,1301,11.263,60.891,0.0
K,1302,9.898,60.497,0.0
K,1303,11.605,62.27,0.0
K,1304,10.581,63.255,0.0
K,1305,12.287,65.029,0.0
K,1306,10.922,64.635,0.0
K,1307,12.629,66.408,0.0
K,1308,11.605,67.394,0.0
K,1309,13.311,69.167,0.0
K,1310,11.946,68.773,0.0
K,1311,13.653,70.546,0.0
K,1312,12.629,71.532,0.0
K,1313,14.335,73.305,0.0
K,1314,12.97,72.911,0.0
K,1315,14.676,74.685,0.0
K,1316,13.653,75.67,0.0
K,1317,15.359,77.444,0.0
K,1318,13.994,77.049,0.0
K,1319,15.7,78.823,0.0
K,1320,14.676,79.808,0.0
K,1321,16.383,81.582,0.0
K,1322,15.018,81.188,0.0
K,1323,16.724,82.961,0.0
K,1324,15.7,83.946,0.0
K,1325,17.407,85.72,0.0
K,1326,16.042,85.326,0.0
K,1327,17.748,87.099,0.0
K,1328,16.724,88.085,0.0
K,1329,18.431,89.858,0.0
K,1330,17.066,89.464,0.0
K,1331,18.772,91.238,0.0
K,1332,17.748,92.223,0.0
K,1333,19.455,93.996,0.0
K,1334,18.09,93.602,0.0
K,1335,19.796,95.376,0.0
K,1336,18.772,96.361,0.0
K,1337,20.479,98.135,0.0
K,1338,19.114,97.74,0.0
K,1339,20.82,99.514,0.0
K,1340,19.796,100.499,0.0
K,1341,21.503,102.273,0.0
K,1342,20.137,101.879,0.0
K,1343,21.844,103.652,0.0
K,1344,20.82,104.637,0.0
K,1345,22.527,106.411,0.0
K,1346,21.161,106.017,0.0
K,1347,22.868,107.79,0.0
K,1348,21.844,108.776,0.0
K,1349,23.551,110.549,0.0
K,1350,22.185,110.155,0.0
K,1351,23.892,111.929,0.0
K,1352,22.868,112.914,0.0
K,1353,24.575,114.687,0.0
K,1354,23.209,114.293,0.0
K,1355,24.916,116.067,0.0
K,1356,23.892,117.052,0.0
K,1357,25.598,118.826,0.0
K,1358,24.233,118.431,0.0
K,1359,25.94,120.205,0.0
K,1360,24.916,121.19,0.0
K,1361,25.257,122.57,0.0
K,1362,25.94,125.328,0.0
K,1363,26.281,126.708,0.0
K,1364,0.341,6.503,0.0
K,1365,0.683,7.882,0.0
K,1366,1.365,10.641,0.0
K,1367,0.0,10.247,0.0
K,1369,0.683,13.006,0.0
K,1370,2.389,14.779,0.0
K,1371,1.024,14.385,0.0
K,1372,2.731,16.159,0.0
K,1373,1.707,17.144,0.0
K,1374,3.413,18.918,0.0
K,1375,2.048,18.523,0.0
K,1376,3.754,20.297,0.0
K,1377,2.731,21.282,0.0
K,1378,4.437,23.056,0.0
K,1379,3.072,22.662,0.0
K,1380,4.778,24.435,0.0
K,1381,3.754,25.42,0.0
K,1382,5.461,27.194,0.0
K,1383,4.096,26.8,0.0
K,1384,5.802,28.573,0.0
K,1385,4.778,29.559,0.0
K,1386,6.485,31.332,0.0
K,1387,5.12,30.938,0.0
K,1388,6.826,32.712,0.0
K,1389,5.802,33.697,0.0
K,1390,7.509,35.47,0.0
K,1391,6.144,35.076,0.0
K,1392,7.85,36.85,0.0
K,1393,6.826,37.835,0.0
K,1395,7.168,39.214,0.0
K,1396,8.874,40.988,0.0
K,1397,7.85,41.973,0.0
K,1398,9.557,43.747,0.0
K,1399,8.192,43.353,0.0
K,1400,9.898,45.126,0.0
K,1401,8.874,46.111,0.0
K,1402,10.581,47.885,0.0
K,1403,9.215,47.491,0.0
K,1404,10.922,49.264,0.0
K,1405,9.898,50.25,0.0
K,1406,11.605,52.023,0.0
K,1407,10.239,51.629,0.0
K,1408,11.946,53.403,0.0
K,1409,10.922,54.388,0.0
K,1410,12.629,56.161,0.0
K,1411,11.263,55.767,0.0
K,1412,12.97,57.541,0.0
K,1413,11.946,58.526,0.0
K,1414,13.653,60.3,0.0
K,1415,12.287,59.905,0.0
K,1416,13.994,61.679,0.0
K,1417,12.97,62.664,0.0
K,1418,14.676,64.438,0.0
K,1419,13.311,64.044,0.0
K,1420,15.018,65.817,0.0
K,1421,13.994,66.802,0.0
K,1422,15.7,68.576,0.0
K,1423,14.335,68.182,0.0
K,1424,16.042,69.955,0.0
K,1425,15.018,70.941,0.0
K,1426,16.724,72.714,0.0
K,1427,15.359,72.32,0.0
K,1428,17.066,74.094,0.0
K,1429,16.042,75.079,0.0
K,1430,17.748,76.852,0.0
K,1431,16.383,76.458,0.0
K,1432,18.09,78.232,0.0
K,1433,17.066,79.217,0.0
K,1434,18.772,80.991,0.0
K,1435,17.407,80.596,0.0
K,1436,19.114,82.37,0.0
K,1437,18.09,83.355,0.0
K,1438,19.796,85.129,0.0
K,1439,18.431,84.735,0.0
K,1440,20.137,86.508,0.0
K,1441,19.114,87.493,0.0
K,1442,20.82,89.267,0.0
K,1443,19.455,88.873,0.0
K,1444,21.161,90.646,0.0
K,1445,20.137,91.632,0.0
K,1446,21.844,93.405,0.0
K,1447,20.479,93.011,0.0
K,1448,22.185,94.785,0.0
K,1449,21.161,95.77,0.0
K,1450,22.868,97.543,0.0
K,1451,21.503,97.149,0.0
K,1452,23.209,98.923,0.0
K,1453,22.185,99.908,0.0
K,1454,23.892,101.682,0.0
K,1455,22.527,101.287,0.0
K,1456,24.233,103.061,0.0
K,1457,23.209,104.046,0.0
K,1458,24.916,105.82,0.0
K,1459,23.551,105.426,0.0
K,1460,25.257,107.199,0.0
K,1461,24.233,108.184,0.0
K,1462,25.94,109.958,0.0
K,1463,24.575,109.564,0.0
K,1464,26.281,111.337,0.0
K,1465,25.257,112.323,0.0
K,1466,25.598,113.702,0.0
K,1467,26.281,116.461,0.0
K,1468,26.622,117.84,0.0
K,1470,1.707,1.774,0.0
K,1471,0.341,1.379,0.0
K,1472,2.048,3.153,0.0
K,1473,1.024,4.138,0.0
K,1474,2.731,5.912,0.0
K,1475,1.365,5.518,0.0
K,1476,3.072,7.291,0.0
K,1477,2.048,8.276,0.0
K,1478,3.754,10.05,0.0
K,1479,2.389,9.656,0.0
K,1480,4.096,11.429,0.0
K,1481,3.072,12.415,0.0
K,1482,4.778,14.188,0.0
K,1483,3.413,13.794,0.0
K,1484,5.12,15.568,0.0
K,1485,4.096,16.553,0.0
K,1486,5.802,18.326,0.0
K,1487,4.437,17.932,0.0
K,1488,6.144,19.706,0.0
K,1489,5.12,20.691,0.0
K,1490,6.826,22.465,0.0
K,1491,5.461,22.07,0.0
K,1492,7.168,23.844,0.0
K,1493,6.144,24.829,0.0
K,1494,7.85,26.603,0.0
K,1495,6.485,26.209,0.0
K,1496,8.192,27.982,0.0
K,1497,7.168,28.967,0.0
K,1498,8.874,30.741,0.0
K,1499,7.509,30.347,0.0
K,1500,9.215,32.12,0.0
K,1501,8.192,33.106,0.0
K,1502,9.898,34.879,0.0
K,1503,8.533,34.485,0.0
K,1504,10.239,36.259,0.0
K,1505,9.215,37.244,0.0
K,1506,10.922,39.017,0.0
K,1507,9.557,38.623,0.0
K,1508,11.263,40.397,0.0
K,1509,10.239,41.382,0.0
K,1510,11.946,43.156,0.0
K,1511,10.581,42.761,0.0
K,1512,12.287,44.535,0.0
K,1513,11.263,45.52,0.0
K,1514,12.97,47.294,0.0
K,1515,11.605,46.9,0.0
K,1516,13.311,48.673,0.0
K,1517,12.287,49.658,0.0
K,1518,13.994,51.432,0.0
K,1519,12.629,51.038,0.0
K,1520,14.335,52.811,0.0
K,1521,13.311,53.797,0.0
K,1522,15.018,55.57,0.0
K,1523,13.653,55.176,0.0
K,1524,15.359,56.95,0.0
K,1525,14.335,57.935,0.0
K,1526,16.042,59.708,0.0
K,1527,14.676,59.314,0.0
K,1528,16.383,61.088,0.0
K,1529,15.359,62.073,0.0
K,1530,17.066,63.847,0.0
K,1531,15.7,63.452,0.0
K,1532,17.407,65.226,0.0
K,1533,16.383,66.211,0.0
K,1534,18.09,67.985,0.0
K,1535,16.724,67.591,0.0
K,1536,18.431,69.364,0.0
K,1537,17.407,70.349,0.0
K,1538,19.114,72.123,0.0
K,1539,17.748,71.729,0.0
K,1540,19.455,73.502,0.0
K,1541,18.431,74.488,0.0
K,1542,20.137,76.261,0.0
K,1543,18.772,75.867,0.0
K,1544,20.479,77.641,0.0
K,1545,19.455,78.626,0.0
K,1546,21.161,80.399,0.0
K,1547,19.796,80.005,0.0
K,1548,21.503,81.779,0.0
K,1549,20.479,82.764,0.0
K,1550,22.185,84.538,0.0
K,1551,20.82,84.143,0.0
K,1552,22.527,85.917,0.0
K,1553,21.503,86.902,0.0
K,1554,23.209,88.676,0.0
K,1555,21.844,88.282,0.0
K,1556,23.551,90.055,0.0
K,1557,22.527,91.04,0.0
K,1558,24.233,92.814,0.0
K,1559,22.868,92.42,0.0
K,1560,24.575,94.193,0.0
K,1561,23.551,95.179,0.0
K,1562,25.257,96.952,0.0
K,1563,23.892,96.558,0.0
K,1564,25.598,98.332,0.0
K,1565,24.575,99.317,0.0
K,1566,26.281,101.09,0.0
K,1567,24.916,100.696,0.0
K,1568,26.622,102.47,0.0
K,1569,25.598,103.455,0.0
K,1570,25.94,104.834,0.0
K,1571,4.096,1.182,0.0
K,1572,2.731,0.788,0.0
K,1573,4.437,2.562,0.0
K,1574,3.413,3.547,0.0
K,1575,5.12,5.321,0.0
K,1576,3.754,4.926,0.0
K,1577,5.461,6.7,0.0
K,1578,4.437,7.685,0.0
K,1579,6.144,9.459,0.0
K,1580,4.778,9.065,0.0
K,1581,6.485,10.838,0.0
K,1582,5.461,11.823,0.0
K,1583,7.168,13.597,0.0
K,1584,5.802,13.203,0.0
K,1585,7.509,14.976,0.0
K,1587,8.192,17.735,0.0
K,1588,6.826,17.341,0.0
K,1589,8.533,19.115,0.0
K,1590,7.509,20.1,0.0
K,1591,9.215,21.873,0.0
K,1592,7.85,21.479,0.0
K,1593,9.557,23.253,0.0
K,1594,8.533,24.238,0.0
K,1595,10.239,26.012,0.0
K,1596,8.874,25.617,0.0
K,1597,10.581,27.391,0.0
K,1599,11.263,30.15,0.0
K,1600,9.898,29.756,0.0
K,1601,11.605,31.529,0.0
K,1602,10.581,32.514,0.0
K,1603,12.287,34.288,0.0
K,1604,10.922,33.894,0.0
K,1605,12.629,35.667,0.0
K,1606,11.605,36.653,0.0
K,1607,13.311,38.426,0.0
K,1608,11.946,38.032,0.0
K,1610,12.629,40.791,0.0
K,1611,14.335,42.564,0.0
K,1612,12.97,42.17,0.0
K,1613,14.676,43.944,0.0
K,1614,13.653,44.929,0.0
K,1615,15.359,46.703,0.0
K,1616,13.994,46.308,0.0
K,1617,15.7,48.082,0.0
K,1618,14.676,49.067,0.0
K,1619,16.383,50.841,0.0
K,1620,15.018,50.447,0.0
K,1621,16.724,52.22,0.0
K,1622,15.7,53.205,0.0
K,1623,17.407,54.979,0.0
K,1624,16.042,54.585,0.0
K,1625,17.748,56.358,0.0
K,1626,16.724,57.344,0.0
K,1627,18.431,59.117,0.0
K,1628,17.066,58.723,0.0
K,1629,18.772,60.497,0.0
K,1630,17.748,61.482,0.0
K,1631,19.455,63.255,0.0
K,1632,18.09,62.861,0.0
K,1633,19.796,64.635,0.0
K,1634,18.772,65.62,0.0
K,1635,20.479,67.394,0.0
K,1636,19.114,66.999,0.0
K,1637,20.82,68.773,0.0
K,1638,19.796,69.758,0.0
K,1639,21.503,71.532,0.0
K,1640,20.137,71.138,0.0
K,1641,21.844,72.911,0.0
K,1642,20.82,73.896,0.0
K,1643,22.527,75.67,0.0
K,1644,21.161,75.276,0.0
K,1645,22.868,77.049,0.0
K,1646,21.844,78.035,0.0
K,1648,22.185,79.414,0.0
K,1649,23.892,81.188,0.0
K,1650,22.868,82.173,0.0
K,1651,24.575,83.946,0.0
K,1652,23.209,83.552,0.0
K,1653,24.916,85.326,0.0
K,1654,23.892,86.311,0.0
K,1655,25.598,88.085,0.0
K,1656,24.233,87.69,0.0
K,1657,25.94,89.464,0.0
K,1658,24.916,90.449,0.0
K,1659,25.257,91.829,0.0
K,1660,25.94,94.587,0.0
K,1661,26.281,95.967,0.0
K,1662,6.485,0.591,0.0
K,1663,5.12,0.197,0.0
K,1664,6.826,1.971,0.0
K,1665,5.802,2.956,0.0
K,1666,7.509,4.729,0.0
K,1667,6.144,4.335,0.0
K,1668,7.85,6.109,0.0
K,1669,6.826,7.094,0.0
K,1670,8.533,8.868,0.0
K,1671,7.168,8.473,0.0
K,1672,8.874,10.247,0.0
K,1673,7.85,11.232,0.0
K,1674,9.557,13.006,0.0
K,1675,8.192,12.612,0.0
K,1676,9.898,14.385,0.0
K,1677,8.874,15.37,0.0
K,1678,10.581,17.144,0.0
K,1679,9.215,16.75,0.0
K,1680,10.922,18.523,0.0
K,1681,9.898,19.509,0.0
K,1682,11.605,21.282,0.0
K,1684,11.946,22.662,0.0
K,1685,10.922,23.647,0.0
K,1686,12.629,25.42,0.0
K,1687,11.263,25.026,0.0
K,1688,12.97,26.8,0.0
K,1689,11.946,27.785,0.0
K,1690,13.653,29.559,0.0
K,1691,12.287,29.164,0.0
K,1692,13.994,30.938,0.0
K,1693,12.97,31.923,0.0
K,1695,13.311,33.303,0.0
K,1696,15.018,35.076,0.0
K,1697,13.994,36.061,0.0
K,1698,15.7,37.835,0.0
K,1699,14.335,37.441,0.0
K,1700,16.042,39.214,0.0
K,1701,15.018,40.2,0.0
K,1702,16.724,41.973,0.0
K,1703,15.359,41.579,0.0
K,1704,17.066,43.353,0.0
K,1705,16.042,44.338,0.0
K,1706,17.748,46.111,0.0
K,1707,16.383,45.717,0.0
K,1708,18.09,47.491,0.0
K,1709,17.066,48.476,0.0
K,1710,18.772,50.25,0.0
K,1711,17.407,49.855,0.0
K,1712,19.114,51.629,0.0
K,1713,18.09,52.614,0.0
K,1714,19.796,54.388,0.0
K,1715,18.431,53.994,0.0
K,1716,20.137,55.767,0.0
K,1717,19.114,56.752,0.0
K,1718,20.82,58.526,0.0
K,1719,19.455,58.132,0.0
K,1720,21.161,59.905,0.0
K,1721,20.137,60.891,0.0
K,1722,21.844,62.664,0.0
K,1723,20.479,62.27,0.0
K,1724,22.185,64.044,0.0
K,1725,21.161,65.029,0.0
K,1726,22.868,66.802,0.0
K,1727,21.503,66.408,0.0
K,1728,23.209,68.182,0.0
K,1729,22.185,69.167,0.0
K,1730,23.892,70.941,0.0
K,1731,22.527,70.546,0.0
K,1732,24.233,72.32,0.0
K,1733,23.209,73.305,0.0
K,1735,23.551,74.685,0.0
K,1736,25.257,76.458,0.0
K,1737,24.233,77.444,0.0
K,1738,25.94,79.217,0.0
K,1739,24.575,78.823,0.0
K,1740,26.281,80.596,0.0
K,1741,25.257,81.582,0.0
K,1743,26.281,85.72,0.0
K,1744,8.874,0.0,0.0
K,1745,9.215,1.379,0.0
K,1746,8.192,2.365,0.0
K,1747,9.898,4.138,0.0
K,1748,8.533,3.744,0.0
K,1749,10.239,5.518,0.0
K,1750,9.215,6.503,0.0
K,1751,10.922,8.276,0.0
K,1753,11.263,9.656,0.0
K,1754,10.239,10.641,0.0
K,1755,11.946,12.415,0.0
K,1756,10.581,12.02,0.0
K,1757,12.287,13.794,0.0
K,1758,11.263,14.779,0.0
K,1759,12.97,16.553,0.0
K,1760,11.605,16.159,0.0
K,1761,13.311,17.932,0.0
K,1762,12.287,18.918,0.0
K,1763,13.994,20.691,0.0
K,1764,12.629,20.297,0.0
K,1765,14.335,22.07,0.0
K,1766,13.311,23.056,0.0
K,1767,15.018,24.829,0.0
K,1768,13.653,24.435,0.0
K,1769,15.359,26.209,0.0
K,1770,14.335,27.194,0.0
K,1771,16.042,28.967,0.0
K,1772,14.676,28.573,0.0
K,1773,16.383,30.347,0.0
K,1774,15.359,31.332,0.0
K,1775,17.066,33.106,0.0
K,1776,15.7,32.712,0.0
K,1777,17.407,34.485,0.0
K,1778,16.383,35.47,0.0
K,1779,18.09,37.244,0.0
K,1780,16.724,36.85,0.0
K,1781,18.431,38.623,0.0
K,1782,17.407,39.609,0.0
K,1783,19.114,41.382,0.0
K,1784,17.748,40.988,0.0
K,1785,19.455,42.761,0.0
K,1786,18.431,43.747,0.0
K,1787,20.137,45.52,0.0
K,1788,18.772,45.126,0.0
K,1789,20.479,46.9,0.0
K,1791,21.161,49.658,0.0
K,1792,19.796,49.264,0.0
K,1793,21.503,51.038,0.0
K,1794,20.479,52.023,0.0
K,1795,22.185,53.797,0.0
K,1796,20.82,53.403,0.0
K,1797,22.527,55.176,0.0
K,1798,21.503,56.161,0.0
K,1799,23.209,57.935,0.0
K,1800,21.844,57.541,0.0
K,1801,23.551,59.314,0.0
K,1802,22.527,60.3,0.0
K,1803,24.233,62.073,0.0
K,1804,22.868,61.679,0.0
K,1805,24.575,63.452,0.0
K,1806,23.551,64.438,0.0
K,1807,25.257,66.211,0.0
K,1808,23.892,65.817,0.0
K,1809,25.598,67.591,0.0
K,1810,24.575,68.576,0.0
K,1811,26.281,70.349,0.0
K,1812,24.916,69.955,0.0
K,1813,26.622,71.729,0.0
K,1814,25.598,72.714,0.0
K,1815,25.94,74.094,0.0
K,1816,11.605,0.788,0.0
K,1817,10.581,1.774,0.0
K,1818,12.287,3.547,0.0
K,1819,10.922,3.153,0.0
K,1820,12.629,4.926,0.0
K,1821,11.605,5.912,0.0
K,1822,13.311,7.685,0.0
K,1823,11.946,7.291,0.0
K,1824,13.653,9.065,0.0
K,1825,12.629,10.05,0.0
K,1826,14.335,11.823,0.0
K,1827,12.97,11.429,0.0
K,1828,14.676,13.203,0.0
K,1829,13.653,14.188,0.0
K,1830,15.359,15.962,0.0
K,1831,13.994,15.568,0.0
K,1832,15.7,17.341,0.0
K,1833,14.676,18.326,0.0
K,1834,16.383,20.1,0.0
K,1835,15.018,19.706,0.0
K,1836,16.724,21.479,0.0
K,1837,15.7,22.465,0.0
K,1838,17.407,24.238,0.0
K,1839,16.042,23.844,0.0
K,1840,17.748,25.617,0.0
K,1841,16.724,26.603,0.0
K,1842,18.431,28.376,0.0
K,1843,17.066,27.982,0.0
K,1844,18.772,29.756,0.0
K,1845,17.748,30.741,0.0
K,1846,19.455,32.514,0.0
K,1847,18.09,32.12,0.0
K,1848,19.796,33.894,0.0
K,1849,18.772,34.879,0.0
K,1850,20.479,36.653,0.0
K,1851,19.114,36.259,0.0
K,1852,20.82,38.032,0.0
K,1853,19.796,39.017,0.0
K,1854,21.503,40.791,0.0
K,1855,20.137,40.397,0.0
K,1856,21.844,42.17,0.0
K,1857,20.82,43.156,0.0
K,1858,22.527,44.929,0.0
K,1859,21.161,44.535,0.0
K,1860,22.868,46.308,0.0
K,1861,21.844,47.294,0.0
K,1863,22.185,48.673,0.0
K,1866,24.575,53.205,0.0
K,1867,23.209,52.811,0.0
K,1868,24.916,54.585,0.0
K,1869,23.892,55.57,0.0
K,1870,25.598,57.344,0.0
K,1871,24.233,56.95,0.0
K,1872,25.94,58.723,0.0
K,1873,24.916,59.708,0.0
K,1874,25.257,61.088,0.0
K,1875,25.94,63.847,0.0
K,1876,26.281,65.226,0.0
K,1877,13.994,0.197,0.0
K,1878,12.97,1.182,0.0
K,1880,13.311,2.562,0.0
K,1881,15.018,4.335,0.0
K,1882,13.994,5.321,0.0
K,1883,15.7,7.094,0.0
K,1884,14.335,6.7,0.0
K,1885,16.042,8.473,0.0
K,1886,15.018,9.459,0.0
K,1887,16.724,11.232,0.0
K,1888,15.359,10.838,0.0
K,1889,17.066,12.612,0.0
K,1890,16.042,13.597,0.0
K,1891,17.748,15.37,0.0
K,1892,16.383,14.976,0.0
K,1893,18.09,16.75,0.0
K,1894,17.066,17.735,0.0
K,1895,18.772,19.509,0.0
K,1896,17.407,19.115,0.0
K,1897,19.114,20.888,0.0
K,1898,18.09,21.873,0.0
K,1900,18.431,23.253,0.0
K,1901,20.137,25.026,0.0
K,1902,19.114,26.012,0.0
K,1903,20.82,27.785,0.0
K,1904,19.455,27.391,0.0
K,1905,21.161,29.164,0.0
K,1906,20.137,30.15,0.0
K,1907,21.844,31.923,0.0
K,1908,20.479,31.529,0.0
K,1909,22.185,33.303,0.0
K,1910,21.161,34.288,0.0
K,1911,22.868,36.061,0.0
K,1912,21.503,35.667,0.0
K,1913,23.209,37.441,0.0
K,1914,22.185,38.426,0.0
K,1915,23.892,40.2,0.0
K,1916,22.527,39.806,0.0
K,1917,24.233,41.579,0.0
K,1918,23.209,42.564,0.0
K,1919,24.916,44.338,0.0
K,1920,23.551,43.944,0.0
K,1921,25.257,45.717,0.0
K,1922,24.233,46.703,0.0
K,1923,25.94,48.476,0.0
K,1924,24.575,48.082,0.0
K,1925,26.281,49.855,0.0
K,1926,25.257,50.841,0.0
K,1927,25.598,52.22,0.0
K,1928,26.281,54.979,0.0
K,1929,15.359,0.591,0.0
K,1930,17.066,2.365,0.0
K,1931,15.7,1.971,0.0
K,1932,17.407,3.744,0.0
K,1933,16.383,4.729,0.0
K,1934,18.09,6.503,0.0
K,1935,16.724,6.109,0.0
K,1936,18.431,7.882,0.0
K,1937,17.407,8.868,0.0
K,1938,19.114,10.641,0.0
K,1939,17.748,10.247,0.0
K,1940,19.455,12.02,0.0
K,1941,18.431,13.006,0.0
K,1942,20.137,14.779,0.0
K,1943,18.772,14.385,0.0
K,1944,20.479,16.159,0.0
K,1945,19.455,17.144,0.0
K,1946,21.161,18.918,0.0
K,1947,19.796,18.523,0.0
K,1948,21.503,20.297,0.0
K,1949,20.479,21.282,0.0
K,1950,22.185,23.056,0.0
K,1951,20.82,22.662,0.0
K,1952,22.527,24.435,0.0
K,1953,21.503,25.42,0.0
K,1954,23.209,27.194,0.0
K,1955,21.844,26.8,0.0
K,1956,23.551,28.573,0.0
K,1957,22.527,29.559,0.0
K,1958,24.233,31.332,0.0
K,1959,22.868,30.938,0.0
K,1960,24.575,32.712,0.0
K,1961,23.551,33.697,0.0
K,1962,25.257,35.47,0.0
K,1963,23.892,35.076,0.0
K,1964,25.598,36.85,0.0
K,1965,24.575,37.835,0.0
K,1966,26.281,39.609,0.0
K,1967,24.916,39.214,0.0
K,1968,25.598,41.973,0.0
K,1969,25.94,43.353,0.0
K,1970,26.622,46.111,0.0
K,1971,17.748,0.0,0.0
K,1972,19.455,1.774,0.0
K,1973,18.09,1.379,0.0
K,1974,19.796,3.153,0.0
K,1975,18.772,4.138,0.0
K,1976,20.479,5.912,0.0
K,1977,19.114,5.518,0.0
K,1978,20.82,7.291,0.0
K,1979,19.796,8.276,0.0
K,1980,21.503,10.05,0.0
K,1981,20.137,9.656,0.0
K,1982,21.844,11.429,0.0
K,1983,20.82,12.415,0.0
K,1984,22.527,14.188,0.0
K,1985,21.161,13.794,0.0
K,1986,22.868,15.568,0.0
K,1987,21.844,16.553,0.0
K,1988,23.551,18.326,0.0
K,1989,22.185,17.932,0.0
K,1990,23.892,19.706,0.0
K,1991,22.868,20.691,0.0
K,1992,24.575,22.465,0.0
K,1993,23.209,22.07,0.0
K,1994,24.916,23.844,0.0
K,1995,23.892,24.829,0.0
K,1996,25.598,26.603,0.0
K,1997,24.233,26.209,0.0
K,1998,25.94,27.982,0.0
K,1999,24.916,28.967,0.0
K,2000,26.622,30.741,0.0
K,2001,25.257,30.347,0.0
K,2002,25.94,33.106,0.0
K,2003,26.281,34.485,0.0
K,2004,21.844,1.182,0.0
K,2005,20.479,0.788,0.0
K,2006,22.185,2.562,0.0
K,2007,21.161,3.547,0.0
K,2008,22.868,5.321,0.0
K,2009,21.503,4.926,0.0
K,2010,23.209,6.7,0.0
K,2011,22.185,7.685,0.0
K,2012,23.892,9.459,0.0
K,2013,22.527,9.065,0.0
K,2014,24.233,10.838,0.0
K,2015,23.209,11.823,0.0
K,2016,24.916,13.597,0.0
K,2017,23.551,13.203,0.0
K,2018,25.257,14.976,0.0
K,2019,24.233,15.962,0.0
K,2020,25.94,17.735,0.0
K,2021,24.575,17.341,0.0
K,2022,26.281,19.115,0.0
K,2023,25.257,20.1,0.0
K,2024,25.598,21.479,0.0
K,2025,26.281,24.238,0.0
K,2026,26.622,25.617,0.0
K,2027,24.233,0.591,0.0
K,2028,22.868,0.197,0.0
K,2029,24.575,1.971,0.0
K,2030,23.551,2.956,0.0
K,2031,25.257,4.729,0.0
K,2032,23.892,4.335,0.0
K,2033,25.598,6.109,0.0
K,2035,26.281,8.868,0.0
K,2036,24.916,8.473,0.0
K,2037,26.622,10.247,0.0
K,2038,25.598,11.232,0.0
K,2039,25.94,12.612,0.0
K,2040,26.622,0.0,0.0
K,2041,25.94,2.365,0.0
K,2042,26.281,3.744,0.0
L,1,9
L,2,3
L,2,19
L,3,2
L,3,21
L,4,5
L,4,6
L,5,4
L,6,4
L,6,7
L,7,6
L,7,9
L,8,9
L,8,27
L,9,1
L,9,7
L,10,37
L,12,13
L,13,12
L,13,15
L,14,15
L,14,16
L,15,13
L,15,14
L,16,14
L,16,17
L,17,16
L,17,19
L,18,19
L,18,20
L,19,2
L,19,17
L,20,18
L,20,21
L,21,3
L,21,20
L,22,23
L,22,24
L,23,4
L,23,21
L,24,22
L,24,25
L,25,6
L,25,24
L,26,27
L,26,28
L,27,8
L,27,25
L,28,26
L,29,30
L,29,64
L,30,29
L,30,66
L,31,32
L,31,68
L,32,31
L,32,33
L,33,32
L,33,35
L,34,35
L,34,36
L,35,33
L,35,34
L,36,34
L,36,37
L,37,10
L,37,36
L,38,40
L,40,38
L,40,41
L,41,12
L,41,40
L,42,43
L,42,44
L,43,14
L,43,41
L,44,42
L,44,45
L,45,16
L,45,44
L,46,47
L,46,48
L,47,18
L,47,45
L,48,46
L,48,49
L,49,20
L,49,48
L,50,51
L,50,52
L,51,22
L,51,49
L,52,50
L,52,53
L,53,24
L,53,52
L,54,55
L,54,56
L,55,26
L,55,53
L,56,54
L,56,94
L,57,58
L,57,104
L,58,57
L,58,106
L,59,60
L,59,61
L,60,59
L,61,59
L,61,62
L,62,61
L,62,64
L,63,64
L,64,29
L,64,62
L,66,30
L,67,68
L,67,69
L,68,31
L,68,66
L,69,67
L,71,72
L,71,73
L,72,34
L,73,71
L,73,74
L,74,36
L,74,73
L,75,76
L,75,77
L,76,38
L,76,74
L,77,75
L,77,78
L,78,40
L,78,77
L,79,80
L,79,81
L,80,42
L,80,78
L,81,79
L,81,82
L,82,44
L,82,81
L,83,84
L,83,85
L,84,46
L,84,82
L,85,83
L,85,86
L,86,48
L,86,85
L,87,88
L,87,89
L,88,50
L,88,86
L,89,87
L,89,90
L,90,52
L,90,89
L,91,92
L,91,93
L,92,54
L,92,90
L,93,91
L,93,94
L,94,56
L,94,93
L,95,151
L,97,98
L,98,97
L,98,100
L,99,100
L,99,101
L,100,98
L,100,99
L,101,99
L,101,102
L,102,101
L,102,104
L,103,104
L,103,105
L,104,57
L,104,102
L,105,103
L,105,106
L,106,58
L,106,105
L,107,108
L,107,109
L,108,59
L,108,106
L,109,107
L,109,110
L,110,61
L,110,109
L,111,112
L,111,113
L,112,63
L,112,110
L,113,111
L,113,114
L,114,113
L,115,116
L,115,117
L,116,67
L,116,114
L,117,115
L,117,118
L,118,69
L,118,117
L,119,120
L,119,121
L,120,71
L,120,118
L,121,119
L,121,122
L,122,73
L,122,121
L,123,124
L,123,125
L,124,75
L,124,122
L,125,123
L,125,126
L,126,77
L,126,125
L,127,128
L,127,129
L,128,79
L,128,126
L,129,127
L,129,130
L,130,81
L,130,129
L,131,132
L,131,133
L,132,83
L,132,130
L,133,131
L,133,134
L,134,85
L,134,133
L,135,136
L,135,137
L,136,87
L,136,134
L,137,135
L,137,138
L,138,89
L,138,137
L,139,140
L,139,141
L,140,91
L,140,138
L,141,139
L,141,142
L,142,93
L,142,141
L,143,144
L,143,208
L,144,143
L,144,210
L,145,146
L,145,212
L,146,145
L,146,147
L,147,146
L,147,149
L,148,149
L,148,150
L,149,147
L,149,148
L,150,148
L,150,151
L,151,95
L,151,150
L,152,153
L,152,154
L,153,151
L,154,152
L,154,155
L,155,97
L,155,154
L,156,157
L,156,158
L,157,99
L,157,155
L,158,156
L,158,159
L,159,101
L,159,158
L,160,161
L,160,162
L,161,103
L,161,159
L,162,160
L,162,163
L,163,105
L,163,162
L,164,165
L,164,166
L,165,107
L,165,163
L,166,164
L,166,167
L,167,109
L,167,166
L,168,169
L,168,170
L,169,111
L,169,167
L,170,168
L,170,171
L,171,113
L,171,170
L,172,173
L,172,174
L,173,115
L,173,171
L,174,172
L,174,175
L,175,117
L,175,174
L,176,178
L,178,176
L,178,179
L,179,121
L,179,178
L,180,181
L,180,182
L,181,123
L,181,179
L,182,180
L,182,183
L,183,125
L,183,182
L,184,185
L,184,186
L,185,127
L,185,183
L,186,184
L,186,187
L,187,129
L,187,186
L,188,190
L,190,188
L,190,191
L,191,133
L,191,190
L,192,193
L,193,135
L,193,191
L,195,137
L,196,197
L,196,198
L,197,139
L,197,195
L,198,196
L,198,199
L,199,141
L,199,198
L,200,199
L,201,278
L,203,204
L,203,205
L,204,203
L,205,203
L,205,206
L,206,205
L,206,208
L,207,208
L,207,209
L,208,143
L,208,206
L,209,207
L,209,210
L,210,144
L,210,209
L,211,212
L,211,213
L,212,145
L,212,210
L,213,211
L,213,214
L,214,146
L,214,213
L,215,216
L,215,217
L,216,148
L,216,214
L,217,215
L,217,218
L,218,150
L,218,217
L,219,220
L,219,221
L,220,152
L,220,218
L,221,219
L,221,222
L,222,154
L,222,221
L,223,224
L,223,225
L,224,156
L,224,222
L,225,223
L,225,226
L,226,158
L,226,225
L,227,228
L,227,229
L,228,160
L,228,226
L,229,227
L,229,230
L,230,162
L,230,229
L,232,164
L,232,230
L,233,234
L,234,166
L,234,233
L,236,168
L,236,234
L,237,238
L,238,170
L,238,237
L,239,240
L,239,241
L,240,172
L,240,238
L,241,239
L,241,242
L,242,174
L,242,241
L,243,244
L,243,245
L,244,176
L,244,242
L,245,243
L,247,248
L,247,249
L,248,180
L,249,247
L,251,252
L,251,253
L,252,184
L,253,251
L,253,254
L,254,186
L,254,253
L,255,256
L,255,257
L,256,188
L,256,254
L,257,255
L,257,258
L,258,190
L,258,257
L,259,260
L,259,261
L,260,192
L,260,258
L,261,259
L,261,262
L,262,261
L,263,264
L,263,265
L,264,196
L,264,262
L,265,263
L,265,266
L,266,198
L,266,265
L,268,266
L,269,355
L,270,271
L,270,357
L,271,270
L,271,272
L,272,271
L,272,274
L,273,274
L,273,275
L,274,272
L,274,273
L,275,273
L,275,276
L,276,275
L,276,278
L,277,278
L,277,279
L,278,201
L,278,276
L,279,277
L,279,280
L,280,279
L,282,203
L,282,280
L,283,284
L,284,205
L,284,283
L,285,286
L,285,287
L,286,207
L,286,284
L,287,285
L,287,288
L,288,209
L,288,287
L,289,290
L,289,291
L,290,211
L,290,288
L,291,289
L,291,292
L,292,213
L,292,291
L,293,294
L,293,295
L,294,215
L,294,292
L,295,293
L,295,296
L,296,217
L,296,295
L,297,298
L,297,299
L,298,219
L,298,296
L,299,297
L,299,300
L,300,221
L,300,299
L,301,302
L,301,303
L,302,223
L,302,300
L,303,301
L,303,304
L,304,225
L,304,303
L,306,227
L,306,304
L,307,308
L,308,229
L,308,307
L,309,310
L,309,311
L,310,308
L,311,309
L,311,312
L,312,233
L,312,311
L,313,314
L,313,315
L,314,312
L,315,313
L,315,316
L,316,237
L,316,315
L,317,318
L,317,319
L,318,239
L,318,316
L,319,317
L,319,320
L,320,241
L,320,319
L,321,322
L,321,323
L,322,243
L,322,320
L,323,321
L,323,324
L,324,245
L,324,323
L,325,326
L,325,327
L,326,247
L,326,324
L,327,325
L,327,328
L,328,249
L,328,327
L,329,330
L,329,331
L,330,251
L,330,328
L,331,329
L,331,332
L,332,253
L,332,331
L,333,334
L,333,335
L,334,255
L,334,332
L,335,333
L,335,336
L,336,257
L,336,335
L,337,338
L,337,339
L,338,259
L,338,336
L,339,337
L,339,340
L,340,261
L,340,339
L,341,342
L,341,343
L,342,263
L,342,340
L,343,341
L,343,344
L,344,265
L,344,343
L,345,346
L,345,433
L,346,344
L,347,348
L,347,442
L,348,347
L,348,444
L,349,350
L,349,446
L,350,349
L,350,351
L,351,350
L,351,353
L,352,353
L,352,354
L,353,351
L,353,352
L,354,352
L,354,355
L,355,269
L,355,354
L,356,357
L,356,358
L,357,270
L,357,355
L,358,356
L,358,359
L,359,271
L,359,358
L,360,361
L,360,362
L,361,273
L,361,359
L,362,360
L,362,363
L,363,275
L,363,362
L,364,365
L,364,366
L,365,277
L,365,363
L,366,364
L,366,367
L,367,279
L,367,366
L,368,369
L,368,370
L,369,367
L,370,368
L,370,371
L,371,283
L,371,370
L,372,373
L,372,374
L,373,285
L,373,371
L,374,372
L,374,375
L,375,287
L,375,374
L,376,377
L,376,378
L,377,289
L,377,375
L,378,376
L,378,379
L,379,291
L,379,378
L,380,381
L,380,382
L,381,293
L,381,379
L,382,380
L,382,383
L,383,295
L,383,382
L,384,385
L,384,386
L,385,297
L,385,383
L,386,384
L,386,387
L,387,299
L,387,386
L,388,389
L,388,390
L,389,301
L,389,387
L,390,388
L,390,391
L,391,303
L,391,390
L,392,393
L,392,394
L,393,391
L,394,392
L,394,395
L,395,307
L,395,394
L,396,397
L,396,398
L,397,309
L,397,395
L,398,396
L,398,399
L,399,311
L,399,398
L,400,401
L,400,402
L,401,313
L,401,399
L,402,400
L,402,403
L,403,315
L,403,402
L,404,405
L,404,406
L,405,317
L,405,403
L,406,404
L,406,407
L,407,319
L,407,406
L,408,409
L,408,410
L,409,321
L,409,407
L,410,408
L,410,411
L,411,323
L,411,410
L,412,413
L,412,414
L,413,325
L,413,411
L,414,412
L,414,415
L,415,327
L,415,414
L,416,417
L,416,418
L,417,329
L,417,415
L,418,416
L,418,419
L,419,331
L,419,418
L,420,421
L,420,422
L,421,333
L,421,419
L,422,420
L,422,423
L,423,335
L,423,422
L,424,425
L,424,426
L,425,337
L,425,423
L,426,424
L,426,427
L,427,339
L,427,426
L,428,429
L,428,430
L,429,341
L,429,427
L,430,428
L,430,431
L,431,343
L,431,430
L,432,433
L,432,434
L,433,345
L,433,431
L,434,432
L,435,436
L,435,541
L,436,435
L,436,543
L,437,438
L,437,439
L,438,437
L,439,437
L,439,440
L,440,439
L,440,442
L,441,442
L,441,443
L,442,347
L,442,440
L,443,441
L,443,444
L,444,348
L,444,443
L,445,446
L,445,447
L,446,349
L,446,444
L,447,445
L,447,448
L,448,350
L,448,447
L,449,450
L,449,451
L,450,352
L,450,448
L,451,449
L,451,452
L,452,354
L,452,451
L,453,454
L,453,455
L,454,356
L,454,452
L,455,453
L,455,456
L,456,358
L,456,455
L,457,458
L,457,459
L,458,360
L,458,456
L,459,457
L,459,460
L,460,362
L,460,459
L,461,462
L,462,364
L,462,460
L,464,366
L,465,466
L,465,467
L,466,368
L,466,464
L,467,465
L,467,468
L,468,370
L,468,467
L,469,470
L,469,471
L,470,372
L,470,468
L,471,469
L,471,472
L,472,374
L,472,471
L,473,474
L,473,475
L,474,376
L,474,472
L,475,473
L,475,476
L,476,378
L,476,475
L,480,382
L,481,482
L,482,384
L,482,480
L,484,386
L,485,486
L,485,487
L,486,388
L,486,484
L,487,485
L,487,488
L,488,390
L,488,487
L,489,490
L,489,491
L,490,392
L,490,488
L,491,489
L,491,492
L,492,394
L,492,491
L,493,494
L,493,495
L,494,396
L,494,492
L,495,493
L,495,496
L,496,398
L,496,495
L,497,498
L,497,499
L,498,400
L,498,496
L,499,497
L,499,500
L,500,402
L,500,499
L,501,502
L,501,503
L,502,404
L,502,500
L,503,501
L,503,504
L,504,406
L,504,503
L,505,506
L,505,507
L,506,408
L,506,504
L,507,505
L,507,508
L,508,410
L,508,507
L,509,511
L,511,509
L,511,512
L,512,414
L,512,511
L,513,514
L,513,515
L,514,416
L,514,512
L,515,513
L,515,516
L,516,418
L,516,515
L,517,518
L,517,519
L,518,420
L,518,516
L,519,517
L,519,520
L,520,422
L,520,519
L,521,522
L,521,523
L,522,424
L,522,520
L,523,521
L,523,524
L,524,426
L,524,523
L,525,526
L,525,527
L,526,428
L,526,524
L,527,525
L,527,528
L,528,430
L,528,527
L,529,530
L,529,531
L,530,432
L,530,528
L,531,529
L,532,644
L,533,534
L,533,646
L,534,533
L,534,535
L,535,534
L,535,537
L,536,537
L,536,538
L,537,535
L,537,536
L,538,536
L,538,539
L,539,538
L,539,541
L,540,541
L,540,542
L,541,435
L,541,539
L,542,540
L,542,543
L,543,436
L,543,542
L,544,545
L,544,546
L,545,437
L,545,543
L,546,544
L,546,547
L,547,439
L,547,546
L,548,549
L,548,550
L,549,441
L,549,547
L,550,548
L,550,551
L,551,443
L,551,550
L,552,553
L,552,554
L,553,445
L,553,551
L,554,552
L,554,555
L,555,447
L,555,554
L,556,557
L,556,558
L,557,449
L,557,555
L,558,556
L,558,559
L,559,451
L,559,558
L,560,561
L,560,562
L,561,453
L,561,559
L,562,560
L,562,563
L,563,455
L,563,562
L,564,565
L,564,566
L,565,457
L,565,563
L,566,564
L,566,567
L,567,459
L,567,566
L,568,569
L,568,570
L,569,461
L,569,567
L,570,568
L,570,571
L,571,570
L,572,573
L,572,574
L,573,465
L,573,571
L,574,572
L,574,575
L,575,467
L,575,574
L,576,577
L,576,578
L,577,469
L,577,575
L,578,576
L,578,579
L,579,471
L,579,578
L,580,581
L,580,582
L,581,473
L,581,579
L,582,580
L,582,583
L,583,475
L,583,582
L,584,585
L,584,586
L,585,477
L,585,583
L,586,584
L,586,587
L,587,586
L,588,589
L,588,590
L,589,481
L,589,587
L,590,588
L,590,591
L,591,590
L,592,593
L,592,594
L,593,485
L,593,591
L,594,592
L,594,595
L,595,487
L,595,594
L,596,597
L,596,598
L,597,489
L,597,595
L,598,596
L,598,599
L,599,491
L,599,598
L,600,601
L,600,602
L,601,493
L,601,599
L,602,600
L,602,603
L,603,495
L,603,602
L,604,605
L,604,606
L,605,497
L,605,603
L,606,604
L,606,607
L,607,499
L,607,606
L,608,609
L,608,610
L,609,501
L,609,607
L,610,608
L,610,611
L,611,503
L,611,610
L,612,613
L,612,614
L,613,505
L,613,611
L,614,612
L,614,615
L,615,507
L,615,614
L,616,617
L,616,618
L,617,509
L,617,615
L,618,616
L,618,619
L,619,511
L,619,618
L,621,513
L,621,619
L,622,623
L,623,515
L,623,622
L,624,625
L,624,626
L,625,517
L,625,623
L,626,624
L,626,627
L,627,519
L,627,626
L,628,629
L,628,630
L,629,521
L,629,627
L,630,628
L,630,631
L,631,523
L,631,630
L,632,633
L,633,525
L,633,631
L,634,527
L,634,635
L,635,529
L,635,634
L,636,637
L,636,747
L,637,636
L,637,749
L,638,639
L,638,751
L,639,638
L,639,640
L,640,639
L,640,642
L,641,642
L,641,643
L,642,640
L,642,641
L,643,641
L,643,644
L,644,532
L,644,643
L,645,646
L,645,647
L,646,533
L,646,644
L,647,645
L,647,648
L,648,534
L,648,647
L,649,650
L,649,651
L,650,536
L,650,648
L,651,649
L,651,652
L,652,538
L,652,651
L,653,654
L,653,655
L,654,540
L,654,652
L,655,653
L,655,656
L,656,542
L,656,655
L,657,658
L,657,659
L,658,544
L,658,656
L,659,657
L,659,660
L,660,546
L,660,659
L,661,663
L,663,661
L,663,664
L,664,550
L,664,663
L,665,666
L,665,667
L,666,552
L,666,664
L,667,665
L,667,668
L,668,554
L,668,667
L,669,670
L,669,671
L,670,556
L,670,668
L,671,669
L,671,672
L,672,558
L,672,671
L,673,674
L,673,675
L,674,560
L,674,672
L,675,673
L,675,676
L,676,562
L,676,675
L,678,564
L,678,676
L,679,680
L,680,566
L,680,679
L,681,682
L,681,683
L,682,568
L,682,680
L,683,681
L,683,684
L,684,570
L,684,683
L,685,686
L,685,687
L,686,572
L,686,684
L,687,685
L,687,688
L,688,574
L,688,687
L,689,690
L,689,691
L,690,576
L,690,688
L,691,689
L,691,692
L,692,578
L,692,691
L,693,694
L,693,695
L,694,580
L,694,692
L,695,693
L,695,696
L,696,582
L,696,695
L,697,698
L,697,699
L,698,584
L,698,696
L,699,697
L,699,700
L,700,586
L,700,699
L,701,702
L,701,703
L,702,588
L,702,700
L,703,701
L,703,704
L,704,590
L,704,703
L,705,706
L,705,707
L,706,592
L,706,704
L,707,705
L,707,708
L,708,594
L,708,707
L,709,710
L,709,711
L,710,596
L,710,708
L,711,709
L,713,714
L,713,715
L,714,600
L,715,713
L,715,716
L,716,602
L,716,715
L,717,718
L,717,719
L,718,604
L,718,716
L,719,717
L,719,720
L,720,606
L,720,719
L,721,722
L,721,723
L,722,608
L,722,720
L,723,721
L,723,724
L,724,610
L,724,723
L,725,726
L,725,727
L,726,612
L,726,724
L,727,725
L,727,728
L,728,614
L,728,727
L,729,730
L,730,616
L,730,728
L,732,618
L,733,734
L,733,735
L,734,732
L,735,733
L,735,736
L,736,622
L,736,735
L,737,624
L,737,736
L,738,626
L,738,739
L,739,628
L,739,738
L,740,741
L,740,853
L,741,740
L,741,855
L,742,743
L,742,744
L,743,742
L,744,742
L,744,745
L,745,744
L,745,747
L,746,747
L,746,748
L,747,636
L,747,745
L,748,746
L,748,749
L,749,637
L,749,748
L,751,638
L,751,749
L,752,753
L,753,639
L,753,752
L,754,755
L,754,756
L,755,641
L,755,753
L,756,754
L,756,757
L,757,643
L,757,756
L,758,759
L,759,645
L,759,757
L,761,647
L,762,763
L,762,764
L,763,649
L,763,761
L,764,762
L,764,765
L,765,651
L,765,764
L,766,767
L,766,768
L,767,653
L,767,765
L,768,766
L,768,769
L,769,655
L,769,768
L,770,771
L,770,772
L,771,657
L,771,769
L,772,770
L,772,773
L,773,659
L,773,772
L,774,775
L,774,776
L,775,661
L,775,773
L,776,774
L,776,777
L,777,663
L,777,776
L,778,779
L,778,780
L,779,665
L,779,777
L,780,778
L,780,781
L,781,667
L,781,780
L,782,783
L,782,784
L,783,669
L,783,781
L,784,782
L,784,785
L,785,671
L,785,784
L,786,787
L,786,788
L,787,673
L,787,785
L,788,786
L,788,789
L,789,675
L,789,788
L,790,791
L,790,792
L,791,789
L,792,790
L,792,793
L,793,679
L,793,792
L,794,795
L,794,796
L,795,681
L,795,793
L,796,794
L,796,797
L,797,683
L,797,796
L,798,799
L,798,800
L,799,685
L,799,797
L,800,798
L,800,801
L,801,687
L,801,800
L,802,803
L,802,804
L,803,689
L,803,801
L,804,802
L,804,805
L,805,691
L,805,804
L,806,807
L,806,808
L,807,693
L,807,805
L,808,806
L,808,809
L,809,695
L,809,808
L,810,811
L,810,812
L,811,697
L,811,809
L,812,810
L,812,813
L,813,699
L,813,812
L,814,815
L,814,816
L,815,701
L,815,813
L,816,814
L,816,817
L,817,703
L,817,816
L,818,819
L,818,820
L,819,705
L,819,817
L,820,818
L,820,821
L,821,707
L,821,820
L,822,823
L,822,824
L,823,709
L,823,821
L,824,822
L,824,825
L,825,711
L,825,824
L,826,827
L,826,828
L,827,713
L,827,825
L,828,826
L,828,829
L,829,715
L,829,828
L,830,831
L,830,832
L,831,717
L,831,829
L,832,830
L,834,835
L,834,836
L,835,721
L,836,834
L,836,837
L,837,723
L,837,836
L,838,839
L,838,840
L,839,725
L,839,837
L,840,838
L,840,841
L,841,727
L,841,840
L,842,729
L,842,841
L,844,956
L,845,846
L,845,958
L,846,845
L,846,847
L,847,846
L,847,849
L,848,849
L,849,847
L,849,848
L,851,853
L,852,853
L,852,854
L,853,740
L,853,851
L,854,852
L,854,855
L,855,741
L,855,854
L,856,857
L,856,858
L,857,742
L,857,855
L,858,856
L,858,859
L,859,744
L,859,858
L,860,861
L,860,862
L,861,746
L,861,859
L,862,860
L,862,863
L,863,748
L,863,862
L,864,866
L,866,864
L,866,867
L,867,752
L,867,866
L,868,869
L,868,870
L,869,754
L,869,867
L,870,868
L,870,871
L,871,756
L,871,870
L,872,873
L,872,874
L,873,758
L,873,871
L,874,872
L,874,875
L,875,874
L,876,877
L,876,878
L,877,762
L,877,875
L,878,876
L,878,879
L,879,764
L,879,878
L,880,881
L,880,882
L,881,766
L,881,879
L,882,880
L,882,883
L,883,768
L,883,882
L,884,885
L,884,886
L,885,770
L,885,883
L,886,884
L,886,887
L,887,772
L,887,886
L,888,890
L,890,888
L,892,893
L,892,894
L,893,778
L,894,892
L,894,895
L,895,780
L,895,894
L,896,897
L,896,898
L,897,782
L,897,895
L,898,896
L,900,901
L,900,902
L,901,786
L,902,900
L,902,903
L,903,788
L,903,902
L,904,905
L,904,906
L,905,790
L,905,903
L,906,904
L,906,907
L,907,792
L,907,906
L,908,909
L,908,910
L,909,794
L,909,907
L,910,908
L,910,911
L,911,796
L,911,910
L,912,913
L,912,914
L,913,798
L,913,911
L,914,912
L,914,915
L,915,800
L,915,914
L,916,917
L,916,918
L,917,802
L,917,915
L,918,916
L,918,919
L,919,804
L,919,918
L,920,921
L,920,922
L,921,806
L,921,919
L,922,920
L,922,923
L,923,808
L,923,922
L,924,925
L,924,926
L,925,810
L,925,923
L,926,924
L,926,927
L,927,812
L,927,926
L,928,929
L,929,814
L,929,927
L,931,816
L,932,933
L,932,934
L,933,818
L,933,931
L,934,932
L,934,935
L,935,820
L,935,934
L,936,937
L,936,938
L,937,822
L,937,935
L,938,936
L,938,939
L,939,824
L,939,938
L,940,941
L,940,942
L,941,826
L,941,939
L,942,940
L,942,943
L,943,828
L,943,942
L,944,945
L,945,830
L,945,943
L,946,832
L,946,947
L,947,834
L,947,946
L,948,949
L,948,1059
L,949,948
L,949,1061
L,950,951
L,950,1063
L,951,950
L,951,952
L,952,951
L,952,954
L,953,954
L,953,955
L,954,952
L,954,953
L,955,953
L,955,956
L,956,844
L,956,955
L,957,958
L,957,959
L,958,845
L,958,956
L,959,957
L,959,960
L,960,846
L,960,959
L,961,962
L,961,963
L,962,848
L,962,960
L,963,961
L,963,964
L,964,963
L,965,966
L,965,967
L,966,852
L,966,964
L,967,965
L,967,968
L,968,854
L,968,967
L,969,970
L,969,971
L,970,856
L,970,968
L,971,969
L,971,972
L,972,858
L,972,971
L,973,974
L,973,975
L,974,860
L,974,972
L,975,973
L,975,976
L,976,862
L,976,975
L,977,978
L,977,979
L,978,864
L,978,976
L,979,977
L,979,980
L,980,866
L,980,979
L,981,982
L,981,983
L,982,868
L,982,980
L,983,981
L,983,984
L,984,870
L,984,983
L,985,986
L,985,987
L,986,872
L,986,984
L,987,985
L,987,988
L,988,874
L,988,987
L,989,990
L,989,991
L,990,876
L,990,988
L,991,989
L,991,992
L,992,878
L,992,991
L,993,994
L,993,995
L,994,880
L,994,992
L,995,993
L,995,996
L,996,882
L,996,995
L,997,998
L,997,999
L,998,884
L,998,996
L,999,997
L,999,1000
L,1000,886
L,1000,999
L,1001,1002
L,1001,1003
L,1002,888
L,1002,1000
L,1003,1001
L,1003,1004
L,1004,890
L,1004,1003
L,1005,1006
L,1005,1007
L,1006,892
L,1006,1004
L,1007,1005
L,1007,1008
L,1008,894
L,1008,1007
L,1009,1011
L,1011,1009
L,1011,1012
L,1012,898
L,1012,1011
L,1013,1014
L,1013,1015
L,1014,900
L,1014,1012
L,1015,1013
L,1015,1016
L,1016,902
L,1016,1015
L,1017,1018
L,1017,1019
L,1018,904
L,1018,1016
L,1019,1017
L,1019,1020
L,1020,906
L,1020,1019
L,1021,1022
L,1021,1023
L,1022,908
L,1022,1020
L,1023,1021
L,1023,1024
L,1024,910
L,1024,1023
L,1025,1026
L,1025,1027
L,1026,912
L,1026,1024
L,1027,1025
L,1027,1028
L,1028,914
L,1028,1027
L,1029,1030
L,1029,1031
L,1030,916
L,1030,1028
L,1031,1029
L,1031,1032
L,1032,918
L,1032,1031
L,1033,1034
L,1033,1035
L,1034,920
L,1034,1032
L,1035,1033
L,1035,1036
L,1036,922
L,1036,1035
L,1037,1038
L,1037,1039
L,1038,924
L,1038,1036
L,1039,1037
L,1039,1040
L,1040,926
L,1040,1039
L,1041,1042
L,1041,1043
L,1042,928
L,1042,1040
L,1043,1041
L,1043,1044
L,1044,1043
L,1045,1046
L,1045,1047
L,1046,932
L,1046,1044
L,1047,1045
L,1047,1048
L,1048,934
L,1048,1047
L,1049,936
L,1049,1048
L,1050,938
L,1050,1051
L,1051,940
L,1051,1050
L,1052,1053
L,1052,1165
L,1053,1052
L,1053,1167
L,1054,1055
L,1054,1056
L,1055,1054
L,1056,1054
L,1056,1057
L,1057,1056
L,1057,1059
L,1058,1059
L,1058,1060
L,1059,948
L,1059,1057
L,1060,1058
L,1060,1061
L,1061,949
L,1061,1060
L,1062,1063
L,1062,1064
L,1063,950
L,1063,1061
L,1064,1062
L,1064,1065
L,1065,951
L,1065,1064
L,1066,1067
L,1066,1068
L,1067,953
L,1067,1065
L,1068,1066
L,1068,1069
L,1069,955
L,1069,1068
L,1070,1071
L,1070,1072
L,1071,957
L,1071,1069
L,1072,1070
L,1072,1073
L,1073,959
L,1073,1072
L,1074,1075
L,1074,1076
L,1075,961
L,1075,1073
L,1076,1074
L,1076,1077
L,1077,963
L,1077,1076
L,1078,1079
L,1078,1080
L,1079,965
L,1079,1077
L,1080,1078
L,1080,1081
L,1081,967
L,1081,1080
L,1082,1084
L,1084,1082
L,1084,1085
L,1085,971
L,1085,1084
L,1086,1087
L,1086,1088
L,1087,973
L,1087,1085
L,1088,1086
L,1088,1089
L,1089,975
L,1089,1088
L,1090,1091
L,1090,1092
L,1091,977
L,1091,1089
L,1092,1090
L,1092,1093
L,1093,979
L,1093,1092
L,1094,1095
L,1094,1096
L,1095,981
L,1095,1093
L,1096,1094
L,1096,1097
L,1097,983
L,1097,1096
L,1098,1099
L,1098,1100
L,1099,985
L,1099,1097
L,1100,1098
L,1100,1101
L,1101,987
L,1101,1100
L,1102,1103
L,1102,1104
L,1103,989
L,1103,1101
L,1104,1102
L,1104,1105
L,1105,991
L,1105,1104
L,1106,1107
L,1106,1108
L,1107,993
L,1107,1105
L,1108,1106
L,1108,1109
L,1109,995
L,1109,1108
L,1110,1111
L,1110,1112
L,1111,997
L,1111,1109
L,1112,1110
L,1112,1113
L,1113,999
L,1113,1112
L,1114,1115
L,1114,1116
L,1115,1001
L,1115,1113
L,1116,1114
L,1116,1117
L,1117,1003
L,1117,1116
L,1118,1119
L,1118,1120
L,1119,1005
L,1119,1117
L,1120,1118
L,1120,1121
L,1121,1007
L,1121,1120
L,1122,1123
L,1122,1124
L,1123,1009
L,1123,1121
L,1124,1122
L,1124,1125
L,1125,1011
L,1125,1124
L,1126,1127
L,1126,1128
L,1127,1013
L,1127,1125
L,1128,1126
L,1128,1129
L,1129,1015
L,1129,1128
L,1130,1131
L,1130,1132
L,1131,1017
L,1131,1129
L,1132,1130
L,1132,1133
L,1133,1019
L,1133,1132
L,1134,1135
L,1134,1136
L,1135,1021
L,1135,1133
L,1136,1134
L,1136,1137
L,1137,1023
L,1137,1136
L,1138,1139
L,1138,1140
L,1139,1025
L,1139,1137
L,1140,1138
L,1140,1141
L,1141,1027
L,1141,1140
L,1142,1143
L,1142,1144
L,1143,1029
L,1143,1141
L,1144,1142
L,1144,1145
L,1145,1031
L,1145,1144
L,1146,1147
L,1146,1148
L,1147,1033
L,1147,1145
L,1148,1146
L,1148,1149
L,1149,1035
L,1149,1148
L,1150,1151
L,1150,1152
L,1151,1037
L,1151,1149
L,1152,1150
L,1152,1153
L,1153,1039
L,1153,1152
L,1154,1041
L,1154,1153
L,1155,1043
L,1156,1268
L,1157,1158
L,1157,1270
L,1158,1157
L,1158,1159
L,1159,1158
L,1159,1161
L,1160,1161
L,1160,1162
L,1161,1159
L,1161,1160
L,1162,1160
L,1162,1163
L,1163,1162
L,1163,1165
L,1164,1165
L,1164,1166
L,1165,1052
L,1165,1163
L,1166,1164
L,1166,1167
L,1167,1053
L,1167,1166
L,1168,1169
L,1168,1170
L,1169,1054
L,1169,1167
L,1170,1168
L,1170,1171
L,1171,1056
L,1171,1170
L,1172,1173
L,1172,1174
L,1173,1058
L,1173,1171
L,1174,1172
L,1174,1175
L,1175,1060
L,1175,1174
L,1176,1177
L,1176,1178
L,1177,1062
L,1177,1175
L,1178,1176
L,1178,1179
L,1179,1064
L,1179,1178
L,1180,1181
L,1180,1182
L,1181,1066
L,1181,1179
L,1182,1180
L,1182,1183
L,1183,1068
L,1183,1182
L,1184,1185
L,1184,1186
L,1185,1070
L,1185,1183
L,1186,1184
L,1186,1187
L,1187,1072
L,1187,1186
L,1188,1189
L,1188,1190
L,1189,1074
L,1189,1187
L,1190,1188
L,1190,1191
L,1191,1076
L,1191,1190
L,1192,1193
L,1192,1194
L,1193,1078
L,1193,1191
L,1194,1192
L,1194,1195
L,1195,1080
L,1195,1194
L,1196,1197
L,1196,1198
L,1197,1082
L,1197,1195
L,1198,1196
L,1198,1199
L,1199,1084
L,1199,1198
L,1200,1201
L,1200,1202
L,1201,1086
L,1201,1199
L,1202,1200
L,1202,1203
L,1203,1088
L,1203,1202
L,1204,1205
L,1204,1206
L,1205,1090
L,1205,1203
L,1206,1204
L,1206,1207
L,1207,1092
L,1207,1206
L,1208,1209
L,1208,1210
L,1209,1094
L,1209,1207
L,1210,1208
L,1210,1211
L,1211,1096
L,1211,1210
L,1212,1214
L,1214,1212
L,1214,1215
L,1215,1100
L,1215,1214
L,1216,1217
L,1216,1218
L,1217,1102
L,1217,1215
L,1218,1216
L,1218,1219
L,1219,1104
L,1219,1218
L,1220,1221
L,1220,1222
L,1221,1106
L,1221,1219
L,1222,1220
L,1222,1223
L,1223,1108
L,1223,1222
L,1224,1225
L,1224,1226
L,1225,1110
L,1225,1223
L,1226,1224
L,1226,1227
L,1227,1112
L,1227,1226
L,1228,1229
L,1228,1230
L,1229,1114
L,1229,1227
L,1230,1228
L,1230,1231
L,1231,1116
L,1231,1230
L,1232,1233
L,1232,1234
L,1233,1118
L,1233,1231
L,1234,1232
L,1234,1235
L,1235,1120
L,1235,1234
L,1236,1237
L,1236,1238
L,1237,1122
L,1237,1235
L,1238,1236
L,1238,1239
L,1239,1124
L,1239,1238
L,1240,1241
L,1240,1242
L,1241,1126
L,1241,1239
L,1242,1240
L,1244,1245
L,1245,1130
L,1247,1132
L,1248,1249
L,1248,1250
L,1249,1134
L,1249,1247
L,1250,1248
L,1250,1251
L,1251,1136
L,1251,1250
L,1252,1253
L,1252,1254
L,1253,1138
L,1253,1251
L,1254,1252
L,1256,1257
L,1257,1142
L,1258,1144
L,1258,1259
L,1259,1146
L,1259,1258
L,1260,1261
L,1260,1371
L,1261,1260
L,1261,1373
L,1262,1263
L,1262,1375
L,1263,1262
L,1265,1266
L,1265,1267
L,1266,1265
L,1267,1265
L,1267,1268
L,1268,1156
L,1268,1267
L,1269,1270
L,1269,1271
L,1270,1157
L,1270,1268
L,1271,1269
L,1271,1272
L,1272,1158
L,1272,1271
L,1273,1274
L,1273,1275
L,1274,1160
L,1274,1272
L,1275,1273
L,1275,1276
L,1276,1162
L,1276,1275
L,1277,1278
L,1277,1279
L,1278,1164
L,1278,1276
L,1279,1277
L,1281,1282
L,1281,1283
L,1282,1168
L,1283,1281
L,1283,1284
L,1284,1170
L,1284,1283
L,1285,1286
L,1285,1287
L,1286,1172
L,1286,1284
L,1287,1285
L,1287,1288
L,1288,1174
L,1288,1287
L,1289,1290
L,1289,1291
L,1290,1176
L,1290,1288
L,1291,1289
L,1291,1292
L,1292,1178
L,1292,1291
L,1293,1294
L,1293,1295
L,1294,1180
L,1294,1292
L,1295,1293
L,1295,1296
L,1296,1182
L,1296,1295
L,1297,1298
L,1297,1299
L,1298,1184
L,1298,1296
L,1299,1297
L,1299,1300
L,1300,1186
L,1300,1299
L,1301,1302
L,1301,1303
L,1302,1188
L,1302,1300
L,1303,1301
L,1303,1304
L,1304,1190
L,1304,1303
L,1305,1306
L,1305,1307
L,1306,1192
L,1306,1304
L,1307,1305
L,1307,1308
L,1308,1194
L,1308,1307
L,1309,1310
L,1309,1311
L,1310,1196
L,1310,1308
L,1311,1309
L,1311,1312
L,1312,1198
L,1312,1311
L,1313,1314
L,1313,1315
L,1314,1200
L,1314,1312
L,1315,1313
L,1315,1316
L,1316,1202
L,1316,1315
L,1317,1318
L,1317,1319
L,1318,1204
L,1318,1316
L,1319,1317
L,1319,1320
L,1320,1206
L,1320,1319
L,1321,1322
L,1321,1323
L,1322,1208
L,1322,1320
L,1323,1321
L,1323,1324
L,1324,1210
L,1324,1323
L,1325,1326
L,1325,1327
L,1326,1212
L,1326,1324
L,1327,1325
L,1327,1328
L,1328,1214
L,1328,1327
L,1329,1330
L,1329,1331
L,1330,1216
L,1330,1328
L,1331,1329
L,1331,1332
L,1332,1218
L,1332,1331
L,1333,1334
L,1333,1335
L,1334,1220
L,1334,1332
L,1335,1333
L,1335,1336
L,1336,1222
L,1336,1335
L,1337,1338
L,1337,1339
L,1338,1224
L,1338,1336
L,1339,1337
L,1339,1340
L,1340,1226
L,1340,1339
L,1341,1342
L,1341,1343
L,1342,1228
L,1342,1340
L,1343,1341
L,1343,1344
L,1344,1230
L,1344,1343
L,1345,1346
L,1345,1347
L,1346,1232
L,1346,1344
L,1347,1345
L,1347,1348
L,1348,1234
L,1348,1347
L,1349,1350
L,1349,1351
L,1350,1236
L,1350,1348
L,1351,1349
L,1351,1352
L,1352,1238
L,1352,1351
L,1353,1354
L,1353,1355
L,1354,1240
L,1354,1352
L,1355,1353
L,1355,1356
L,1356,1242
L,1356,1355
L,1357,1358
L,1357,1359
L,1358,1244
L,1358,1356
L,1359,1357
L,1359,1360
L,1360,1359
L,1361,1248
L,1361,1360
L,1362,1250
L,1362,1363
L,1363,1252
L,1363,1362
L,1364,1365
L,1364,1475
L,1365,1364
L,1365,1477
L,1366,1367
L,1367,1366
L,1369,1371
L,1370,1371
L,1370,1372
L,1371,1260
L,1371,1369
L,1372,1370
L,1372,1373
L,1373,1261
L,1373,1372
L,1374,1375
L,1374,1376
L,1375,1262
L,1375,1373
L,1376,1374
L,1376,1377
L,1377,1263
L,1377,1376
L,1378,1379
L,1378,1380
L,1379,1265
L,1379,1377
L,1380,1378
L,1380,1381
L,1381,1267
L,1381,1380
L,1382,1383
L,1382,1384
L,1383,1269
L,1383,1381
L,1384,1382
L,1384,1385
L,1385,1271
L,1385,1384
L,1386,1387
L,1386,1388
L,1387,1273
L,1387,1385
L,1388,1386
L,1388,1389
L,1389,1275
L,1389,1388
L,1390,1391
L,1390,1392
L,1391,1277
L,1391,1389
L,1392,1390
L,1392,1393
L,1393,1279
L,1393,1392
L,1395,1281
L,1395,1393
L,1396,1397
L,1397,1283
L,1397,1396
L,1398,1399
L,1398,1400
L,1399,1285
L,1399,1397
L,1400,1398
L,1400,1401
L,1401,1287
L,1401,1400
L,1402,1403
L,1402,1404
L,1403,1289
L,1403,1401
L,1404,1402
L,1404,1405
L,1405,1291
L,1405,1404
L,1406,1407
L,1406,1408
L,1407,1293
L,1407,1405
L,1408,1406
L,1408,1409
L,1409,1295
L,1409,1408
L,1410,1411
L,1410,1412
L,1411,1297
L,1411,1409
L,1412,1410
L,1412,1413
L,1413,1299
L,1413,1412
L,1414,1415
L,1414,1416
L,1415,1301
L,1415,1413
L,1416,1414
L,1416,1417
L,1417,1303
L,1417,1416
L,1418,1419
L,1418,1420
L,1419,1305
L,1419,1417
L,1420,1418
L,1420,1421
L,1421,1307
L,1421,1420
L,1422,1423
L,1422,1424
L,1423,1309
L,1423,1421
L,1424,1422
L,1424,1425
L,1425,1311
L,1425,1424
L,1426,1427
L,1426,1428
L,1427,1313
L,1427,1425
L,1428,1426
L,1428,1429
L,1429,1315
L,1429,1428
L,1430,1431
L,1430,1432
L,1431,1317
L,1431,1429
L,1432,1430
L,1432,1433
L,1433,1319
L,1433,1432
L,1434,1435
L,1434,1436
L,1435,1321
L,1435,1433
L,1436,1434
L,1436,1437
L,1437,1323
L,1437,1436
L,1438,1439
L,1438,1440
L,1439,1325
L,1439,1437
L,1440,1438
L,1440,1441
L,1441,1327
L,1441,1440
L,1442,1443
L,1442,1444
L,1443,1329
L,1443,1441
L,1444,1442
L,1444,1445
L,1445,1331
L,1445,1444
L,1446,1447
L,1446,1448
L,1447,1333
L,1447,1445
L,1448,1446
L,1448,1449
L,1449,1335
L,1449,1448
L,1450,1451
L,1450,1452
L,1451,1337
L,1451,1449
L,1452,1450
L,1452,1453
L,1453,1339
L,1453,1452
L,1454,1455
L,1454,1456
L,1455,1341
L,1455,1453
L,1456,1454
L,1456,1457
L,1457,1343
L,1457,1456
L,1458,1459
L,1458,1460
L,1459,1345
L,1459,1457
L,1460,1458
L,1460,1461
L,1461,1347
L,1461,1460
L,1462,1463
L,1462,1464
L,1463,1349
L,1463,1461
L,1464,1462
L,1464,1465
L,1465,1351
L,1465,1464
L,1466,1353
L,1466,1465
L,1467,1355
L,1467,1468
L,1468,1357
L,1468,1467
L,1470,1471
L,1470,1472
L,1471,1470
L,1472,1470
L,1472,1473
L,1473,1472
L,1473,1475
L,1474,1475
L,1474,1476
L,1475,1364
L,1475,1473
L,1476,1474
L,1476,1477
L,1477,1365
L,1477,1476
L,1478,1479
L,1478,1480
L,1479,1366
L,1479,1477
L,1480,1478
L,1480,1481
L,1481,1480
L,1482,1483
L,1482,1484
L,1483,1370
L,1483,1481
L,1484,1482
L,1484,1485
L,1485,1372
L,1485,1484
L,1486,1487
L,1486,1488
L,1487,1374
L,1487,1485
L,1488,1486
L,1488,1489
L,1489,1376
L,1489,1488
L,1490,1491
L,1490,1492
L,1491,1378
L,1491,1489
L,1492,1490
L,1492,1493
L,1493,1380
L,1493,1492
L,1494,1495
L,1494,1496
L,1495,1382
L,1495,1493
L,1496,1494
L,1496,1497
L,1497,1384
L,1497,1496
L,1498,1499
L,1498,1500
L,1499,1386
L,1499,1497
L,1500,1498
L,1500,1501
L,1501,1388
L,1501,1500
L,1502,1503
L,1502,1504
L,1503,1390
L,1503,1501
L,1504,1502
L,1504,1505
L,1505,1392
L,1505,1504
L,1506,1507
L,1506,1508
L,1507,1505
L,1508,1506
L,1508,1509
L,1509,1396
L,1509,1508
L,1510,1511
L,1510,1512
L,1511,1398
L,1511,1509
L,1512,1510
L,1512,1513
L,1513,1400
L,1513,1512
L,1514,1515
L,1514,1516
L,1515,1402
L,1515,1513
L,1516,1514
L,1516,1517
L,1517,1404
L,1517,1516
L,1518,1519
L,1518,1520
L,1519,1406
L,1519,1517
L,1520,1518
L,1520,1521
L,1521,1408
L,1521,1520
L,1522,1523
L,1522,1524
L,1523,1410
L,1523,1521
L,1524,1522
L,1524,1525
L,1525,1412
L,1525,1524
L,1526,1527
L,1526,1528
L,1527,1414
L,1527,1525
L,1528,1526
L,1528,1529
L,1529,1416
L,1529,1528
L,1530,1531
L,1530,1532
L,1531,1418
L,1531,1529
L,1532,1530
L,1532,1533
L,1533,1420
L,1533,1532
L,1534,1535
L,1534,1536
L,1535,1422
L,1535,1533
L,1536,1534
L,1536,1537
L,1537,1424
L,1537,1536
L,1538,1539
L,1538,1540
L,1539,1426
L,1539,1537
L,1540,1538
L,1540,1541
L,1541,1428
L,1541,1540
L,1542,1543
L,1542,1544
L,1543,1430
L,1543,1541
L,1544,1542
L,1544,1545
L,1545,1432
L,1545,1544
L,1546,1547
L,1546,1548
L,1547,1434
L,1547,1545
L,1548,1546
L,1548,1549
L,1549,1436
L,1549,1548
L,1550,1551
L,1550,1552
L,1551,1438
L,1551,1549
L,1552,1550
L,1552,1553
L,1553,1440
L,1553,1552
L,1554,1555
L,1554,1556
L,1555,1442
L,1555,1553
L,1556,1554
L,1556,1557
L,1557,1444
L,1557,1556
L,1558,1559
L,1558,1560
L,1559,1446
L,1559,1557
L,1560,1558
L,1560,1561
L,1561,1448
L,1561,1560
L,1562,1563
L,1562,1564
L,1563,1450
L,1563,1561
L,1564,1562
L,1564,1565
L,1565,1452
L,1565,1564
L,1566,1567
L,1566,1568
L,1567,1454
L,1567,1565
L,1568,1566
L,1568,1569
L,1569,1456
L,1569,1568
L,1570,1458
L,1570,1569
L,1571,1572
L,1571,1573
L,1572,1470
L,1572,1571
L,1573,1571
L,1573,1574
L,1574,1472
L,1574,1573
L,1575,1576
L,1575,1577
L,1576,1474
L,1576,1574
L,1577,1575
L,1577,1578
L,1578,1476
L,1578,1577
L,1579,1580
L,1579,1581
L,1580,1478
L,1580,1578
L,1581,1579
L,1581,1582
L,1582,1480
L,1582,1581
L,1583,1584
L,1583,1585
L,1584,1482
L,1584,1582
L,1585,1583
L,1587,1588
L,1587,1589
L,1588,1486
L,1589,1587
L,1589,1590
L,1590,1488
L,1590,1589
L,1591,1592
L,1591,1593
L,1592,1490
L,1592,1590
L,1593,1591
L,1593,1594
L,1594,1492
L,1594,1593
L,1595,1596
L,1595,1597
L,1596,1494
L,1596,1594
L,1597,1595
L,1599,1600
L,1599,1601
L,1600,1498
L,1601,1599
L,1601,1602
L,1602,1500
L,1602,1601
L,1603,1604
L,1603,1605
L,1604,1502
L,1604,1602
L,1605,1603
L,1605,1606
L,1606,1504
L,1606,1605
L,1607,1608
L,1608,1506
L,1608,1606
L,1610,1508
L,1611,1612
L,1611,1613
L,1612,1510
L,1612,1610
L,1613,1611
L,1613,1614
L,1614,1512
L,1614,1613
L,1615,1616
L,1615,1617
L,1616,1514
L,1616,1614
L,1617,1615
L,1617,1618
L,1618,1516
L,1618,1617
L,1619,1620
L,1619,1621
L,1620,1518
L,1620,1618
L,1621,1619
L,1621,1622
L,1622,1520
L,1622,1621
L,1623,1624
L,1623,1625
L,1624,1522
L,1624,1622
L,1625,1623
L,1625,1626
L,1626,1524
L,1626,1625
L,1627,1628
L,1627,1629
L,1628,1526
L,1628,1626
L,1629,1627
L,1629,1630
L,1630,1528
L,1630,1629
L,1631,1632
L,1631,1633
L,1632,1530
L,1632,1630
L,1633,1631
L,1633,1634
L,1634,1532
L,1634,1633
L,1635,1636
L,1635,1637
L,1636,1534
L,1636,1634
L,1637,1635
L,1637,1638
L,1638,1536
L,1638,1637
L,1639,1640
L,1639,1641
L,1640,1538
L,1640,1638
L,1641,1639
L,1641,1642
L,1642,1540
L,1642,1641
L,1643,1644
L,1643,1645
L,1644,1542
L,1644,1642
L,1645,1643
L,1645,1646
L,1646,1544
L,1646,1645
L,1648,1546
L,1648,1646
L,1649,1650
L,1650,1548
L,1650,1649
L,1651,1652
L,1651,1653
L,1652,1550
L,1652,1650
L,1653,1651
L,1653,1654
L,1654,1552
L,1654,1653
L,1655,1656
L,1655,1657
L,1656,1554
L,1656,1654
L,1657,1655
L,1657,1658
L,1658,1556
L,1658,1657
L,1659,1558
L,1659,1658
L,1660,1560
L,1660,1661
L,1661,1562
L,1661,1660
L,1662,1663
L,1662,1664
L,1663,1571
L,1663,1662
L,1664,1662
L,1664,1665
L,1665,1573
L,1665,1664
L,1666,1667
L,1666,1668
L,1667,1575
L,1667,1665
L,1668,1666
L,1668,1669
L,1669,1577
L,1669,1668
L,1670,1671
L,1670,1672
L,1671,1579
L,1671,1669
L,1672,1670
L,1672,1673
L,1673,1581
L,1673,1672
L,1674,1675
L,1674,1676
L,1675,1583
L,1675,1673
L,1676,1674
L,1676,1677
L,1677,1585
L,1677,1676
L,1678,1679
L,1678,1680
L,1679,1587
L,1679,1677
L,1680,1678
L,1680,1681
L,1681,1589
L,1681,1680
L,1682,1684
L,1684,1682
L,1684,1685
L,1685,1593
L,1685,1684
L,1686,1687
L,1686,1688
L,1687,1595
L,1687,1685
L,1688,1686
L,1688,1689
L,1689,1597
L,1689,1688
L,1690,1691
L,1690,1692
L,1691,1599
L,1691,1689
L,1692,1690
L,1692,1693
L,1693,1601
L,1693,1692
L,1695,1603
L,1695,1693
L,1696,1697
L,1697,1605
L,1697,1696
L,1698,1699
L,1698,1700
L,1699,1607
L,1699,1697
L,1700,1698
L,1700,1701
L,1701,1700
L,1702,1703
L,1702,1704
L,1703,1611
L,1703,1701
L,1704,1702
L,1704,1705
L,1705,1613
L,1705,1704
L,1706,1707
L,1706,1708
L,1707,1615
L,1707,1705
L,1708,1706
L,1708,1709
L,1709,1617
L,1709,1708
L,1710,1711
L,1710,1712
L,1711,1619
L,1711,1709
L,1712,1710
L,1712,1713
L,1713,1621
L,1713,1712
L,1714,1715
L,1714,1716
L,1715,1623
L,1715,1713
L,1716,1714
L,1716,1717
L,1717,1625
L,1717,1716
L,1718,1719
L,1718,1720
L,1719,1627
L,1719,1717
L,1720,1718
L,1720,1721
L,1721,1629
L,1721,1720
L,1722,1723
L,1722,1724
L,1723,1631
L,1723,1721
L,1724,1722
L,1724,1725
L,1725,1633
L,1725,1724
L,1726,1727
L,1726,1728
L,1727,1635
L,1727,1725
L,1728,1726
L,1728,1729
L,1729,1637
L,1729,1728
L,1730,1731
L,1730,1732
L,1731,1639
L,1731,1729
L,1732,1730
L,1732,1733
L,1733,1641
L,1733,1732
L,1735,1643
L,1735,1733
L,1736,1737
L,1737,1645
L,1737,1736
L,1738,1739
L,1738,1740
L,1739,1737
L,1740,1738
L,1740,1741
L,1741,1649
L,1741,1740
L,1743,1653
L,1744,1745
L,1745,1744
L,1745,1746
L,1746,1664
L,1746,1745
L,1747,1748
L,1747,1749
L,1748,1666
L,1748,1746
L,1749,1747
L,1749,1750
L,1750,1668
L,1750,1749
L,1751,1753
L,1753,1751
L,1753,1754
L,1754,1672
L,1754,1753
L,1755,1756
L,1755,1757
L,1756,1674
L,1756,1754
L,1757,1755
L,1757,1758
L,1758,1676
L,1758,1757
L,1759,1760
L,1759,1761
L,1760,1678
L,1760,1758
L,1761,1759
L,1761,1762
L,1762,1680
L,1762,1761
L,1763,1764
L,1763,1765
L,1764,1682
L,1764,1762
L,1765,1763
L,1765,1766
L,1766,1684
L,1766,1765
L,1767,1768
L,1767,1769
L,1768,1686
L,1768,1766
L,1769,1767
L,1769,1770
L,1770,1688
L,1770,1769
L,1771,1772
L,1771,1773
L,1772,1690
L,1772,1770
L,1773,1771
L,1773,1774
L,1774,1692
L,1774,1773
L,1775,1776
L,1775,1777
L,1776,1774
L,1777,1775
L,1777,1778
L,1778,1696
L,1778,1777
L,1779,1780
L,1779,1781
L,1780,1698
L,1780,1778
L,1781,1779
L,1781,1782
L,1782,1700
L,1782,1781
L,1783,1784
L,1783,1785
L,1784,1702
L,1784,1782
L,1785,1783
L,1785,1786
L,1786,1704
L,1786,1785
L,1787,1788
L,1787,1789
L,1788,1706
L,1788,1786
L,1789,1787
L,1791,1792
L,1791,1793
L,1792,1710
L,1793,1791
L,1793,1794
L,1794,1712
L,1794,1793
L,1795,1796
L,1795,1797
L,1796,1714
L,1796,1794
L,1797,1795
L,1797,1798
L,1798,1716
L,1798,1797
L,1799,1800
L,1799,1801
L,1800,1718
L,1800,1798
L,1801,1799
L,1801,1802
L,1802,1720
L,1802,1801
L,1803,1804
L,1803,1805
L,1804,1722
L,1804,1802
L,1805,1803
L,1805,1806
L,1806,1724
L,1806,1805
L,1807,1808
L,1807,1809
L,1808,1726
L,1808,1806
L,1809,1807
L,1809,1810
L,1810,1728
L,1810,1809
L,1811,1812
L,1811,1813
L,1812,1730
L,1812,1810
L,1813,1811
L,1813,1814
L,1814,1732
L,1814,1813
L,1815,1814
L,1816,1817
L,1816,1878
L,1817,1745
L,1817,1816
L,1818,1819
L,1818,1820
L,1819,1747
L,1819,1817
L,1820,1818
L,1820,1821
L,1821,1749
L,1821,1820
L,1822,1823
L,1822,1824
L,1823,1751
L,1823,1821
L,1824,1822
L,1824,1825
L,1825,1753
L,1825,1824
L,1826,1827
L,1826,1828
L,1827,1755
L,1827,1825
L,1828,1826
L,1828,1829
L,1829,1757
L,1829,1828
L,1830,1831
L,1830,1832
L,1831,1759
L,1831,1829
L,1832,1830
L,1832,1833
L,1833,1761
L,1833,1832
L,1834,1835
L,1834,1836
L,1835,1763
L,1835,1833
L,1836,1834
L,1836,1837
L,1837,1765
L,1837,1836
L,1838,1839
L,1838,1840
L,1839,1767
L,1839,1837
L,1840,1838
L,1840,1841
L,1841,1769
L,1841,1840
L,1842,1843
L,1842,1844
L,1843,1771
L,1843,1841
L,1844,1842
L,1844,1845
L,1845,1773
L,1845,1844
L,1846,1847
L,1846,1848
L,1847,1775
L,1847,1845
L,1848,1846
L,1848,1849
L,1849,1777
L,1849,1848
L,1850,1851
L,1850,1852
L,1851,1779
L,1851,1849
L,1852,1850
L,1852,1853
L,1853,1781
L,1853,1852
L,1854,1855
L,1854,1856
L,1855,1783
L,1855,1853
L,1856,1854
L,1856,1857
L,1857,1785
L,1857,1856
L,1858,1859
L,1858,1860
L,1859,1787
L,1859,1857
L,1860,1858
L,1860,1861
L,1861,1789
L,1861,1860
L,1863,1791
L,1863,1861
L,1866,1867
L,1866,1868
L,1867,1795
L,1868,1866
L,1868,1869
L,1869,1797
L,1869,1868
L,1870,1871
L,1870,1872
L,1871,1799
L,1871,1869
L,1872,1870
L,1872,1873
L,1873,1801
L,1873,1872
L,1874,1803
L,1874,1873
L,1875,1805
L,1875,1876
L,1876,1807
L,1876,1875
L,1877,1878
L,1877,1929
L,1878,1816
L,1878,1877
L,1880,1818
L,1880,1878
L,1881,1882
L,1882,1820
L,1882,1881
L,1883,1884
L,1883,1885
L,1884,1822
L,1884,1882
L,1885,1883
L,1885,1886
L,1886,1824
L,1886,1885
L,1887,1888
L,1887,1889
L,1888,1826
L,1888,1886
L,1889,1887
L,1889,1890
L,1890,1828
L,1890,1889
L,1891,1892
L,1891,1893
L,1892,1830
L,1892,1890
L,1893,1891
L,1893,1894
L,1894,1832
L,1894,1893
L,1895,1896
L,1895,1897
L,1896,1834
L,1896,1894
L,1897,1895
L,1897,1898
L,1898,1836
L,1898,1897
L,1900,1838
L,1900,1898
L,1901,1902
L,1902,1840
L,1902,1901
L,1903,1904
L,1903,1905
L,1904,1842
L,1904,1902
L,1905,1903
L,1905,1906
L,1906,1844
L,1906,1905
L,1907,1908
L,1907,1909
L,1908,1846
L,1908,1906
L,1909,1907
L,1909,1910
L,1910,1848
L,1910,1909
L,1911,1912
L,1911,1913
L,1912,1850
L,1912,1910
L,1913,1911
L,1913,1914
L,1914,1852
L,1914,1913
L,1915,1916
L,1915,1917
L,1916,1854
L,1916,1914
L,1917,1915
L,1917,1918
L,1918,1856
L,1918,1917
L,1919,1920
L,1919,1921
L,1920,1858
L,1920,1918
L,1921,1919
L,1921,1922
L,1922,1860
L,1922,1921
L,1923,1924
L,1923,1925
L,1924,1922
L,1925,1923
L,1925,1926
L,1926,1925
L,1927,1866
L,1927,1926
L,1928,1868
L,1929,1877
L,1929,1931
L,1930,1931
L,1930,1932
L,1931,1929
L,1932,1930
L,1932,1933
L,1933,1881
L,1933,1932
L,1934,1935
L,1934,1936
L,1935,1883
L,1935,1933
L,1936,1934
L,1936,1937
L,1937,1885
L,1937,1936
L,1938,1939
L,1938,1940
L,1939,1887
L,1939,1937
L,1940,1938
L,1940,1941
L,1941,1889
L,1941,1940
L,1942,1943
L,1942,1944
L,1943,1891
L,1943,1941
L,1944,1942
L,1944,1945
L,1945,1893
L,1945,1944
L,1946,1947
L,1946,1948
L,1947,1895
L,1947,1945
L,1948,1946
L,1948,1949
L,1949,1897
L,1949,1948
L,1950,1951
L,1950,1952
L,1951,1949
L,1952,1950
L,1952,1953
L,1953,1901
L,1953,1952
L,1954,1955
L,1954,1956
L,1955,1903
L,1955,1953
L,1956,1954
L,1956,1957
L,1957,1905
L,1957,1956
L,1958,1959
L,1958,1960
L,1959,1907
L,1959,1957
L,1960,1958
L,1960,1961
L,1961,1909
L,1961,1960
L,1962,1963
L,1962,1964
L,1963,1911
L,1963,1961
L,1964,1962
L,1964,1965
L,1965,1913
L,1965,1964
L,1966,1967
L,1967,1915
L,1967,1965
L,1968,1917
L,1968,1969
L,1969,1919
L,1969,1968
L,1970,1921
L,1971,1973
L,1972,1973
L,1972,1974
L,1973,1930
L,1973,1971
L,1974,1972
L,1974,1975
L,1975,1932
L,1975,1974
L,1976,1977
L,1976,1978
L,1977,1934
L,1977,1975
L,1978,1976
L,1978,1979
L,1979,1936
L,1979,1978
L,1980,1981
L,1980,1982
L,1981,1938
L,1981,1979
L,1982,1980
L,1982,1983
L,1983,1940
L,1983,1982
L,1984,1985
L,1984,1986
L,1985,1942
L,1985,1983
L,1986,1984
L,1986,1987
L,1987,1944
L,1987,1986
L,1988,1989
L,1988,1990
L,1989,1946
L,1989,1987
L,1990,1988
L,1990,1991
L,1991,1948
L,1991,1990
L,1992,1993
L,1992,1994
L,1993,1950
L,1993,1991
L,1994,1992
L,1994,1995
L,1995,1952
L,1995,1994
L,1996,1997
L,1996,1998
L,1997,1954
L,1997,1995
L,1998,1996
L,1998,1999
L,1999,1956
L,1999,1998
L,2000,2001
L,2001,1958
L,2001,1999
L,2002,1960
L,2002,2003
L,2003,1962
L,2003,2002
L,2004,2005
L,2004,2006
L,2005,1972
L,2005,2004
L,2006,2004
L,2006,2007
L,2007,1974
L,2007,2006
L,2008,2009
L,2008,2010
L,2009,1976
L,2009,2007
L,2010,2008
L,2010,2011
L,2011,1978
L,2011,2010
L,2012,2013
L,2012,2014
L,2013,1980
L,2013,2011
L,2014,2012
L,2014,2015
L,2015,1982
L,2015,2014
L,2016,2017
L,2016,2018
L,2017,1984
L,2017,2015
L,2018,2016
L,2018,2019
L,2019,1986
L,2019,2018
L,2020,2021
L,2020,2022
L,2021,1988
L,2021,2019
L,2022,2020
L,2022,2023
L,2023,1990
L,2023,2022
L,2024,1992
L,2024,2023
L,2025,1994
L,2025,2026
L,2026,1996
L,2026,2025
L,2027,2028
L,2027,2029
L,2028,2004
L,2028,2027
L,2029,2027
L,2029,2030
L,2030,2006
L,2030,2029
L,2031,2032
L,2031,2033
L,2032,2008
L,2032,2030
L,2033,2031
L,2035,2036
L,2035,2037
L,2036,2012
L,2037,2035
L,2037,2038
L,2038,2014
L,2038,2037
L,2039,2016
L,2039,2038
