/PREP7
N,1,0.0,159.981,0.0
N,2,0.0,155.058,0.0
N,3,0.711,156.289,0.0
N,4,0.0,157.52,0.0
N,5,2.132,158.75,0.0
N,6,0.711,158.75,0.0
N,7,2.842,159.981,0.0
N,8,0.0,150.136,0.0
N,9,0.711,151.367,0.0
N,10,0.0,152.597,0.0
N,11,2.132,153.828,0.0
N,12,0.711,153.828,0.0
N,13,2.842,155.058,0.0
N,14,2.132,156.289,0.0
N,15,4.263,157.52,0.0
N,16,2.842,157.52,0.0
N,17,4.974,158.75,0.0
N,18,4.263,159.981,0.0
N,19,0.0,145.213,0.0
N,20,0.71,146.444,0.0
N,21,0.0,147.675,0.0
N,22,2.132,148.905,0.0
N,23,0.711,148.905,0.0
N,24,2.842,150.136,0.0
N,25,2.132,151.367,0.0
N,26,4.263,152.597,0.0
N,27,2.842,152.597,0.0
N,28,4.974,153.828,0.0
N,29,4.263,155.058,0.0
N,30,6.395,156.289,0.0
N,31,4.974,156.289,0.0
N,32,7.105,157.52,0.0
N,33,6.395,158.75,0.0
N,34,8.526,159.981,0.0
N,35,7.105,159.981,0.0
N,36,0.0,140.291,0.0
N,37,0.71,141.522,0.0
N,38,0.0,142.752,0.0
N,39,2.131,143.983,0.0
N,40,0.71,143.983,0.0
N,41,2.842,145.213,0.0
N,42,2.131,146.444,0.0
N,43,4.263,147.675,0.0
N,44,2.842,147.675,0.0
N,45,4.974,148.905,0.0
N,46,4.263,150.136,0.0
N,47,6.394,151.367,0.0
N,48,4.974,151.367,0.0
N,49,7.105,152.597,0.0
N,50,6.395,153.828,0.0
N,51,8.526,155.058,0.0
N,52,7.105,155.058,0.0
N,53,9.237,156.289,0.0
N,54,8.526,157.52,0.0
N,55,10.658,158.75,0.0
N,56,9.237,158.75,0.0
N,57,11.368,159.981,0.0
N,58,0.0,135.368,0.0
N,59,0.711,136.599,0.0
N,60,0.0,137.83,0.0
N,61,2.132,139.06,0.0
N,62,0.711,139.06,0.0
N,63,2.842,140.291,0.0
N,64,2.132,141.522,0.0
N,65,4.263,142.752,0.0
N,66,2.842,142.752,0.0
N,67,4.974,143.983,0.0
N,68,4.263,145.213,0.0
N,69,6.395,146.444,0.0
N,70,4.974,146.444,0.0
N,71,7.105,147.675,0.0
N,72,6.395,148.905,0.0
N,73,8.526,150.136,0.0
N,74,7.105,150.136,0.0
N,75,9.237,151.367,0.0
N,76,8.526,152.597,0.0
N,77,10.658,153.828,0.0
N,78,9.237,153.828,0.0
N,79,11.368,155.058,0.0
N,80,10.658,156.289,0.0
N,81,12.789,157.52,0.0
N,82,11.368,157.52,0.0
N,83,13.5,158.75,0.0
N,84,12.789,159.981,0.0
N,85,0.0,130.446,0.0
N,86,0.711,131.677,0.0
N,87,0.0,132.907,0.0
N,88,2.132,134.138,0.0
N,89,0.711,134.138,0.0
N,90,2.842,135.368,0.0
N,91,2.132,136.599,0.0
N,92,4.263,137.83,0.0
N,93,2.842,137.83,0.0
N,94,4.974,139.06,0.0
N,95,4.263,140.291,0.0
N,96,6.395,141.522,0.0
N,97,4.974,141.522,0.0
N,98,7.105,142.752,0.0
N,99,6.395,143.983,0.0
N,100,8.526,145.213,0.0
N,101,7.105,145.213,0.0
N,102,9.237,146.444,0.0
N,103,8.526,147.675,0.0
N,104,10.658,148.905,0.0
N,105,9.237,148.905,0.0
N,106,11.368,150.136,0.0
N,107,10.658,151.367,0.0
N,108,12.789,152.597,0.0
N,109,11.368,152.597,0.0
N,110,13.5,153.828,0.0
N,111,12.789,155.058,0.0
N,112,14.921,156.289,0.0
N,113,13.5,156.289,0.0
N,114,15.631,157.52,0.0
N,115,14.921,158.75,0.0
N,116,17.052,159.981,0.0
N,117,15.631,159.981,0.0
N,118,0.0,125.524,0.0
N,119,0.71,126.754,0.0
N,120,0.0,127.985,0.0
N,121,2.131,129.215,0.0
N,122,0.71,129.215,0.0
N,123,2.842,130.446,0.0
N,124,2.131,131.677,0.0
N,125,4.263,132.907,0.0
N,126,2.842,132.907,0.0
N,127,4.973,134.138,0.0
N,128,4.263,135.368,0.0
N,130,4.973,136.599,0.0
N,131,7.105,137.83,0.0
N,132,6.394,139.06,0.0
N,133,8.526,140.291,0.0
N,134,7.105,140.291,0.0
N,135,9.236,141.522,0.0
N,136,8.526,142.752,0.0
N,137,10.658,143.983,0.0
N,138,9.237,143.983,0.0
N,139,11.368,145.213,0.0
N,140,10.658,146.444,0.0
N,141,12.789,147.675,0.0
N,142,11.368,147.675,0.0
N,143,13.5,148.905,0.0
N,145,14.921,151.367,0.0
N,146,13.5,151.367,0.0
N,147,15.631,152.597,0.0
N,148,14.921,153.828,0.0
N,149,17.052,155.058,0.0
N,150,15.631,155.058,0.0
N,151,17.763,156.289,0.0
N,152,17.052,157.52,0.0
N,153,19.184,158.75,0.0
N,154,17.763,158.75,0.0
N,155,19.894,159.981,0.0
N,156,0.0,120.601,0.0
N,157,0.71,121.832,0.0
N,158,0.0,123.062,0.0
N,159,2.131,124.293,0.0
N,160,0.71,124.293,0.0
N,161,2.842,125.523,0.0
N,162,2.132,126.754,0.0
N,163,4.263,127.985,0.0
N,164,2.842,127.985,0.0
N,165,4.973,129.215,0.0
N,166,4.263,130.446,0.0
N,167,6.394,131.677,0.0
N,168,4.973,131.677,0.0
N,169,7.105,132.907,0.0
N,170,6.395,134.138,0.0
N,171,8.526,135.368,0.0
N,172,7.105,135.368,0.0
N,173,9.236,136.599,0.0
N,174,8.526,137.83,0.0
N,175,10.658,139.06,0.0
N,176,9.236,139.06,0.0
N,177,11.368,140.291,0.0
N,178,10.658,141.522,0.0
N,179,12.789,142.752,0.0
N,180,11.368,142.752,0.0
N,181,13.5,143.983,0.0
N,182,12.789,145.213,0.0
N,183,14.921,146.444,0.0
N,184,13.5,146.444,0.0
N,185,15.631,147.675,0.0
N,187,17.052,150.136,0.0
N,188,15.631,150.136,0.0
N,189,17.763,151.367,0.0
N,190,17.052,152.597,0.0
N,191,19.184,153.828,0.0
N,192,17.763,153.828,0.0
N,193,19.894,155.058,0.0
N,194,19.184,156.289,0.0
N,195,21.315,157.52,0.0
N,196,19.894,157.52,0.0
N,197,22.026,158.75,0.0
N,198,21.315,159.981,0.0
N,199,0.0,115.679,0.0
N,200,0.711,116.909,0.0
N,201,0.0,118.14,0.0
N,203,0.71,119.37,0.0
N,204,2.842,120.601,0.0
N,205,2.132,121.832,0.0
N,206,4.263,123.062,0.0
N,207,2.842,123.062,0.0
N,208,4.974,124.293,0.0
N,209,4.263,125.524,0.0
N,210,6.395,126.754,0.0
N,211,4.974,126.754,0.0
N,212,7.105,127.985,0.0
N,213,6.395,129.215,0.0
N,214,8.526,130.446,0.0
N,215,7.105,130.446,0.0
N,216,9.237,131.677,0.0
N,217,8.526,132.907,0.0
N,218,10.658,134.138,0.0
N,219,9.237,134.138,0.0
N,220,11.368,135.368,0.0
N,221,10.658,136.599,0.0
N,222,12.789,137.83,0.0
N,223,11.368,137.83,0.0
N,224,13.5,139.06,0.0
N,225,12.789,140.291,0.0
N,226,14.921,141.522,0.0
N,227,13.5,141.522,0.0
N,228,15.631,142.752,0.0
N,229,14.921,143.983,0.0
N,230,17.052,145.213,0.0
N,231,15.631,145.213,0.0
N,232,17.763,146.444,0.0
N,233,17.052,147.675,0.0
N,234,19.184,148.905,0.0
N,235,17.763,148.905,0.0
N,236,19.894,150.136,0.0
N,237,19.184,151.367,0.0
N,238,21.315,152.597,0.0
N,239,19.894,152.597,0.0
N,240,22.026,153.828,0.0
N,241,21.315,155.058,0.0
N,242,23.447,156.289,0.0
N,243,22.026,156.289,0.0
N,244,24.157,157.52,0.0
N,245,23.447,158.75,0.0
N,246,25.578,159.981,0.0
N,247,24.157,159.981,0.0
N,248,0.0,110.756,0.0
N,249,0.71,111.987,0.0
N,250,0.0,113.217,0.0
N,251,2.131,114.448,0.0
N,252,0.71,114.448,0.0
N,253,2.842,115.679,0.0
N,254,2.131,116.909,0.0
N,255,4.263,118.14,0.0
N,256,2.842,118.14,0.0
N,257,4.973,119.37,0.0
N,258,4.263,120.601,0.0
N,259,6.394,121.832,0.0
N,260,4.973,121.832,0.0
N,261,7.105,123.062,0.0
N,262,6.394,124.293,0.0
N,263,8.526,125.524,0.0
N,264,7.105,125.524,0.0
N,266,8.526,127.985,0.0
N,267,10.658,129.215,0.0
N,268,9.236,129.215,0.0
N,269,11.368,130.446,0.0
N,270,10.658,131.677,0.0
N,271,12.789,132.907,0.0
N,272,11.368,132.907,0.0
N,273,13.5,134.138,0.0
N,274,12.789,135.368,0.0
N,275,14.921,136.599,0.0
N,276,13.5,136.599,0.0
N,277,15.631,137.83,0.0
N,278,14.921,139.06,0.0
N,279,17.052,140.291,0.0
N,280,15.631,140.291,0.0
N,281,17.763,141.522,0.0
N,282,17.052,142.752,0.0
N,283,19.184,143.983,0.0
N,284,17.763,143.983,0.0
N,285,19.894,145.213,0.0
N,286,19.184,146.444,0.0
N,287,21.315,147.675,0.0
N,288,19.894,147.675,0.0
N,289,22.026,148.905,0.0
N,290,21.315,150.136,0.0
N,291,23.447,151.367,0.0
N,292,22.026,151.367,0.0
N,293,24.157,152.597,0.0
N,294,23.447,153.828,0.0
N,295,25.578,155.058,0.0
N,296,24.157,155.058,0.0
N,297,26.289,156.289,0.0
N,298,25.578,157.52,0.0
N,299,27.71,158.75,0.0
N,300,26.289,158.75,0.0
N,301,28.42,159.981,0.0
N,302,0.0,105.834,0.0
N,303,0.71,107.064,0.0
N,304,0.0,108.295,0.0
N,305,2.132,109.525,0.0
N,306,0.711,109.525,0.0
N,307,2.842,110.756,0.0
N,308,2.132,111.987,0.0
N,309,4.263,113.217,0.0
N,310,2.842,113.217,0.0
N,311,4.974,114.448,0.0
N,312,4.263,115.679,0.0
N,313,6.394,116.909,0.0
N,314,4.973,116.909,0.0
N,315,7.105,118.14,0.0
N,316,6.394,119.37,0.0
N,317,8.526,120.601,0.0
N,318,7.105,120.601,0.0
N,319,9.236,121.832,0.0
N,320,8.526,123.062,0.0
N,321,10.658,124.293,0.0
N,322,9.236,124.293,0.0
N,323,11.368,125.524,0.0
N,324,10.658,126.754,0.0
N,325,12.789,127.985,0.0
N,327,13.5,129.215,0.0
N,328,12.789,130.446,0.0
N,329,14.921,131.677,0.0
N,330,13.5,131.677,0.0
N,331,15.631,132.907,0.0
N,332,14.921,134.138,0.0
N,333,17.052,135.368,0.0
N,334,15.631,135.368,0.0
N,335,17.763,136.599,0.0
N,336,17.052,137.83,0.0
N,337,19.184,139.06,0.0
N,338,17.763,139.06,0.0
N,339,19.894,140.291,0.0
N,340,19.184,141.522,0.0
N,341,21.315,142.752,0.0
N,342,19.894,142.752,0.0
N,343,22.026,143.983,0.0
N,344,21.315,145.213,0.0
N,345,23.447,146.444,0.0
N,346,22.026,146.444,0.0
N,347,24.157,147.675,0.0
N,348,23.447,148.905,0.0
N,349,25.578,150.136,0.0
N,350,24.157,150.136,0.0
N,351,26.289,151.367,0.0
N,352,25.578,152.597,0.0
N,353,27.71,153.828,0.0
N,354,26.289,153.828,0.0
N,355,28.42,155.058,0.0
N,357,29.841,157.52,0.0
N,358,28.42,157.52,0.0
N,359,30.552,158.75,0.0
N,360,29.841,159.981,0.0
N,363,0.0,103.372,0.0
N,364,2.132,104.603,0.0
N,365,0.711,104.603,0.0
N,366,2.842,105.834,0.0
N,367,2.132,107.064,0.0
N,368,4.263,108.295,0.0
N,369,2.842,108.295,0.0
N,370,4.974,109.525,0.0
N,371,4.263,110.756,0.0
N,372,6.395,111.987,0.0
N,373,4.974,111.987,0.0
N,374,7.105,113.217,0.0
N,375,6.395,114.448,0.0
N,376,8.526,115.679,0.0
N,377,7.105,115.679,0.0
N,378,9.236,116.909,0.0
N,379,8.526,118.14,0.0
N,380,10.658,119.37,0.0
N,381,9.237,119.37,0.0
N,382,11.368,120.601,0.0
N,383,10.658,121.832,0.0
N,384,12.789,123.062,0.0
N,385,11.368,123.062,0.0
N,386,13.5,124.293,0.0
N,387,12.789,125.524,0.0
N,388,14.921,126.754,0.0
N,389,13.5,126.754,0.0
N,390,15.631,127.985,0.0
N,391,14.921,129.215,0.0
N,392,17.052,130.446,0.0
N,393,15.631,130.446,0.0
N,394,17.763,131.677,0.0
N,395,17.052,132.907,0.0
N,396,19.184,134.138,0.0
N,397,17.763,134.138,0.0
N,398,19.894,135.368,0.0
N,399,19.184,136.599,0.0
N,400,21.315,137.83,0.0
N,401,19.894,137.83,0.0
N,402,22.026,139.06,0.0
N,404,23.447,141.522,0.0
N,405,22.026,141.522,0.0
N,406,24.157,142.752,0.0
N,407,23.447,143.983,0.0
N,408,25.578,145.213,0.0
N,409,24.157,145.213,0.0
N,410,26.289,146.444,0.0
N,411,25.578,147.675,0.0
N,412,27.71,148.905,0.0
N,413,26.289,148.905,0.0
N,414,28.42,150.136,0.0
N,415,27.71,151.367,0.0
N,416,29.841,152.597,0.0
N,417,28.42,152.597,0.0
N,418,30.552,153.828,0.0
N,419,29.841,155.058,0.0
N,420,31.973,156.289,0.0
N,421,30.552,156.289,0.0
N,422,32.683,157.52,0.0
N,423,31.973,158.75,0.0
N,424,34.104,159.981,0.0
N,425,32.683,159.981,0.0
N,427,0.711,97.219,0.0
N,428,0.0,98.45,0.0
N,429,2.132,99.68,0.0
N,430,0.711,99.68,0.0
N,431,2.842,100.911,0.0
N,432,2.132,102.142,0.0
N,433,4.263,103.372,0.0
N,434,2.842,103.372,0.0
N,435,4.974,104.603,0.0
N,436,4.263,105.834,0.0
N,437,6.395,107.064,0.0
N,438,4.974,107.064,0.0
N,439,7.105,108.295,0.0
N,440,6.395,109.525,0.0
N,442,7.105,110.756,0.0
N,443,9.237,111.987,0.0
N,445,10.658,114.448,0.0
N,446,9.237,114.448,0.0
N,447,11.368,115.679,0.0
N,448,10.658,116.909,0.0
N,449,12.789,118.14,0.0
N,450,11.368,118.14,0.0
N,451,13.5,119.37,0.0
N,452,12.789,120.601,0.0
N,453,14.921,121.832,0.0
N,454,13.5,121.832,0.0
N,455,15.631,123.062,0.0
N,456,14.921,124.293,0.0
N,458,15.631,125.523,0.0
N,459,17.763,126.754,0.0
N,460,17.052,127.985,0.0
N,461,19.184,129.215,0.0
N,462,17.763,129.215,0.0
N,463,19.894,130.446,0.0
N,464,19.184,131.677,0.0
N,465,21.315,132.907,0.0
N,466,19.894,132.907,0.0
N,467,22.026,134.138,0.0
N,468,21.315,135.368,0.0
N,469,23.447,136.599,0.0
N,470,22.026,136.599,0.0
N,471,24.157,137.83,0.0
N,472,23.447,139.06,0.0
N,473,25.578,140.291,0.0
N,474,24.157,140.291,0.0
N,475,26.289,141.522,0.0
N,476,25.578,142.752,0.0
N,477,27.71,143.983,0.0
N,478,26.289,143.983,0.0
N,479,28.42,145.213,0.0
N,480,27.71,146.444,0.0
N,481,29.841,147.675,0.0
N,482,28.42,147.675,0.0
N,483,30.552,148.905,0.0
N,484,29.841,150.136,0.0
N,485,31.973,151.367,0.0
N,486,30.552,151.367,0.0
N,487,32.683,152.597,0.0
N,488,31.973,153.828,0.0
N,489,34.104,155.058,0.0
N,490,32.683,155.058,0.0
N,491,34.815,156.289,0.0
N,492,34.104,157.52,0.0
N,493,36.236,158.75,0.0
N,494,34.815,158.75,0.0
N,495,36.946,159.981,0.0
N,496,0.0,91.066,0.0
N,497,0.71,92.297,0.0
N,498,0.0,93.527,0.0
N,499,2.132,94.758,0.0
N,500,0.71,94.758,0.0
N,501,2.842,95.989,0.0
N,502,2.132,97.219,0.0
N,503,4.263,98.45,0.0
N,504,2.842,98.45,0.0
N,505,4.973,99.68,0.0
N,506,4.263,100.911,0.0
N,507,6.395,102.142,0.0
N,508,4.973,102.142,0.0
N,509,7.105,103.372,0.0
N,510,6.395,104.603,0.0
N,511,8.526,105.834,0.0
N,512,7.105,105.834,0.0
N,513,9.236,107.064,0.0
N,514,8.526,108.295,0.0
N,515,10.658,109.525,0.0
N,516,9.237,109.525,0.0
N,517,11.368,110.756,0.0
N,518,10.658,111.987,0.0
N,519,12.789,113.217,0.0
N,520,11.368,113.217,0.0
N,521,13.5,114.448,0.0
N,522,12.789,115.679,0.0
N,523,14.921,116.909,0.0
N,524,13.5,116.909,0.0
N,525,15.631,118.14,0.0
N,526,14.921,119.37,0.0
N,527,17.052,120.601,0.0
N,528,15.631,120.601,0.0
N,529,17.763,121.832,0.0
N,530,17.052,123.062,0.0
N,531,19.184,124.293,0.0
N,532,17.763,124.293,0.0
N,533,19.894,125.524,0.0
N,534,19.184,126.754,0.0
N,535,21.315,127.985,0.0
N,536,19.894,127.985,0.0
N,537,22.026,129.215,0.0
N,538,21.315,130.446,0.0
N,539,23.447,131.677,0.0
N,540,22.026,131.677,0.0
N,541,24.157,132.907,0.0
N,542,23.447,134.138,0.0
N,543,25.578,135.368,0.0
N,544,24.157,135.368,0.0
N,545,26.289,136.599,0.0
N,546,25.578,137.83,0.0
N,547,27.71,139.06,0.0
N,548,26.289,139.06,0.0
N,549,28.42,140.291,0.0
N,550,27.71,141.522,0.0
N,551,29.841,142.752,0.0
N,552,28.42,142.752,0.0
N,553,30.552,143.983,0.0
N,554,29.841,145.213,0.0
N,555,31.973,146.444,0.0
N,556,30.552,146.444,0.0
N,557,32.683,147.675,0.0
N,558,31.973,148.905,0.0
N,559,34.104,150.136,0.0
N,560,32.683,150.136,0.0
N,561,34.815,151.367,0.0
N,562,34.104,152.597,0.0
N,563,36.236,153.828,0.0
N,564,34.815,153.828,0.0
N,565,36.946,155.058,0.0
N,566,36.236,156.289,0.0
N,567,36.946,157.52,0.0
N,568,0.0,86.144,0.0
N,569,0.71,87.374,0.0
N,570,0.0,88.605,0.0
N,571,2.132,89.835,0.0
N,572,0.711,89.835,0.0
N,573,2.842,91.066,0.0
N,574,2.132,92.297,0.0
N,575,4.263,93.527,0.0
N,576,2.842,93.527,0.0
N,577,4.974,94.758,0.0
N,578,4.263,95.989,0.0
N,579,6.395,97.219,0.0
N,580,4.974,97.219,0.0
N,581,7.105,98.45,0.0
N,582,6.395,99.68,0.0
N,583,8.526,100.911,0.0
N,584,7.105,100.911,0.0
N,585,9.237,102.142,0.0
N,586,8.526,103.372,0.0
N,587,10.658,104.603,0.0
N,588,9.237,104.603,0.0
N,589,11.368,105.834,0.0
N,590,10.658,107.064,0.0
N,591,12.789,108.295,0.0
N,592,11.368,108.295,0.0
N,593,13.5,109.525,0.0
N,594,12.789,110.756,0.0
N,595,14.921,111.987,0.0
N,596,13.5,111.987,0.0
N,597,15.631,113.217,0.0
N,598,14.921,114.448,0.0
N,599,17.052,115.679,0.0
N,600,15.631,115.679,0.0
N,601,17.763,116.909,0.0
N,602,17.052,118.14,0.0
N,603,19.184,119.37,0.0
N,604,17.763,119.37,0.0
N,605,19.894,120.601,0.0
N,606,19.184,121.832,0.0
N,607,21.315,123.062,0.0
N,608,19.894,123.062,0.0
N,609,22.026,124.293,0.0
N,610,21.315,125.524,0.0
N,611,23.447,126.754,0.0
N,612,22.026,126.754,0.0
N,613,24.157,127.985,0.0
N,614,23.447,129.215,0.0
N,615,25.578,130.446,0.0
N,616,24.157,130.446,0.0
N,617,26.289,131.677,0.0
N,618,25.578,132.907,0.0
N,619,27.71,134.138,0.0
N,620,26.289,134.138,0.0
N,621,28.42,135.368,0.0
N,622,27.71,136.599,0.0
N,623,29.841,137.83,0.0
N,624,28.42,137.83,0.0
N,625,30.552,139.06,0.0
N,626,29.841,140.291,0.0
N,627,31.973,141.522,0.0
N,628,30.552,141.522,0.0
N,629,32.683,142.752,0.0
N,630,31.973,143.983,0.0
N,631,34.104,145.213,0.0
N,632,32.683,145.213,0.0
N,633,34.815,146.444,0.0
N,634,34.104,147.675,0.0
N,635,36.236,148.905,0.0
N,636,34.815,148.905,0.0
N,637,36.946,150.136,0.0
N,638,36.236,151.367,0.0
N,639,36.946,152.597,0.0
N,640,0.0,81.221,0.0
N,641,0.711,82.452,0.0
N,642,0.0,83.682,0.0
N,643,2.132,84.913,0.0
N,644,0.711,84.913,0.0
N,645,2.842,86.144,0.0
N,646,2.132,87.374,0.0
N,647,4.263,88.605,0.0
N,648,2.842,88.605,0.0
N,649,4.974,89.835,0.0
N,650,4.263,91.066,0.0
N,651,6.395,92.297,0.0
N,652,4.974,92.297,0.0
N,653,7.105,93.527,0.0
N,654,6.395,94.758,0.0
N,655,8.526,95.989,0.0
N,656,7.105,95.989,0.0
N,657,9.237,97.219,0.0
N,658,8.526,98.45,0.0
N,659,10.658,99.68,0.0
N,660,9.237,99.68,0.0
N,661,11.368,100.911,0.0
N,662,10.658,102.142,0.0
N,663,12.789,103.372,0.0
N,664,11.368,103.372,0.0
N,665,13.5,104.603,0.0
N,666,12.789,105.834,0.0
N,667,14.921,107.064,0.0
N,668,13.5,107.064,0.0
N,669,15.631,108.295,0.0
N,670,14.921,109.525,0.0
N,671,17.052,110.756,0.0
N,672,15.631,110.756,0.0
N,673,17.763,111.987,0.0
N,674,17.052,113.217,0.0
N,675,19.184,114.448,0.0
N,676,17.763,114.448,0.0
N,677,19.894,115.679,0.0
N,678,19.184,116.909,0.0
N,679,21.315,118.14,0.0
N,680,19.894,118.14,0.0
N,681,22.026,119.37,0.0
N,682,21.315,120.601,0.0
N,683,23.447,121.832,0.0
N,684,22.026,121.832,0.0
N,685,24.157,123.062,0.0
N,686,23.447,124.293,0.0
N,687,25.578,125.524,0.0
N,688,24.157,125.523,0.0
N,689,26.289,126.754,0.0
N,690,25.578,127.985,0.0
N,691,27.71,129.215,0.0
N,692,26.289,129.215,0.0
N,693,28.42,130.446,0.0
N,694,27.71,131.677,0.0
N,695,29.841,132.907,0.0
N,696,28.42,132.907,0.0
N,697,30.552,134.138,0.0
N,698,29.841,135.368,0.0
N,699,31.973,136.599,0.0
N,700,30.552,136.599,0.0
N,701,32.683,137.83,0.0
N,702,31.973,139.06,0.0
N,703,34.104,140.291,0.0
N,704,32.683,140.291,0.0
N,705,34.815,141.522,0.0
N,706,34.104,142.752,0.0
N,707,36.236,143.983,0.0
N,708,34.815,143.983,0.0
N,709,36.946,145.213,0.0
N,710,36.236,146.444,0.0
N,711,36.946,147.675,0.0
N,712,0.0,76.299,0.0
N,713,0.711,77.529,0.0
N,714,0.0,78.76,0.0
N,715,2.132,79.99,0.0
N,716,0.711,79.99,0.0
N,717,2.842,81.221,0.0
N,718,2.132,82.452,0.0
N,719,4.263,83.682,0.0
N,720,2.842,83.682,0.0
N,721,4.974,84.913,0.0
N,722,4.263,86.144,0.0
N,723,6.395,87.374,0.0
N,724,4.974,87.374,0.0
N,725,7.105,88.605,0.0
N,726,6.395,89.835,0.0
N,727,8.526,91.066,0.0
N,728,7.105,91.066,0.0
N,729,9.237,92.297,0.0
N,730,8.526,93.527,0.0
N,731,10.658,94.758,0.0
N,732,9.237,94.758,0.0
N,733,11.368,95.989,0.0
N,734,10.658,97.219,0.0
N,735,12.789,98.45,0.0
N,736,11.368,98.45,0.0
N,737,13.5,99.68,0.0
N,738,12.789,100.911,0.0
N,739,14.921,102.142,0.0
N,740,13.5,102.142,0.0
N,742,14.921,104.603,0.0
N,743,17.052,105.834,0.0
N,744,15.631,105.834,0.0
N,745,17.763,107.064,0.0
N,746,17.052,108.295,0.0
N,747,19.184,109.525,0.0
N,748,17.763,109.525,0.0
N,749,19.894,110.756,0.0
N,750,19.184,111.987,0.0
N,751,21.315,113.217,0.0
N,752,19.894,113.217,0.0
N,753,22.026,114.448,0.0
N,754,21.315,115.679,0.0
N,755,23.447,116.909,0.0
N,756,22.026,116.909,0.0
N,757,24.157,118.14,0.0
N,758,23.447,119.37,0.0
N,759,25.578,120.601,0.0
N,760,24.157,120.601,0.0
N,761,26.289,121.832,0.0
N,762,25.578,123.062,0.0
N,763,27.71,124.293,0.0
N,764,26.289,124.293,0.0
N,765,28.42,125.523,0.0
N,766,27.71,126.754,0.0
N,768,28.42,127.985,0.0
N,770,29.841,130.446,0.0
N,771,31.973,131.677,0.0
N,772,30.552,131.677,0.0
N,773,32.683,132.907,0.0
N,774,31.973,134.138,0.0
N,775,34.104,135.368,0.0
N,776,32.683,135.368,0.0
N,777,34.815,136.599,0.0
N,778,34.104,137.83,0.0
N,779,36.236,139.06,0.0
N,780,34.815,139.06,0.0
N,781,36.946,140.291,0.0
N,782,36.236,141.522,0.0
N,783,36.946,142.752,0.0
N,784,0.0,71.376,0.0
N,785,0.711,72.607,0.0
N,786,0.0,73.837,0.0
N,787,2.132,75.068,0.0
N,788,0.71,75.068,0.0
N,789,2.842,76.299,0.0
N,790,2.132,77.529,0.0
N,791,4.263,78.76,0.0
N,792,2.842,78.76,0.0
N,793,4.973,79.99,0.0
N,794,4.263,81.221,0.0
N,795,6.395,82.452,0.0
N,796,4.974,82.452,0.0
N,797,7.105,83.682,0.0
N,798,6.395,84.913,0.0
N,799,8.526,86.144,0.0
N,800,7.105,86.144,0.0
N,801,9.237,87.374,0.0
N,802,8.526,88.605,0.0
N,803,10.658,89.835,0.0
N,804,9.237,89.835,0.0
N,805,11.368,91.066,0.0
N,806,10.658,92.297,0.0
N,807,12.789,93.527,0.0
N,808,11.368,93.527,0.0
N,809,13.5,94.758,0.0
N,810,12.789,95.989,0.0
N,811,14.921,97.219,0.0
N,812,13.5,97.219,0.0
N,813,15.631,98.45,0.0
N,814,14.921,99.68,0.0
N,815,17.052,100.911,0.0
N,816,15.631,100.911,0.0
N,817,17.763,102.142,0.0
N,818,17.052,103.372,0.0
N,819,19.184,104.603,0.0
N,820,17.763,104.603,0.0
N,821,19.894,105.834,0.0
N,822,19.184,107.064,0.0
N,823,21.315,108.295,0.0
N,824,19.894,108.295,0.0
N,825,22.026,109.525,0.0
N,826,21.315,110.756,0.0
N,827,23.447,111.987,0.0
N,828,22.026,111.987,0.0
N,829,24.157,113.217,0.0
N,830,23.447,114.448,0.0
N,831,25.578,115.679,0.0
N,832,24.157,115.679,0.0
N,833,26.289,116.909,0.0
N,834,25.578,118.14,0.0
N,835,27.71,119.37,0.0
N,836,26.289,119.37,0.0
N,837,28.42,120.601,0.0
N,838,27.71,121.832,0.0
N,839,29.841,123.062,0.0
N,840,28.42,123.062,0.0
N,841,30.552,124.293,0.0
N,842,29.841,125.524,0.0
N,843,31.973,126.754,0.0
N,844,30.552,126.754,0.0
N,845,32.683,127.985,0.0
N,846,31.973,129.215,0.0
N,847,34.104,130.446,0.0
N,848,32.683,130.446,0.0
N,849,34.815,131.677,0.0
N,850,34.104,132.907,0.0
N,851,36.236,134.138,0.0
N,852,34.815,134.138,0.0
N,853,36.946,135.368,0.0
N,854,36.236,136.599,0.0
N,855,36.946,137.83,0.0
N,856,0.0,66.454,0.0
N,857,0.711,67.684,0.0
N,858,0.0,68.915,0.0
N,859,2.132,70.145,0.0
N,860,0.711,70.145,0.0
N,861,2.842,71.376,0.0
N,862,2.132,72.607,0.0
N,863,4.263,73.837,0.0
N,864,2.842,73.837,0.0
N,865,4.974,75.068,0.0
N,866,4.263,76.299,0.0
N,867,6.395,77.529,0.0
N,868,4.974,77.529,0.0
N,869,7.105,78.76,0.0
N,870,6.395,79.99,0.0
N,871,8.526,81.221,0.0
N,872,7.105,81.221,0.0
N,873,9.237,82.452,0.0
N,874,8.526,83.682,0.0
N,875,10.658,84.913,0.0
N,876,9.237,84.913,0.0
N,877,11.368,86.144,0.0
N,878,10.658,87.374,0.0
N,879,12.789,88.605,0.0
N,880,11.368,88.605,0.0
N,881,13.5,89.835,0.0
N,882,12.789,91.066,0.0
N,883,14.921,92.297,0.0
N,884,13.5,92.297,0.0
N,885,15.631,93.527,0.0
N,886,14.921,94.758,0.0
N,887,17.052,95.989,0.0
N,888,15.631,95.989,0.0
N,889,17.763,97.219,0.0
N,890,17.052,98.45,0.0
N,892,17.763,99.68,0.0
N,893,19.894,100.911,0.0
N,894,19.184,102.142,0.0
N,895,21.315,103.372,0.0
N,896,19.894,103.372,0.0
N,897,22.026,104.603,0.0
N,898,21.315,105.834,0.0
N,899,23.447,107.064,0.0
N,900,22.026,107.064,0.0
N,901,24.157,108.295,0.0
N,902,23.447,109.525,0.0
N,903,25.578,110.756,0.0
N,905,26.289,111.987,0.0
N,906,25.578,113.217,0.0
N,907,27.71,114.448,0.0
N,908,26.289,114.448,0.0
N,909,28.42,115.679,0.0
N,910,27.71,116.909,0.0
N,911,29.841,118.14,0.0
N,912,28.42,118.14,0.0
N,913,30.552,119.37,0.0
N,914,29.841,120.601,0.0
N,915,31.973,121.832,0.0
N,916,30.552,121.832,0.0
N,917,32.683,123.062,0.0
N,918,31.973,124.293,0.0
N,919,34.104,125.524,0.0
N,920,32.683,125.523,0.0
N,921,34.815,126.754,0.0
N,922,34.104,127.985,0.0
N,923,36.236,129.215,0.0
N,924,34.815,129.215,0.0
N,925,36.946,130.446,0.0
N,926,36.236,131.677,0.0
N,927,36.946,132.907,0.0
N,928,0.0,61.531,0.0
N,929,0.71,62.762,0.0
N,930,0.0,63.992,0.0
N,931,2.131,65.223,0.0
N,932,0.71,65.223,0.0
N,933,2.842,66.454,0.0
N,934,2.131,67.684,0.0
N,935,4.263,68.915,0.0
N,936,2.842,68.915,0.0
N,937,4.973,70.145,0.0
N,938,4.263,71.376,0.0
N,939,6.394,72.607,0.0
N,940,4.973,72.607,0.0
N,941,7.105,73.837,0.0
N,942,6.395,75.068,0.0
N,943,8.526,76.299,0.0
N,944,7.105,76.299,0.0
N,945,9.236,77.529,0.0
N,946,8.526,78.76,0.0
N,947,10.658,79.99,0.0
N,948,9.236,79.99,0.0
N,949,11.368,81.221,0.0
N,950,10.658,82.452,0.0
N,951,12.789,83.682,0.0
N,952,11.368,83.682,0.0
N,953,13.5,84.913,0.0
N,954,12.789,86.144,0.0
N,955,14.921,87.374,0.0
N,956,13.5,87.374,0.0
N,957,15.631,88.605,0.0
N,958,14.921,89.835,0.0
N,959,17.052,91.066,0.0
N,960,15.631,91.066,0.0
N,961,17.763,92.297,0.0
N,962,17.052,93.527,0.0
N,963,19.184,94.758,0.0
N,964,17.763,94.758,0.0
N,965,19.894,95.989,0.0
N,966,19.184,97.219,0.0
N,967,21.315,98.45,0.0
N,968,19.894,98.45,0.0
N,969,22.026,99.68,0.0
N,970,21.315,100.911,0.0
N,971,23.447,102.142,0.0
N,972,22.026,102.142,0.0
N,973,24.157,103.372,0.0
N,974,23.447,104.603,0.0
N,975,25.578,105.834,0.0
N,976,24.157,105.834,0.0
N,977,26.289,107.064,0.0
N,978,25.578,108.295,0.0
N,979,27.71,109.525,0.0
N,980,26.289,109.525,0.0
N,981,28.42,110.756,0.0
N,982,27.71,111.987,0.0
N,983,29.841,113.217,0.0
N,984,28.42,113.217,0.0
N,985,30.552,114.448,0.0
N,986,29.841,115.679,0.0
N,987,31.973,116.909,0.0
N,988,30.552,116.909,0.0
N,989,32.683,118.14,0.0
N,990,31.973,119.37,0.0
N,991,34.104,120.601,0.0
N,992,32.683,120.601,0.0
N,993,34.815,121.832,0.0
N,994,34.104,123.062,0.0
N,996,34.815,124.293,0.0
N,997,36.946,125.524,0.0
N,998,36.236,126.754,0.0
N,999,38.367,127.985,0.0
N,1000,36.946,127.985,0.0
N,1001,0.0,56.609,0.0
N,1002,0.711,57.839,0.0
N,1003,0.0,59.07,0.0
N,1004,2.132,60.3,0.0
N,1005,0.711,60.3,0.0
N,1006,2.842,61.531,0.0
N,1007,2.132,62.762,0.0
N,1008,4.263,63.992,0.0
N,1009,2.842,63.992,0.0
N,1010,4.974,65.223,0.0
N,1011,4.263,66.454,0.0
N,1012,6.395,67.684,0.0
N,1013,4.974,67.684,0.0
N,1014,7.105,68.915,0.0
N,1015,6.395,70.145,0.0
N,1016,8.526,71.376,0.0
N,1017,7.105,71.376,0.0
N,1018,9.237,72.607,0.0
N,1019,8.526,73.837,0.0
N,1020,10.658,75.068,0.0
N,1021,9.237,75.068,0.0
N,1022,11.368,76.299,0.0
N,1023,10.658,77.529,0.0
N,1024,12.789,78.76,0.0
N,1025,11.368,78.76,0.0
N,1026,13.5,79.99,0.0
N,1027,12.789,81.221,0.0
N,1028,14.921,82.452,0.0
N,1029,13.5,82.452,0.0
N,1030,15.631,83.682,0.0
N,1032,17.052,86.144,0.0
N,1033,15.631,86.144,0.0
N,1034,17.763,87.374,0.0
N,1035,17.052,88.605,0.0
N,1036,19.184,89.835,0.0
N,1037,17.763,89.835,0.0
N,1038,19.894,91.066,0.0
N,1039,19.184,92.297,0.0
N,1040,21.315,93.527,0.0
N,1041,19.894,93.527,0.0
N,1042,22.026,94.758,0.0
N,1043,21.315,95.989,0.0
N,1044,23.447,97.219,0.0
N,1045,22.026,97.219,0.0
N,1046,24.157,98.45,0.0
N,1047,23.447,99.68,0.0
N,1048,25.578,100.911,0.0
N,1049,24.157,100.911,0.0
N,1050,26.289,102.142,0.0
N,1051,25.578,103.372,0.0
N,1052,27.71,104.603,0.0
N,1053,26.289,104.603,0.0
N,1054,28.42,105.834,0.0
N,1055,27.71,107.064,0.0
N,1056,29.841,108.295,0.0
N,1057,28.42,108.295,0.0
N,1058,30.552,109.525,0.0
N,1059,29.841,110.756,0.0
N,1060,31.973,111.987,0.0
N,1061,30.552,111.987,0.0
N,1062,32.683,113.217,0.0
N,1063,31.973,114.448,0.0
N,1064,34.104,115.679,0.0
N,1065,32.683,115.679,0.0
N,1066,34.815,116.909,0.0
N,1067,34.104,118.14,0.0
N,1068,36.236,119.37,0.0
N,1069,34.815,119.37,0.0
N,1070,36.946,120.601,0.0
N,1071,36.236,121.832,0.0
N,1072,36.946,123.062,0.0
N,1073,0.0,51.686,0.0
N,1074,0.711,52.917,0.0
N,1075,0.0,54.147,0.0
N,1076,2.132,55.378,0.0
N,1077,0.711,55.378,0.0
N,1078,2.842,56.609,0.0
N,1079,2.131,57.839,0.0
N,1080,4.263,59.07,0.0
N,1081,2.842,59.07,0.0
N,1082,4.973,60.3,0.0
N,1083,4.263,61.531,0.0
N,1084,6.394,62.762,0.0
N,1085,4.974,62.762,0.0
N,1086,7.105,63.992,0.0
N,1087,6.395,65.223,0.0
N,1088,8.526,66.454,0.0
N,1089,7.105,66.454,0.0
N,1090,9.237,67.684,0.0
N,1091,8.526,68.915,0.0
N,1092,10.658,70.145,0.0
N,1093,9.236,70.145,0.0
N,1094,11.368,71.376,0.0
N,1095,10.658,72.607,0.0
N,1096,12.789,73.837,0.0
N,1097,11.368,73.837,0.0
N,1098,13.5,75.068,0.0
N,1099,12.789,76.299,0.0
N,1100,14.921,77.529,0.0
N,1101,13.5,77.529,0.0
N,1102,15.631,78.76,0.0
N,1103,14.921,79.99,0.0
N,1104,17.052,81.221,0.0
N,1105,15.631,81.221,0.0
N,1106,17.763,82.452,0.0
N,1107,17.052,83.682,0.0
N,1108,19.184,84.913,0.0
N,1109,17.763,84.913,0.0
N,1110,19.894,86.144,0.0
N,1111,19.184,87.374,0.0
N,1112,21.315,88.605,0.0
N,1113,19.894,88.605,0.0
N,1114,22.026,89.835,0.0
N,1115,21.315,91.066,0.0
N,1116,23.447,92.297,0.0
N,1117,22.026,92.297,0.0
N,1118,24.157,93.527,0.0
N,1119,23.447,94.758,0.0
N,1120,25.578,95.989,0.0
N,1121,24.157,95.989,0.0
N,1122,26.289,97.219,0.0
N,1123,25.578,98.45,0.0
N,1125,26.289,99.68,0.0
N,1126,28.42,100.911,0.0
N,1127,27.71,102.142,0.0
N,1128,29.841,103.372,0.0
N,1129,28.42,103.372,0.0
N,1130,30.552,104.603,0.0
N,1131,29.841,105.834,0.0
N,1132,31.973,107.064,0.0
N,1133,30.552,107.064,0.0
N,1134,32.683,108.295,0.0
N,1135,31.973,109.525,0.0
N,1136,34.104,110.756,0.0
N,1137,32.683,110.756,0.0
N,1138,34.815,111.987,0.0
N,1139,34.104,113.217,0.0
N,1140,36.236,114.448,0.0
N,1141,34.815,114.448,0.0
N,1142,36.946,115.679,0.0
N,1143,36.236,116.909,0.0
N,1144,36.946,118.14,0.0
N,1145,0.0,46.764,0.0
N,1146,0.711,47.994,0.0
N,1147,0.0,49.225,0.0
N,1148,2.132,50.456,0.0
N,1149,0.711,50.456,0.0
N,1150,2.842,51.686,0.0
N,1151,2.132,52.917,0.0
N,1152,4.263,54.147,0.0
N,1153,2.842,54.147,0.0
N,1154,4.974,55.378,0.0
N,1155,4.263,56.609,0.0
N,1156,6.395,57.839,0.0
N,1157,4.974,57.839,0.0
N,1158,7.105,59.07,0.0
N,1159,6.395,60.3,0.0
N,1160,8.526,61.531,0.0
N,1161,7.105,61.531,0.0
N,1162,9.237,62.762,0.0
N,1163,8.526,63.992,0.0
N,1164,10.658,65.223,0.0
N,1165,9.237,65.223,0.0
N,1166,11.368,66.454,0.0
N,1167,10.658,67.684,0.0
N,1168,12.789,68.915,0.0
N,1169,11.368,68.915,0.0
N,1170,13.5,70.145,0.0
N,1171,12.789,71.376,0.0
N,1172,14.921,72.607,0.0
N,1173,13.5,72.607,0.0
N,1174,15.631,73.837,0.0
N,1175,14.921,75.068,0.0
N,1176,17.052,76.299,0.0
N,1177,15.631,76.299,0.0
N,1178,17.763,77.529,0.0
N,1180,19.184,79.99,0.0
N,1181,17.763,79.99,0.0
N,1182,19.894,81.221,0.0
N,1183,19.184,82.452,0.0
N,1184,21.315,83.682,0.0
N,1185,19.894,83.682,0.0
N,1186,22.026,84.913,0.0
N,1187,21.315,86.144,0.0
N,1188,23.447,87.374,0.0
N,1189,22.026,87.374,0.0
N,1190,24.157,88.605,0.0
N,1191,23.447,89.835,0.0
N,1192,25.578,91.066,0.0
N,1193,24.157,91.066,0.0
N,1194,26.289,92.297,0.0
N,1195,25.578,93.527,0.0
N,1196,27.71,94.758,0.0
N,1197,26.289,94.758,0.0
N,1198,28.42,95.989,0.0
N,1199,27.71,97.219,0.0
N,1200,29.841,98.45,0.0
N,1201,28.42,98.45,0.0
N,1202,30.552,99.68,0.0
N,1203,29.841,100.911,0.0
N,1204,31.973,102.142,0.0
N,1205,30.552,102.142,0.0
N,1206,32.683,103.372,0.0
N,1207,31.973,104.603,0.0
N,1208,34.104,105.834,0.0
N,1210,34.815,107.064,0.0
N,1211,34.104,108.295,0.0
N,1212,36.236,109.525,0.0
N,1213,34.815,109.525,0.0
N,1214,36.946,110.756,0.0
N,1215,36.236,111.987,0.0
N,1216,36.946,113.217,0.0
N,1217,0.0,41.841,0.0
N,1218,0.711,43.072,0.0
N,1219,0.0,44.302,0.0
N,1220,2.132,45.533,0.0
N,1221,0.711,45.533,0.0
N,1222,2.842,46.764,0.0
N,1223,2.132,47.994,0.0
N,1224,4.263,49.225,0.0
N,1225,2.842,49.225,0.0
N,1226,4.974,50.456,0.0
N,1227,4.263,51.686,0.0
N,1228,6.395,52.917,0.0
N,1229,4.974,52.917,0.0
N,1230,7.105,54.147,0.0
N,1231,6.395,55.378,0.0
N,1232,8.526,56.609,0.0
N,1233,7.105,56.609,0.0
N,1234,9.237,57.839,0.0
N,1235,8.526,59.07,0.0
N,1236,10.658,60.3,0.0
N,1237,9.237,60.3,0.0
N,1238,11.368,61.531,0.0
N,1239,10.658,62.762,0.0
N,1240,12.789,63.992,0.0
N,1241,11.368,63.992,0.0
N,1242,13.5,65.223,0.0
N,1243,12.789,66.454,0.0
N,1244,14.921,67.684,0.0
N,1245,13.5,67.684,0.0
N,1246,15.631,68.915,0.0
N,1247,14.921,70.145,0.0
N,1248,17.052,71.376,0.0
N,1249,15.631,71.376,0.0
N,1250,17.763,72.607,0.0
N,1251,17.052,73.837,0.0
N,1252,19.184,75.068,0.0
N,1253,17.763,75.068,0.0
N,1254,19.894,76.299,0.0
N,1255,19.184,77.529,0.0
N,1256,21.315,78.76,0.0
N,1257,19.894,78.76,0.0
N,1258,22.026,79.99,0.0
N,1259,21.315,81.221,0.0
N,1260,23.447,82.452,0.0
N,1261,22.026,82.452,0.0
N,1262,24.157,83.682,0.0
N,1263,23.447,84.913,0.0
N,1264,25.578,86.144,0.0
N,1265,24.157,86.144,0.0
N,1266,26.289,87.374,0.0
N,1267,25.578,88.605,0.0
N,1268,27.71,89.835,0.0
N,1269,26.289,89.835,0.0
N,1270,28.42,91.066,0.0
N,1271,27.71,92.297,0.0
N,1272,29.841,93.527,0.0
N,1273,28.42,93.527,0.0
N,1274,30.552,94.758,0.0
N,1275,29.841,95.989,0.0
N,1276,31.973,97.219,0.0
N,1277,30.552,97.219,0.0
N,1278,32.683,98.45,0.0
N,1279,31.973,99.68,0.0
N,1280,34.104,100.911,0.0
N,1281,32.683,100.911,0.0
N,1282,34.815,102.142,0.0
N,1283,34.104,103.372,0.0
N,1284,36.236,104.603,0.0
N,1285,34.815,104.603,0.0
N,1286,36.946,105.834,0.0
N,1287,36.236,107.064,0.0
N,1288,36.946,108.295,0.0
N,1289,0.0,36.919,0.0
N,1290,0.711,38.149,0.0
N,1291,0.0,39.38,0.0
N,1292,2.132,40.611,0.0
N,1293,0.711,40.611,0.0
N,1294,2.842,41.841,0.0
N,1295,2.132,43.072,0.0
N,1296,4.263,44.302,0.0
N,1297,2.842,44.302,0.0
N,1298,4.974,45.533,0.0
N,1299,4.263,46.764,0.0
N,1300,6.395,47.994,0.0
N,1301,4.974,47.994,0.0
N,1302,7.105,49.225,0.0
N,1303,6.395,50.456,0.0
N,1304,8.526,51.686,0.0
N,1305,7.105,51.686,0.0
N,1306,9.237,52.917,0.0
N,1307,8.526,54.147,0.0
N,1308,10.658,55.378,0.0
N,1309,9.237,55.378,0.0
N,1310,11.368,56.609,0.0
N,1311,10.658,57.839,0.0
N,1312,12.789,59.07,0.0
N,1313,11.368,59.07,0.0
N,1314,13.5,60.3,0.0
N,1315,12.789,61.531,0.0
N,1316,14.921,62.762,0.0
N,1317,13.5,62.762,0.0
N,1318,15.631,63.992,0.0
N,1319,14.921,65.223,0.0
N,1320,17.052,66.454,0.0
N,1321,15.631,66.454,0.0
N,1322,17.763,67.684,0.0
N,1323,17.052,68.915,0.0
N,1324,19.184,70.145,0.0
N,1325,17.763,70.145,0.0
N,1326,19.894,71.376,0.0
N,1327,19.184,72.607,0.0
N,1328,21.315,73.837,0.0
N,1329,19.894,73.837,0.0
N,1330,22.026,75.068,0.0
N,1331,21.315,76.299,0.0
N,1332,23.447,77.529,0.0
N,1333,22.026,77.529,0.0
N,1334,24.157,78.76,0.0
N,1335,23.447,79.99,0.0
N,1336,25.578,81.221,0.0
N,1337,24.157,81.221,0.0
N,1338,26.289,82.452,0.0
N,1339,25.578,83.682,0.0
N,1340,27.71,84.913,0.0
N,1341,26.289,84.913,0.0
N,1342,28.42,86.144,0.0
N,1343,27.71,87.374,0.0
N,1344,29.841,88.605,0.0
N,1345,28.42,88.605,0.0
N,1346,30.552,89.835,0.0
N,1347,29.841,91.066,0.0
N,1348,31.973,92.297,0.0
N,1349,30.552,92.297,0.0
N,1350,32.683,93.527,0.0
N,1351,31.973,94.758,0.0
N,1352,34.104,95.989,0.0
N,1353,32.683,95.989,0.0
N,1354,34.815,97.219,0.0
N,1355,34.104,98.45,0.0
N,1356,36.236,99.68,0.0
N,1357,34.815,99.68,0.0
N,1358,36.946,100.911,0.0
N,1359,36.236,102.142,0.0
N,1360,36.946,103.372,0.0
N,1361,0.0,31.996,0.0
N,1362,0.711,33.227,0.0
N,1363,0.0,34.457,0.0
N,1364,2.132,35.688,0.0
N,1365,0.711,35.688,0.0
N,1366,2.842,36.919,0.0
N,1367,2.132,38.149,0.0
N,1368,4.263,39.38,0.0
N,1369,2.842,39.38,0.0
N,1371,4.263,41.841,0.0
N,1372,6.395,43.072,0.0
N,1373,4.974,43.072,0.0
N,1374,7.105,44.302,0.0
N,1375,6.395,45.533,0.0
N,1376,8.526,46.764,0.0
N,1377,7.105,46.764,0.0
N,1378,9.237,47.994,0.0
N,1379,8.526,49.225,0.0
N,1380,10.658,50.456,0.0
N,1381,9.237,50.456,0.0
N,1382,11.368,51.686,0.0
N,1383,10.658,52.917,0.0
N,1384,12.789,54.147,0.0
N,1385,11.368,54.147,0.0
N,1386,13.5,55.378,0.0
N,1387,12.789,56.609,0.0
N,1388,14.921,57.839,0.0
N,1389,13.5,57.839,0.0
N,1390,15.631,59.07,0.0
N,1391,14.921,60.3,0.0
N,1392,17.052,61.531,0.0
N,1393,15.631,61.531,0.0
N,1394,17.763,62.762,0.0
N,1395,17.052,63.992,0.0
N,1396,19.184,65.223,0.0
N,1397,17.763,65.223,0.0
N,1398,19.894,66.454,0.0
N,1399,19.184,67.684,0.0
N,1400,21.315,68.915,0.0
N,1401,19.894,68.915,0.0
N,1402,22.026,70.145,0.0
N,1403,21.315,71.376,0.0
N,1404,23.447,72.607,0.0
N,1405,22.026,72.607,0.0
N,1406,24.157,73.837,0.0
N,1407,23.447,75.068,0.0
N,1408,25.578,76.299,0.0
N,1409,24.157,76.299,0.0
N,1410,26.289,77.529,0.0
N,1411,25.578,78.76,0.0
N,1412,27.71,79.99,0.0
N,1413,26.289,79.99,0.0
N,1414,28.42,81.221,0.0
N,1415,27.71,82.452,0.0
N,1416,29.841,83.682,0.0
N,1417,28.42,83.682,0.0
N,1418,30.552,84.913,0.0
N,1419,29.841,86.144,0.0
N,1420,31.973,87.374,0.0
N,1421,30.552,87.374,0.0
N,1422,32.683,88.605,0.0
N,1423,31.973,89.835,0.0
N,1424,34.104,91.066,0.0
N,1425,32.683,91.066,0.0
N,1426,34.815,92.297,0.0
N,1427,34.104,93.527,0.0
N,1428,36.236,94.758,0.0
N,1429,34.815,94.758,0.0
N,1430,36.946,95.989,0.0
N,1431,36.236,97.219,0.0
N,1432,36.946,98.45,0.0
N,1433,0.0,27.074,0.0
N,1434,0.711,28.304,0.0
N,1436,2.132,30.766,0.0
N,1437,0.711,30.766,0.0
N,1438,2.842,31.996,0.0
N,1439,2.132,33.227,0.0
N,1440,4.263,34.457,0.0
N,1441,2.842,34.457,0.0
N,1442,4.974,35.688,0.0
N,1443,4.263,36.919,0.0
N,1444,6.395,38.149,0.0
N,1445,4.974,38.149,0.0
N,1446,7.105,39.38,0.0
N,1447,6.395,40.611,0.0
N,1448,8.526,41.841,0.0
N,1449,7.105,41.841,0.0
N,1450,9.237,43.072,0.0
N,1451,8.526,44.302,0.0
N,1452,10.658,45.533,0.0
N,1453,9.237,45.533,0.0
N,1454,11.368,46.764,0.0
N,1455,10.658,47.994,0.0
N,1456,12.789,49.225,0.0
N,1457,11.368,49.225,0.0
N,1458,13.5,50.456,0.0
N,1459,12.789,51.686,0.0
N,1460,14.921,52.917,0.0
N,1461,13.5,52.917,0.0
N,1463,14.921,55.378,0.0
N,1464,17.052,56.609,0.0
N,1465,15.631,56.609,0.0
N,1466,17.763,57.839,0.0
N,1467,17.052,59.07,0.0
N,1468,19.184,60.3,0.0
N,1469,17.763,60.3,0.0
N,1470,19.894,61.531,0.0
N,1471,19.184,62.762,0.0
N,1472,21.315,63.992,0.0
N,1473,19.894,63.992,0.0
N,1474,22.026,65.223,0.0
N,1475,21.315,66.454,0.0
N,1476,23.447,67.684,0.0
N,1477,22.026,67.684,0.0
N,1478,24.157,68.915,0.0
N,1479,23.447,70.145,0.0
N,1480,25.578,71.376,0.0
N,1481,24.157,71.376,0.0
N,1482,26.289,72.607,0.0
N,1483,25.578,73.837,0.0
N,1484,27.71,75.068,0.0
N,1485,26.289,75.068,0.0
N,1487,27.71,77.529,0.0
N,1488,29.841,78.76,0.0
N,1489,28.42,78.76,0.0
N,1490,30.552,79.99,0.0
N,1491,29.841,81.221,0.0
N,1492,31.973,82.452,0.0
N,1493,30.552,82.452,0.0
N,1494,32.683,83.682,0.0
N,1495,31.973,84.913,0.0
N,1496,34.104,86.144,0.0
N,1497,32.683,86.144,0.0
N,1498,34.815,87.374,0.0
N,1499,34.104,88.605,0.0
N,1500,36.236,89.835,0.0
N,1501,34.815,89.835,0.0
N,1502,36.946,91.066,0.0
N,1503,36.236,92.297,0.0
N,1504,36.946,93.527,0.0
N,1505,0.0,22.151,0.0
N,1506,0.711,23.382,0.0
N,1507,0.0,24.612,0.0
N,1508,2.132,25.843,0.0
N,1509,0.711,25.843,0.0
N,1510,2.842,27.074,0.0
N,1511,2.132,28.304,0.0
N,1512,4.263,29.535,0.0
N,1513,2.842,29.535,0.0
N,1514,4.974,30.766,0.0
N,1515,4.263,31.996,0.0
N,1516,6.395,33.227,0.0
N,1517,4.974,33.227,0.0
N,1518,7.105,34.457,0.0
N,1519,6.395,35.688,0.0
N,1520,8.526,36.919,0.0
N,1521,7.105,36.919,0.0
N,1522,9.237,38.149,0.0
N,1523,8.526,39.38,0.0
N,1524,10.658,40.611,0.0
N,1525,9.237,40.611,0.0
N,1526,11.368,41.841,0.0
N,1527,10.658,43.072,0.0
N,1528,12.789,44.302,0.0
N,1529,11.368,44.302,0.0
N,1530,13.5,45.533,0.0
N,1531,12.789,46.764,0.0
N,1532,14.921,47.994,0.0
N,1533,13.5,47.994,0.0
N,1534,15.631,49.225,0.0
N,1535,14.921,50.456,0.0
N,1536,17.052,51.686,0.0
N,1537,15.631,51.686,0.0
N,1538,17.763,52.917,0.0
N,1539,17.052,54.147,0.0
N,1540,19.184,55.378,0.0
N,1541,17.763,55.378,0.0
N,1542,19.894,56.609,0.0
N,1543,19.184,57.839,0.0
N,1544,21.315,59.07,0.0
N,1545,19.894,59.07,0.0
N,1546,22.026,60.3,0.0
N,1547,21.315,61.531,0.0
N,1548,23.447,62.762,0.0
N,1549,22.026,62.762,0.0
N,1550,24.157,63.992,0.0
N,1551,23.447,65.223,0.0
N,1552,25.578,66.454,0.0
N,1553,24.157,66.454,0.0
N,1554,26.289,67.684,0.0
N,1555,25.578,68.915,0.0
N,1556,27.71,70.145,0.0
N,1557,26.289,70.145,0.0
N,1558,28.42,71.376,0.0
N,1559,27.71,72.607,0.0
N,1560,29.841,73.837,0.0
N,1561,28.42,73.837,0.0
N,1562,30.552,75.068,0.0
N,1563,29.841,76.299,0.0
N,1564,31.973,77.529,0.0
N,1565,30.552,77.529,0.0
N,1566,32.683,78.76,0.0
N,1567,31.973,79.99,0.0
N,1568,34.104,81.221,0.0
N,1569,32.683,81.221,0.0
N,1570,34.815,82.452,0.0
N,1571,34.104,83.682,0.0
N,1572,36.236,84.913,0.0
N,1573,34.815,84.913,0.0
N,1574,36.946,86.144,0.0
N,1575,36.236,87.374,0.0
N,1576,36.946,88.605,0.0
N,1577,0.0,17.229,0.0
N,1578,0.711,18.459,0.0
N,1579,0.0,19.69,0.0
N,1580,2.132,20.921,0.0
N,1581,0.711,20.921,0.0
N,1582,2.842,22.151,0.0
N,1583,2.132,23.382,0.0
N,1584,4.263,24.612,0.0
N,1585,2.842,24.612,0.0
N,1586,4.974,25.843,0.0
N,1587,4.263,27.074,0.0
N,1588,6.395,28.304,0.0
N,1589,4.974,28.304,0.0
N,1591,6.395,30.766,0.0
N,1592,8.526,31.996,0.0
N,1593,7.105,31.996,0.0
N,1594,9.237,33.227,0.0
N,1595,8.526,34.457,0.0
N,1597,9.237,35.688,0.0
N,1598,11.368,36.919,0.0
N,1599,10.658,38.149,0.0
N,1600,12.789,39.38,0.0
N,1601,11.368,39.38,0.0
N,1602,13.5,40.611,0.0
N,1603,12.789,41.841,0.0
N,1604,14.921,43.072,0.0
N,1605,13.5,43.072,0.0
N,1606,15.631,44.302,0.0
N,1607,14.921,45.533,0.0
N,1608,17.052,46.764,0.0
N,1609,15.631,46.764,0.0
N,1610,17.763,47.994,0.0
N,1611,17.052,49.225,0.0
N,1612,19.184,50.456,0.0
N,1613,17.763,50.456,0.0
N,1614,19.894,51.686,0.0
N,1615,19.184,52.917,0.0
N,1616,21.315,54.147,0.0
N,1617,19.894,54.147,0.0
N,1618,22.026,55.378,0.0
N,1619,21.315,56.609,0.0
N,1620,23.447,57.839,0.0
N,1621,22.026,57.839,0.0
N,1622,24.157,59.07,0.0
N,1623,23.447,60.3,0.0
N,1624,25.578,61.531,0.0
N,1625,24.157,61.531,0.0
N,1626,26.289,62.762,0.0
N,1627,25.578,63.992,0.0
N,1628,27.71,65.223,0.0
N,1629,26.289,65.223,0.0
N,1630,28.42,66.454,0.0
N,1631,27.71,67.684,0.0
N,1632,29.841,68.915,0.0
N,1633,28.42,68.915,0.0
N,1634,30.552,70.145,0.0
N,1635,29.841,71.376,0.0
N,1636,31.973,72.607,0.0
N,1637,30.552,72.607,0.0
N,1638,32.683,73.837,0.0
N,1639,31.973,75.068,0.0
N,1640,34.104,76.299,0.0
N,1641,32.683,76.299,0.0
N,1642,34.815,77.529,0.0
N,1643,34.104,78.76,0.0
N,1644,36.236,79.99,0.0
N,1645,34.815,79.99,0.0
N,1646,36.946,81.221,0.0
N,1647,36.236,82.452,0.0
N,1648,36.946,83.682,0.0
N,1649,0.0,12.306,0.0
N,1650,0.711,13.537,0.0
N,1651,0.0,14.767,0.0
N,1652,2.132,15.998,0.0
N,1653,0.71,15.998,0.0
N,1654,2.842,17.229,0.0
N,1655,2.132,18.459,0.0
N,1657,2.842,19.69,0.0
N,1658,4.974,20.921,0.0
N,1659,4.263,22.151,0.0
N,1660,6.395,23.382,0.0
N,1661,4.974,23.382,0.0
N,1662,7.105,24.612,0.0
N,1663,6.395,25.843,0.0
N,1664,8.526,27.074,0.0
N,1665,7.105,27.074,0.0
N,1666,9.237,28.304,0.0
N,1667,8.526,29.535,0.0
N,1668,10.658,30.766,0.0
N,1669,9.237,30.766,0.0
N,1670,11.368,31.996,0.0
N,1671,10.658,33.227,0.0
N,1672,12.789,34.457,0.0
N,1673,11.368,34.457,0.0
N,1674,13.5,35.688,0.0
N,1675,12.789,36.919,0.0
N,1676,14.921,38.149,0.0
N,1677,13.5,38.149,0.0
N,1678,15.631,39.38,0.0
N,1679,14.921,40.611,0.0
N,1680,17.052,41.841,0.0
N,1681,15.631,41.841,0.0
N,1682,17.763,43.072,0.0
N,1683,17.052,44.302,0.0
N,1684,19.184,45.533,0.0
N,1685,17.763,45.533,0.0
N,1686,19.894,46.764,0.0
N,1687,19.184,47.994,0.0
N,1688,21.315,49.225,0.0
N,1689,19.894,49.225,0.0
N,1690,22.026,50.456,0.0
N,1691,21.315,51.686,0.0
N,1692,23.447,52.917,0.0
N,1693,22.026,52.917,0.0
N,1694,24.157,54.147,0.0
N,1695,23.447,55.378,0.0
N,1696,25.578,56.609,0.0
N,1697,24.157,56.609,0.0
N,1698,26.289,57.839,0.0
N,1699,25.578,59.07,0.0
N,1700,27.71,60.3,0.0
N,1701,26.289,60.3,0.0
N,1702,28.42,61.531,0.0
N,1703,27.71,62.762,0.0
N,1704,29.841,63.992,0.0
N,1705,28.42,63.992,0.0
N,1706,30.552,65.223,0.0
N,1707,29.841,66.454,0.0
N,1708,31.973,67.684,0.0
N,1709,30.552,67.684,0.0
N,1710,32.683,68.915,0.0
N,1711,31.973,70.145,0.0
N,1712,34.104,71.376,0.0
N,1713,32.683,71.376,0.0
N,1714,34.815,72.607,0.0
N,1715,34.104,73.837,0.0
N,1716,36.236,75.068,0.0
N,1717,34.815,75.068,0.0
N,1718,36.946,76.299,0.0
N,1719,36.236,77.529,0.0
N,1720,36.946,78.76,0.0
N,1721,0.0,7.384,0.0
N,1722,0.711,8.614,0.0
N,1723,0.0,9.845,0.0
N,1724,2.132,11.076,0.0
N,1725,0.711,11.076,0.0
N,1726,2.842,12.306,0.0
N,1727,2.132,13.537,0.0
N,1728,4.263,14.767,0.0
N,1729,2.842,14.767,0.0
N,1730,4.974,15.998,0.0
N,1731,4.263,17.229,0.0
N,1732,6.395,18.459,0.0
N,1733,4.974,18.459,0.0
N,1734,7.105,19.69,0.0
N,1735,6.395,20.921,0.0
N,1736,8.526,22.151,0.0
N,1737,7.105,22.151,0.0
N,1738,9.237,23.382,0.0
N,1739,8.526,24.612,0.0
N,1740,10.658,25.843,0.0
N,1741,9.237,25.843,0.0
N,1742,11.368,27.074,0.0
N,1743,10.658,28.304,0.0
N,1744,12.789,29.535,0.0
N,1745,11.368,29.535,0.0
N,1746,13.5,30.766,0.0
N,1747,12.789,31.996,0.0
N,1748,14.921,33.227,0.0
N,1749,13.5,33.227,0.0
N,1750,15.631,34.457,0.0
N,1751,14.921,35.688,0.0
N,1752,17.052,36.919,0.0
N,1753,15.631,36.919,0.0
N,1754,17.763,38.149,0.0
N,1755,17.052,39.38,0.0
N,1756,19.184,40.611,0.0
N,1757,17.763,40.611,0.0
N,1758,19.894,41.841,0.0
N,1759,19.184,43.072,0.0
N,1760,21.315,44.302,0.0
N,1761,19.894,44.302,0.0
N,1762,22.026,45.533,0.0
N,1763,21.315,46.764,0.0
N,1764,23.447,47.994,0.0
N,1765,22.026,47.994,0.0
N,1766,24.157,49.225,0.0
N,1767,23.447,50.456,0.0
N,1768,25.578,51.686,0.0
N,1769,24.157,51.686,0.0
N,1770,26.289,52.917,0.0
N,1771,25.578,54.147,0.0
N,1772,27.71,55.378,0.0
N,1773,26.289,55.378,0.0
N,1774,28.42,56.609,0.0
N,1775,27.71,57.839,0.0
N,1776,29.841,59.07,0.0
N,1777,28.42,59.07,0.0
N,1778,30.552,60.3,0.0
N,1779,29.841,61.531,0.0
N,1780,31.973,62.762,0.0
N,1781,30.552,62.762,0.0
N,1782,32.683,63.992,0.0
N,1783,31.973,65.223,0.0
N,1784,34.104,66.454,0.0
N,1785,32.683,66.454,0.0
N,1786,34.815,67.684,0.0
N,1787,34.104,68.915,0.0
N,1788,36.236,70.145,0.0
N,1789,34.815,70.145,0.0
N,1790,36.946,71.376,0.0
N,1791,36.236,72.607,0.0
N,1792,36.946,73.837,0.0
N,1793,0.0,2.461,0.0
N,1794,0.711,3.692,0.0
N,1795,0.0,4.922,0.0
N,1796,2.132,6.153,0.0
N,1797,0.711,6.153,0.0
N,1798,2.842,7.384,0.0
N,1799,2.132,8.614,0.0
N,1800,4.263,9.845,0.0
N,1801,2.842,9.845,0.0
N,1802,4.974,11.076,0.0
N,1803,4.263,12.306,0.0
N,1804,6.395,13.537,0.0
N,1805,4.974,13.537,0.0
N,1806,7.105,14.767,0.0
N,1807,6.395,15.998,0.0
N,1808,8.526,17.229,0.0
N,1809,7.105,17.229,0.0
N,1810,9.237,18.459,0.0
N,1811,8.526,19.69,0.0
N,1812,10.658,20.921,0.0
N,1813,9.237,20.921,0.0
N,1815,10.658,23.382,0.0
N,1816,12.789,24.612,0.0
N,1817,11.368,24.612,0.0
N,1818,13.5,25.843,0.0
N,1819,12.789,27.074,0.0
N,1820,14.921,28.304,0.0
N,1821,13.5,28.304,0.0
N,1822,15.631,29.535,0.0
N,1823,14.921,30.766,0.0
N,1824,17.052,31.996,0.0
N,1825,15.631,31.996,0.0
N,1826,17.763,33.227,0.0
N,1827,17.052,34.457,0.0
N,1828,19.184,35.688,0.0
N,1829,17.763,35.688,0.0
N,1830,19.894,36.919,0.0
N,1831,19.184,38.149,0.0
N,1832,21.315,39.38,0.0
N,1833,19.894,39.38,0.0
N,1834,22.026,40.611,0.0
N,1835,21.315,41.841,0.0
N,1836,23.447,43.072,0.0
N,1837,22.026,43.072,0.0
N,1839,23.447,45.533,0.0
N,1840,25.578,46.764,0.0
N,1841,24.157,46.764,0.0
N,1842,26.289,47.994,0.0
N,1843,25.578,49.225,0.0
N,1844,27.71,50.456,0.0
N,1845,26.289,50.456,0.0
N,1846,28.42,51.686,0.0
N,1847,27.71,52.917,0.0
N,1849,28.42,54.147,0.0
N,1850,30.552,55.378,0.0
N,1851,29.841,56.609,0.0
N,1852,31.973,57.839,0.0
N,1853,30.552,57.839,0.0
N,1854,32.683,59.07,0.0
N,1855,31.973,60.3,0.0
N,1856,34.104,61.531,0.0
N,1857,32.683,61.531,0.0
N,1858,34.815,62.762,0.0
N,1859,34.104,63.992,0.0
N,1860,36.236,65.223,0.0
N,1861,34.815,65.223,0.0
N,1862,36.946,66.454,0.0
N,1863,36.236,67.684,0.0
N,1864,36.946,68.915,0.0
N,1865,0.0,0.0,0.0
N,1866,2.132,1.231,0.0
N,1867,0.711,1.231,0.0
N,1868,2.842,2.461,0.0
N,1869,2.132,3.692,0.0
N,1870,4.263,4.922,0.0
N,1871,2.842,4.922,0.0
N,1872,4.974,6.153,0.0
N,1873,4.263,7.384,0.0
N,1874,6.395,8.614,0.0
N,1875,4.974,8.614,0.0
N,1876,7.105,9.845,0.0
N,1877,6.395,11.076,0.0
N,1878,8.526,12.306,0.0
N,1879,7.105,12.306,0.0
N,1880,9.237,13.537,0.0
N,1881,8.526,14.767,0.0
N,1882,10.658,15.998,0.0
N,1883,9.237,15.998,0.0
N,1884,11.368,17.229,0.0
N,1885,10.658,18.459,0.0
N,1886,12.789,19.69,0.0
N,1887,11.368,19.69,0.0
N,1888,13.5,20.921,0.0
N,1889,12.789,22.151,0.0
N,1890,14.921,23.382,0.0
N,1891,13.5,23.382,0.0
N,1892,15.631,24.612,0.0
N,1893,14.921,25.843,0.0
N,1895,15.631,27.074,0.0
N,1896,17.763,28.304,0.0
N,1897,17.052,29.535,0.0
N,1898,19.184,30.766,0.0
N,1899,17.763,30.766,0.0
N,1900,19.894,31.996,0.0
N,1901,19.184,33.227,0.0
N,1902,21.315,34.457,0.0
N,1903,19.894,34.457,0.0
N,1904,22.026,35.688,0.0
N,1905,21.315,36.919,0.0
N,1906,23.447,38.149,0.0
N,1907,22.026,38.149,0.0
N,1908,24.157,39.38,0.0
N,1909,23.447,40.611,0.0
N,1910,25.578,41.841,0.0
N,1911,24.157,41.841,0.0
N,1912,26.289,43.072,0.0
N,1913,25.578,44.302,0.0
N,1914,27.71,45.533,0.0
N,1915,26.289,45.533,0.0
N,1916,28.42,46.764,0.0
N,1917,27.71,47.994,0.0
N,1918,29.841,49.225,0.0
N,1919,28.42,49.225,0.0
N,1921,29.841,51.686,0.0
N,1922,31.973,52.917,0.0
N,1923,30.552,52.917,0.0
N,1924,32.683,54.147,0.0
N,1925,31.973,55.378,0.0
N,1926,34.104,56.609,0.0
N,1927,32.683,56.609,0.0
N,1928,34.815,57.839,0.0
N,1929,34.104,59.07,0.0
N,1930,36.236,60.3,0.0
N,1931,34.815,60.3,0.0
N,1932,36.946,61.531,0.0
N,1933,36.236,62.762,0.0
N,1934,36.946,63.992,0.0
N,1935,4.263,0.0,0.0
N,1936,2.842,0.0,0.0
N,1937,4.974,1.231,0.0
N,1938,4.263,2.461,0.0
N,1939,6.395,3.692,0.0
N,1940,4.974,3.692,0.0
N,1941,7.105,4.922,0.0
N,1942,6.395,6.153,0.0
N,1943,8.526,7.384,0.0
N,1944,7.105,7.384,0.0
N,1945,9.237,8.614,0.0
N,1947,10.658,11.076,0.0
N,1948,9.237,11.076,0.0
N,1949,11.368,12.306,0.0
N,1950,10.658,13.537,0.0
N,1951,12.789,14.767,0.0
N,1952,11.368,14.767,0.0
N,1953,13.5,15.998,0.0
N,1954,12.789,17.229,0.0
N,1955,14.921,18.459,0.0
N,1956,13.5,18.459,0.0
N,1957,15.631,19.69,0.0
N,1958,14.921,20.921,0.0
N,1959,17.052,22.151,0.0
N,1960,15.631,22.151,0.0
N,1961,17.763,23.382,0.0
N,1962,17.052,24.612,0.0
N,1963,19.184,25.843,0.0
N,1964,17.763,25.843,0.0
N,1965,19.894,27.074,0.0
N,1966,19.184,28.304,0.0
N,1967,21.315,29.535,0.0
N,1968,19.894,29.535,0.0
N,1969,22.026,30.766,0.0
N,1970,21.315,31.996,0.0
N,1971,23.447,33.227,0.0
N,1972,22.026,33.227,0.0
N,1973,24.157,34.457,0.0
N,1974,23.447,35.688,0.0
N,1975,25.578,36.919,0.0
N,1976,24.157,36.919,0.0
N,1977,26.289,38.149,0.0
N,1978,25.578,39.38,0.0
N,1979,27.71,40.611,0.0
N,1980,26.289,40.611,0.0
N,1981,28.42,41.841,0.0
N,1982,27.71,43.072,0.0
N,1983,29.841,44.302,0.0
N,1984,28.42,44.302,0.0
N,1985,30.552,45.533,0.0
N,1986,29.841,46.764,0.0
N,1987,31.973,47.994,0.0
N,1988,30.552,47.994,0.0
N,1989,32.683,49.225,0.0
N,1990,31.973,50.456,0.0
N,1991,34.104,51.686,0.0
N,1992,32.683,51.686,0.0
N,1993,34.815,52.917,0.0
N,1994,34.104,54.147,0.0
N,1995,36.236,55.378,0.0
N,1996,34.815,55.378,0.0
N,1997,36.946,56.609,0.0
N,1998,36.236,57.839,0.0
N,1999,36.946,59.07,0.0
N,2000,7.105,0.0,0.0
N,2001,6.395,1.231,0.0
N,2002,8.526,2.461,0.0
N,2003,7.105,2.461,0.0
N,2004,9.237,3.692,0.0
N,2005,8.526,4.922,0.0
N,2006,10.658,6.153,0.0
N,2007,9.237,6.153,0.0
N,2008,11.368,7.384,0.0
N,2009,10.658,8.614,0.0
N,2010,12.789,9.845,0.0
N,2011,11.368,9.845,0.0
N,2012,13.5,11.076,0.0
N,2013,12.789,12.306,0.0
N,2014,14.921,13.537,0.0
N,2015,13.5,13.537,0.0
N,2016,15.631,14.767,0.0
N,2017,14.921,15.998,0.0
N,2018,17.052,17.229,0.0
N,2019,15.631,17.229,0.0
N,2020,17.763,18.459,0.0
N,2021,17.052,19.69,0.0
N,2022,19.184,20.921,0.0
N,2023,17.763,20.921,0.0
N,2024,19.894,22.151,0.0
N,2025,19.184,23.382,0.0
N,2026,21.315,24.612,0.0
N,2027,19.894,24.612,0.0
N,2028,22.026,25.843,0.0
N,2029,21.315,27.074,0.0
N,2030,23.447,28.304,0.0
N,2031,22.026,28.304,0.0
N,2032,24.157,29.535,0.0
N,2033,23.447,30.766,0.0
N,2034,25.578,31.996,0.0
N,2035,24.157,31.996,0.0
N,2036,26.289,33.227,0.0
N,2037,25.578,34.457,0.0
N,2038,27.71,35.688,0.0
N,2039,26.289,35.688,0.0
N,2040,28.42,36.919,0.0
N,2041,27.71,38.149,0.0
N,2042,29.841,39.38,0.0
N,2043,28.42,39.38,0.0
N,2044,30.552,40.611,0.0
N,2045,29.841,41.841,0.0
N,2048,32.683,44.302,0.0
N,2049,31.973,45.533,0.0
N,2050,34.104,46.764,0.0
N,2051,32.683,46.764,0.0
N,2052,34.815,47.994,0.0
N,2053,34.104,49.225,0.0
N,2054,36.236,50.456,0.0
N,2055,34.815,50.456,0.0
N,2056,36.946,51.686,0.0
N,2057,36.236,52.917,0.0
N,2058,36.946,54.147,0.0
N,2059,8.526,0.0,0.0
N,2060,10.658,1.231,0.0
N,2061,9.237,1.231,0.0
N,2062,11.368,2.461,0.0
N,2063,10.658,3.692,0.0
N,2064,12.789,4.922,0.0
N,2065,11.368,4.922,0.0
N,2066,13.5,6.153,0.0
N,2067,12.789,7.384,0.0
N,2068,14.921,8.614,0.0
N,2069,13.5,8.614,0.0
N,2070,15.631,9.845,0.0
N,2071,14.921,11.076,0.0
N,2072,17.052,12.306,0.0
N,2073,15.631,12.306,0.0
N,2074,17.763,13.537,0.0
N,2075,17.052,14.767,0.0
N,2076,19.184,15.998,0.0
N,2077,17.763,15.998,0.0
N,2078,19.894,17.229,0.0
N,2079,19.184,18.459,0.0
N,2080,21.315,19.69,0.0
N,2081,19.894,19.69,0.0
N,2082,22.026,20.921,0.0
N,2083,21.315,22.151,0.0
N,2084,23.447,23.382,0.0
N,2085,22.026,23.382,0.0
N,2087,23.447,25.843,0.0
N,2088,25.578,27.074,0.0
N,2089,24.157,27.074,0.0
N,2090,26.289,28.304,0.0
N,2091,25.578,29.535,0.0
N,2092,27.71,30.766,0.0
N,2093,26.289,30.766,0.0
N,2094,28.42,31.996,0.0
N,2095,27.71,33.227,0.0
N,2096,29.841,34.457,0.0
N,2097,28.42,34.457,0.0
N,2098,30.552,35.688,0.0
N,2099,29.841,36.919,0.0
N,2100,31.973,38.149,0.0
N,2101,30.552,38.149,0.0
N,2102,32.683,39.38,0.0
N,2103,31.973,40.611,0.0
N,2104,34.104,41.841,0.0
N,2105,32.683,41.841,0.0
N,2106,34.815,43.072,0.0
N,2107,34.104,44.302,0.0
N,2108,36.236,45.533,0.0
N,2109,34.815,45.533,0.0
N,2110,36.946,46.764,0.0
N,2111,36.236,47.994,0.0
N,2112,36.946,49.225,0.0
N,2113,12.789,0.0,0.0
N,2114,11.368,0.0,0.0
N,2115,13.5,1.231,0.0
N,2116,12.789,2.461,0.0
N,2117,14.921,3.692,0.0
N,2118,13.5,3.692,0.0
N,2119,15.631,4.922,0.0
N,2120,14.921,6.153,0.0
N,2121,17.052,7.384,0.0
N,2122,15.631,7.384,0.0
N,2123,17.763,8.614,0.0
N,2124,17.052,9.845,0.0
N,2125,19.184,11.076,0.0
N,2126,17.763,11.076,0.0
N,2128,19.184,13.537,0.0
N,2130,19.894,14.767,0.0
N,2131,22.026,15.998,0.0
N,2132,21.315,17.229,0.0
N,2133,23.447,18.459,0.0
N,2134,22.026,18.459,0.0
N,2135,24.157,19.69,0.0
N,2136,23.447,20.921,0.0
N,2137,25.578,22.151,0.0
N,2138,24.157,22.151,0.0
N,2139,26.289,23.382,0.0
N,2141,27.71,25.843,0.0
N,2142,26.289,25.843,0.0
N,2143,28.42,27.074,0.0
N,2144,27.71,28.304,0.0
N,2145,29.841,29.535,0.0
N,2146,28.42,29.535,0.0
N,2147,30.552,30.766,0.0
N,2148,29.841,31.996,0.0
N,2149,31.973,33.227,0.0
N,2150,30.552,33.227,0.0
N,2151,32.683,34.457,0.0
N,2152,31.973,35.688,0.0
N,2153,34.104,36.919,0.0
N,2154,32.683,36.919,0.0
N,2155,34.815,38.149,0.0
N,2156,34.104,39.38,0.0
N,2157,36.236,40.611,0.0
N,2158,34.815,40.611,0.0
N,2159,36.946,41.841,0.0
N,2160,36.236,43.072,0.0
N,2161,36.946,44.302,0.0
N,2162,15.631,0.0,0.0
N,2163,14.921,1.231,0.0
N,2164,17.052,2.461,0.0
N,2165,15.631,2.461,0.0
N,2166,17.763,3.692,0.0
N,2167,17.052,4.922,0.0
N,2168,19.184,6.153,0.0
N,2169,17.763,6.153,0.0
N,2170,19.894,7.384,0.0
N,2171,19.184,8.614,0.0
N,2172,21.315,9.845,0.0
N,2173,19.894,9.845,0.0
N,2174,22.026,11.076,0.0
N,2175,21.315,12.306,0.0
N,2176,23.447,13.537,0.0
N,2177,22.026,13.537,0.0
N,2178,24.157,14.767,0.0
N,2179,23.447,15.998,0.0
N,2180,25.578,17.229,0.0
N,2181,24.157,17.229,0.0
N,2182,26.289,18.459,0.0
N,2183,25.578,19.69,0.0
N,2184,27.71,20.921,0.0
N,2185,26.289,20.921,0.0
N,2186,28.42,22.151,0.0
N,2187,27.71,23.382,0.0
N,2188,29.841,24.612,0.0
N,2189,28.42,24.612,0.0
N,2190,30.552,25.843,0.0
N,2191,29.841,27.074,0.0
N,2192,31.973,28.304,0.0
N,2193,30.552,28.304,0.0
N,2194,32.683,29.535,0.0
N,2195,31.973,30.766,0.0
N,2196,34.104,31.996,0.0
N,2197,32.683,31.996,0.0
N,2198,34.815,33.227,0.0
N,2199,34.104,34.457,0.0
N,2200,36.236,35.688,0.0
N,2201,34.815,35.688,0.0
N,2202,36.946,36.919,0.0
N,2203,36.236,38.149,0.0
N,2204,38.367,39.38,0.0
N,2205,36.946,39.38,0.0
N,2206,38.367,41.841,0.0
N,2207,17.052,0.0,0.0
N,2208,19.184,1.231,0.0
N,2209,17.763,1.231,0.0
N,2210,19.894,2.461,0.0
N,2211,19.184,3.692,0.0
N,2212,21.315,4.922,0.0
N,2213,19.894,4.922,0.0
N,2214,22.026,6.153,0.0
N,2215,21.315,7.384,0.0
N,2216,23.447,8.614,0.0
N,2217,22.026,8.614,0.0
N,2218,24.157,9.845,0.0
N,2219,23.447,11.076,0.0
N,2220,25.578,12.306,0.0
N,2221,24.157,12.306,0.0
N,2222,26.289,13.537,0.0
N,2223,25.578,14.767,0.0
N,2224,27.71,15.998,0.0
N,2225,26.289,15.998,0.0
N,2226,28.42,17.229,0.0
N,2227,27.71,18.459,0.0
N,2228,29.841,19.69,0.0
N,2229,28.42,19.69,0.0
N,2230,30.552,20.921,0.0
N,2231,29.841,22.151,0.0
N,2232,31.973,23.382,0.0
N,2234,32.683,24.612,0.0
N,2235,31.973,25.843,0.0
N,2236,34.104,27.074,0.0
N,2237,32.683,27.074,0.0
N,2238,34.815,28.304,0.0
N,2239,34.104,29.535,0.0
N,2240,36.236,30.766,0.0
N,2241,34.815,30.766,0.0
N,2242,36.946,31.996,0.0
N,2243,36.236,33.227,0.0
N,2244,36.946,34.457,0.0
N,2245,38.367,36.919,0.0
N,2246,21.315,0.0,0.0
N,2247,19.894,0.0,0.0
N,2248,22.026,1.231,0.0
N,2249,21.315,2.461,0.0
N,2250,23.447,3.692,0.0
N,2251,22.026,3.692,0.0
N,2252,24.157,4.922,0.0
N,2253,23.447,6.153,0.0
N,2254,25.578,7.384,0.0
N,2255,24.157,7.384,0.0
N,2256,26.289,8.614,0.0
N,2257,25.578,9.845,0.0
N,2258,27.71,11.076,0.0
N,2259,26.289,11.076,0.0
N,2260,28.42,12.306,0.0
N,2261,27.71,13.537,0.0
N,2262,29.841,14.767,0.0
N,2263,28.42,14.767,0.0
N,2264,30.552,15.998,0.0
N,2265,29.841,17.229,0.0
N,2266,31.973,18.459,0.0
N,2267,30.552,18.459,0.0
N,2269,31.973,20.921,0.0
N,2270,34.104,22.151,0.0
N,2271,32.683,22.151,0.0
N,2272,34.815,23.382,0.0
N,2273,34.104,24.612,0.0
N,2274,36.236,25.843,0.0
N,2275,34.815,25.843,0.0
N,2276,36.946,27.074,0.0
N,2277,36.236,28.304,0.0
N,2278,36.946,29.535,0.0
N,2279,24.157,0.0,0.0
N,2280,23.447,1.231,0.0
N,2281,25.578,2.461,0.0
N,2282,24.157,2.461,0.0
N,2284,25.578,4.922,0.0
N,2285,27.71,6.153,0.0
N,2286,26.289,6.153,0.0
N,2287,28.42,7.384,0.0
N,2288,27.71,8.614,0.0
N,2289,29.841,9.845,0.0
N,2290,28.42,9.845,0.0
N,2291,30.552,11.076,0.0
N,2292,29.841,12.306,0.0
N,2293,31.973,13.537,0.0
N,2294,30.552,13.537,0.0
N,2295,32.683,14.767,0.0
N,2296,31.973,15.998,0.0
N,2297,34.104,17.229,0.0
N,2298,32.683,17.229,0.0
N,2299,34.815,18.459,0.0
N,2300,34.104,19.69,0.0
N,2301,36.236,20.921,0.0
N,2302,34.815,20.921,0.0
N,2303,36.946,22.151,0.0
N,2305,36.946,24.612,0.0
N,2306,25.578,0.0,0.0
N,2307,27.71,1.231,0.0
N,2308,26.289,1.231,0.0
N,2309,28.42,2.461,0.0
N,2310,27.71,3.692,0.0
N,2311,29.841,4.922,0.0
N,2312,28.42,4.922,0.0
N,2313,30.552,6.153,0.0
N,2314,29.841,7.384,0.0
N,2315,31.973,8.614,0.0
N,2316,30.552,8.614,0.0
N,2317,32.683,9.845,0.0
N,2318,31.973,11.076,0.0
N,2319,34.104,12.306,0.0
N,2320,32.683,12.306,0.0
N,2321,34.815,13.537,0.0
N,2322,34.104,14.767,0.0
N,2323,36.236,15.998,0.0
N,2324,34.815,15.998,0.0
N,2325,36.946,17.229,0.0
N,2326,36.236,18.459,0.0
N,2327,36.946,19.69,0.0
N,2328,29.841,0.0,0.0
N,2329,28.42,0.0,0.0
N,2330,30.552,1.231,0.0
N,2331,29.841,2.461,0.0
N,2332,31.973,3.692,0.0
N,2333,30.552,3.692,0.0
N,2334,32.683,4.922,0.0
N,2335,31.973,6.153,0.0
N,2336,34.104,7.384,0.0
N,2337,32.683,7.384,0.0
N,2338,34.815,8.614,0.0
N,2339,34.104,9.845,0.0
N,2340,36.236,11.076,0.0
N,2341,34.815,11.076,0.0
N,2342,36.946,12.306,0.0
N,2343,36.236,13.537,0.0
N,2344,38.367,14.767,0.0
N,2345,36.946,14.767,0.0
N,2346,38.367,17.229,0.0
N,2347,32.683,0.0,0.0
N,2348,31.973,1.231,0.0
N,2349,34.104,2.461,0.0
N,2350,32.683,2.461,0.0
N,2351,34.815,3.692,0.0
N,2352,34.104,4.922,0.0
N,2353,36.236,6.153,0.0
N,2354,34.815,6.153,0.0
N,2355,36.946,7.384,0.0
N,2356,36.236,8.614,0.0
N,2358,34.104,0.0,0.0
N,2359,36.236,1.231,0.0
N,2360,34.815,1.231,0.0
N,2361,36.946,2.461,0.0
N,2362,36.236,3.692,0.0
N,2363,38.367,4.922,0.0
N,2364,36.946,4.922,0.0
N,2365,38.367,7.384,0.0
N,2366,36.946,0.0,0.0
