/PREP7
N,1,0.0,199.816,0.0
N,2,0.341,190.949,0.0
N,3,0.683,192.328,0.0
N,4,1.365,195.087,0.0
N,5,0.0,194.693,0.0
N,6,1.707,196.466,0.0
N,7,0.683,197.451,0.0
N,8,2.389,199.225,0.0
N,9,1.024,198.831,0.0
N,10,0.0,179.322,0.0
N,11,0.683,182.081,0.0
N,12,1.024,183.46,0.0
N,13,0.0,184.446,0.0
N,14,1.707,186.219,0.0
N,15,0.341,185.825,0.0
N,16,2.048,187.599,0.0
N,17,1.024,188.584,0.0
N,18,2.731,190.357,0.0
N,19,1.365,189.963,0.0
N,20,3.072,191.737,0.0
N,21,2.048,192.722,0.0
N,22,3.754,194.496,0.0
N,23,2.389,194.101,0.0
N,24,4.096,195.875,0.0
N,25,3.072,196.86,0.0
N,26,4.778,198.634,0.0
N,27,3.413,198.24,0.0
N,28,5.12,200.013,0.0
N,29,0.0,169.075,0.0
N,30,0.341,170.455,0.0
N,31,1.024,173.213,0.0
N,32,1.365,174.593,0.0
N,33,0.341,175.578,0.0
N,35,0.683,176.957,0.0
N,36,2.389,178.731,0.0
N,37,1.365,179.716,0.0
N,38,3.072,181.49,0.0
N,39,1.707,181.096,0.0
N,40,3.413,182.869,0.0
N,41,2.389,183.854,0.0
N,42,4.096,185.628,0.0
N,43,2.731,185.234,0.0
N,44,4.437,187.007,0.0
N,45,3.413,187.993,0.0
N,46,5.12,189.766,0.0
N,48,5.461,191.146,0.0
N,49,4.437,192.131,0.0
N,50,6.144,193.904,0.0
N,52,6.485,195.284,0.0
N,53,5.461,196.269,0.0
N,54,7.168,198.043,0.0
N,55,5.802,197.648,0.0
N,56,7.509,199.422,0.0
N,57,0.341,160.208,0.0
N,58,0.683,161.587,0.0
N,59,1.365,164.346,0.0
N,60,0.0,163.952,0.0
N,61,1.707,165.725,0.0
N,62,0.683,166.71,0.0
N,63,2.389,168.484,0.0
N,64,1.024,168.09,0.0
N,65,2.731,169.863,0.0
N,66,1.707,170.849,0.0
N,67,3.413,172.622,0.0
N,68,2.048,172.228,0.0
N,69,3.754,174.002,0.0
N,70,2.731,174.987,0.0
N,71,4.437,176.76,0.0
N,73,4.778,178.14,0.0
N,74,3.754,179.125,0.0
N,75,5.461,180.899,0.0
N,76,4.096,180.505,0.0
N,77,5.802,182.278,0.0
N,78,4.778,183.263,0.0
N,79,6.485,185.037,0.0
N,80,5.12,184.643,0.0
N,81,6.826,186.416,0.0
N,82,5.802,187.401,0.0
N,83,7.509,189.175,0.0
N,84,6.144,188.781,0.0
N,85,7.85,190.554,0.0
N,86,6.826,191.54,0.0
N,87,8.533,193.313,0.0
N,88,7.168,192.919,0.0
N,89,8.874,194.693,0.0
N,90,7.85,195.678,0.0
N,91,9.557,197.451,0.0
N,92,8.192,197.057,0.0
N,93,9.898,198.831,0.0
N,94,8.874,199.816,0.0
N,95,0.0,148.581,0.0
N,96,0.683,151.34,0.0
N,97,1.024,152.719,0.0
N,98,0.0,153.705,0.0
N,99,1.707,155.478,0.0
N,100,0.341,155.084,0.0
N,101,2.048,156.858,0.0
N,102,1.024,157.843,0.0
N,103,2.731,159.616,0.0
N,104,1.365,159.222,0.0
N,105,3.072,160.996,0.0
N,106,2.048,161.981,0.0
N,107,3.754,163.755,0.0
N,108,2.389,163.361,0.0
N,109,4.096,165.134,0.0
N,110,3.072,166.119,0.0
N,111,4.778,167.893,0.0
N,112,3.413,167.499,0.0
N,113,5.12,169.272,0.0
N,114,4.096,170.258,0.0
N,115,5.802,172.031,0.0
N,116,4.437,171.637,0.0
N,117,6.144,173.41,0.0
N,118,5.12,174.396,0.0
N,119,6.826,176.169,0.0
N,120,5.461,175.775,0.0
N,121,7.168,177.549,0.0
N,122,6.144,178.534,0.0
N,123,7.85,180.307,0.0
N,124,6.485,179.913,0.0
N,125,8.192,181.687,0.0
N,126,7.168,182.672,0.0
N,127,8.874,184.446,0.0
N,128,7.509,184.052,0.0
N,129,9.215,185.825,0.0
N,130,8.192,186.81,0.0
N,131,9.898,188.584,0.0
N,132,8.533,188.19,0.0
N,133,10.239,189.963,0.0
N,134,9.215,190.949,0.0
N,135,10.922,192.722,0.0
N,136,9.557,192.328,0.0
N,137,11.263,194.101,0.0
N,138,10.239,195.087,0.0
N,140,10.581,196.466,0.0
N,141,12.287,198.24,0.0
N,142,11.263,199.225,0.0
N,143,0.0,138.334,0.0
N,144,0.341,139.714,0.0
N,145,1.024,142.472,0.0
N,146,1.365,143.852,0.0
N,147,0.341,144.837,0.0
N,148,2.048,146.611,0.0
N,149,0.683,146.217,0.0
N,150,2.389,147.99,0.0
N,151,1.365,148.975,0.0
N,152,3.072,150.749,0.0
N,153,1.707,150.355,0.0
N,154,3.413,152.128,0.0
N,155,2.389,153.114,0.0
N,156,4.096,154.887,0.0
N,157,2.731,154.493,0.0
N,158,4.437,156.266,0.0
N,159,3.413,157.252,0.0
N,160,5.12,159.025,0.0
N,161,3.754,158.631,0.0
N,162,5.461,160.405,0.0
N,163,4.437,161.39,0.0
N,164,6.144,163.163,0.0
N,165,4.778,162.769,0.0
N,166,6.485,164.543,0.0
N,167,5.461,165.528,0.0
N,168,7.168,167.302,0.0
N,169,5.802,166.908,0.0
N,170,7.509,168.681,0.0
N,171,6.485,169.666,0.0
N,172,8.192,171.44,0.0
N,173,6.826,171.046,0.0
N,174,8.533,172.819,0.0
N,175,7.509,173.805,0.0
N,176,9.215,175.578,0.0
N,177,7.85,175.184,0.0
N,178,9.557,176.957,0.0
N,179,8.533,177.943,0.0
N,180,10.239,179.716,0.0
N,181,8.874,179.322,0.0
N,182,10.581,181.096,0.0
N,183,9.557,182.081,0.0
N,184,11.263,183.854,0.0
N,185,9.898,183.46,0.0
N,186,11.605,185.234,0.0
N,187,10.581,186.219,0.0
N,188,12.287,187.993,0.0
N,189,10.922,187.599,0.0
N,190,12.629,189.372,0.0
N,191,11.605,190.357,0.0
N,192,13.311,192.131,0.0
N,194,13.653,193.51,0.0
N,195,12.629,194.496,0.0
N,196,14.335,196.269,0.0
N,197,12.97,195.875,0.0
N,198,14.676,197.648,0.0
N,199,13.653,198.634,0.0
N,200,13.994,200.013,0.0
N,201,0.341,129.467,0.0
N,202,0.683,130.846,0.0
N,203,1.365,133.605,0.0
N,204,0.0,133.211,0.0
N,205,1.707,134.984,0.0
N,206,0.683,135.97,0.0
N,207,2.389,137.743,0.0
N,208,1.024,137.349,0.0
N,209,2.731,139.122,0.0
N,210,1.707,140.108,0.0
N,211,3.413,141.881,0.0
N,212,2.048,141.487,0.0
N,213,3.754,143.261,0.0
N,214,2.731,144.246,0.0
N,215,4.437,146.019,0.0
N,216,3.072,145.625,0.0
N,217,4.778,147.399,0.0
N,218,3.754,148.384,0.0
N,219,5.461,150.158,0.0
N,220,4.096,149.764,0.0
N,221,5.802,151.537,0.0
N,222,4.778,152.522,0.0
N,223,6.485,154.296,0.0
N,224,5.12,153.902,0.0
N,225,6.826,155.675,0.0
N,226,5.802,156.661,0.0
N,227,7.509,158.434,0.0
N,228,6.144,158.04,0.0
N,229,7.85,159.813,0.0
N,230,6.826,160.799,0.0
N,231,8.533,162.572,0.0
N,232,7.168,162.178,0.0
N,233,8.874,163.952,0.0
N,234,7.85,164.937,0.0
N,235,9.557,166.71,0.0
N,236,8.192,166.316,0.0
N,237,9.898,168.09,0.0
N,238,8.874,169.075,0.0
N,240,9.215,170.455,0.0
N,241,10.922,172.228,0.0
N,242,9.898,173.213,0.0
N,243,11.605,174.987,0.0
N,244,10.239,174.593,0.0
N,245,11.946,176.366,0.0
N,246,10.922,177.352,0.0
N,247,12.629,179.125,0.0
N,248,11.263,178.731,0.0
N,249,12.97,180.505,0.0
N,250,11.946,181.49,0.0
N,251,13.653,183.263,0.0
N,252,12.287,182.869,0.0
N,253,13.994,184.643,0.0
N,254,12.97,185.628,0.0
N,255,14.676,187.401,0.0
N,256,13.311,187.007,0.0
N,257,15.018,188.781,0.0
N,258,13.994,189.766,0.0
N,259,15.7,191.54,0.0
N,260,14.335,191.146,0.0
N,261,16.042,192.919,0.0
N,262,15.018,193.904,0.0
N,263,16.724,195.678,0.0
N,264,15.359,195.284,0.0
N,265,17.066,197.057,0.0
N,266,16.042,198.043,0.0
N,267,17.748,199.816,0.0
N,268,16.383,199.422,0.0
N,269,0.0,117.84,0.0
N,270,0.683,120.599,0.0
N,271,1.024,121.978,0.0
N,272,0.0,122.964,0.0
N,273,1.707,124.737,0.0
N,274,0.341,124.343,0.0
N,275,2.048,126.117,0.0
N,276,1.024,127.102,0.0
N,277,2.731,128.875,0.0
N,278,1.365,128.481,0.0
N,279,3.072,130.255,0.0
N,280,2.048,131.24,0.0
N,281,3.754,133.014,0.0
N,282,2.389,132.62,0.0
N,283,4.096,134.393,0.0
N,284,3.072,135.378,0.0
N,285,4.778,137.152,0.0
N,286,3.413,136.758,0.0
N,287,5.12,138.531,0.0
N,288,4.096,139.517,0.0
N,289,5.802,141.29,0.0
N,290,4.437,140.896,0.0
N,291,6.144,142.669,0.0
N,292,5.12,143.655,0.0
N,293,6.826,145.428,0.0
N,294,5.461,145.034,0.0
N,295,7.168,146.808,0.0
N,296,6.144,147.793,0.0
N,297,7.85,149.567,0.0
N,298,6.485,149.172,0.0
N,299,8.192,150.946,0.0
N,300,7.168,151.931,0.0
N,301,8.874,153.705,0.0
N,302,7.509,153.311,0.0
N,303,9.215,155.084,0.0
N,304,8.192,156.069,0.0
N,305,9.898,157.843,0.0
N,306,8.533,157.449,0.0
N,307,10.239,159.222,0.0
N,308,9.215,160.208,0.0
N,309,10.922,161.981,0.0
N,310,9.557,161.587,0.0
N,311,11.263,163.361,0.0
N,312,10.239,164.346,0.0
N,313,11.946,166.119,0.0
N,314,10.581,165.725,0.0
N,315,12.287,167.499,0.0
N,316,11.263,168.484,0.0
N,317,12.97,170.258,0.0
N,318,11.605,169.863,0.0
N,319,13.311,171.637,0.0
N,320,12.287,172.622,0.0
N,321,13.994,174.396,0.0
N,322,12.629,174.002,0.0
N,323,14.335,175.775,0.0
N,324,13.311,176.76,0.0
N,325,15.018,178.534,0.0
N,326,13.653,178.14,0.0
N,327,15.359,179.913,0.0
N,328,14.335,180.899,0.0
N,329,16.042,182.672,0.0
N,330,14.676,182.278,0.0
N,331,16.383,184.052,0.0
N,332,15.359,185.037,0.0
N,333,17.066,186.81,0.0
N,334,15.7,186.416,0.0
N,335,17.407,188.19,0.0
N,336,16.383,189.175,0.0
N,337,18.09,190.949,0.0
N,338,16.724,190.554,0.0
N,339,18.431,192.328,0.0
N,340,17.407,193.313,0.0
N,341,19.114,195.087,0.0
N,342,17.748,194.693,0.0
N,343,19.455,196.466,0.0
N,344,18.431,197.451,0.0
N,345,20.137,199.225,0.0
N,346,18.772,198.831,0.0
N,347,0.0,107.593,0.0
N,348,0.341,108.973,0.0
N,349,1.024,111.732,0.0
N,350,1.365,113.111,0.0
N,351,0.341,114.096,0.0
N,352,2.048,115.87,0.0
N,353,0.683,115.476,0.0
N,355,1.365,118.234,0.0
N,356,3.072,120.008,0.0
N,357,1.707,119.614,0.0
N,358,3.413,121.387,0.0
N,359,2.389,122.373,0.0
N,360,4.096,124.146,0.0
N,361,2.731,123.752,0.0
N,362,4.437,125.526,0.0
N,363,3.413,126.511,0.0
N,364,5.12,128.284,0.0
N,365,3.754,127.89,0.0
N,366,5.461,129.664,0.0
N,367,4.437,130.649,0.0
N,368,6.144,132.423,0.0
N,369,4.778,132.028,0.0
N,370,6.485,133.802,0.0
N,371,5.461,134.787,0.0
N,372,7.168,136.561,0.0
N,373,5.802,136.167,0.0
N,374,7.509,137.94,0.0
N,375,6.485,138.925,0.0
N,376,8.192,140.699,0.0
N,377,6.826,140.305,0.0
N,378,8.533,142.078,0.0
N,379,7.509,143.064,0.0
N,380,9.215,144.837,0.0
N,381,7.85,144.443,0.0
N,382,9.557,146.217,0.0
N,383,8.533,147.202,0.0
N,384,10.239,148.975,0.0
N,385,8.874,148.581,0.0
N,386,10.581,150.355,0.0
N,388,11.263,153.114,0.0
N,389,9.898,152.719,0.0
N,390,11.605,154.493,0.0
N,391,10.581,155.478,0.0
N,392,12.287,157.252,0.0
N,393,10.922,156.858,0.0
N,394,12.629,158.631,0.0
N,395,11.605,159.616,0.0
N,396,13.311,161.39,0.0
N,397,11.946,160.996,0.0
N,398,13.653,162.769,0.0
N,399,12.629,163.755,0.0
N,400,14.335,165.528,0.0
N,401,12.97,165.134,0.0
N,402,14.676,166.908,0.0
N,403,13.653,167.893,0.0
N,404,15.359,169.666,0.0
N,405,13.994,169.272,0.0
N,406,15.7,171.046,0.0
N,407,14.676,172.031,0.0
N,408,16.383,173.805,0.0
N,409,15.018,173.41,0.0
N,410,16.724,175.184,0.0
N,411,15.7,176.169,0.0
N,412,17.407,177.943,0.0
N,413,16.042,177.549,0.0
N,415,16.724,180.307,0.0
N,416,18.431,182.081,0.0
N,417,17.066,181.687,0.0
N,418,18.772,183.46,0.0
N,419,17.748,184.446,0.0
N,420,19.455,186.219,0.0
N,421,18.09,185.825,0.0
N,422,19.796,187.599,0.0
N,423,18.772,188.584,0.0
N,424,20.479,190.357,0.0
N,425,19.114,189.963,0.0
N,426,20.82,191.737,0.0
N,427,19.796,192.722,0.0
N,428,21.503,194.496,0.0
N,429,20.137,194.101,0.0
N,430,21.844,195.875,0.0
N,431,20.82,196.86,0.0
N,432,22.527,198.634,0.0
N,433,21.161,198.24,0.0
N,434,22.868,200.013,0.0
N,435,0.341,98.726,0.0
N,436,0.683,100.105,0.0
N,437,1.365,102.864,0.0
N,438,0.0,102.47,0.0
N,439,1.707,104.243,0.0
N,440,0.683,105.229,0.0
N,441,2.389,107.002,0.0
N,442,1.024,106.608,0.0
N,443,2.731,108.382,0.0
N,444,1.707,109.367,0.0
N,445,3.413,111.14,0.0
N,446,2.048,110.746,0.0
N,447,3.754,112.52,0.0
N,448,2.731,113.505,0.0
N,449,4.437,115.279,0.0
N,450,3.072,114.884,0.0
N,451,4.778,116.658,0.0
N,452,3.754,117.643,0.0
N,453,5.461,119.417,0.0
N,454,4.096,119.023,0.0
N,455,5.802,120.796,0.0
N,456,4.778,121.781,0.0
N,457,6.485,123.555,0.0
N,458,5.12,123.161,0.0
N,459,6.826,124.934,0.0
N,460,5.802,125.92,0.0
N,461,7.509,127.693,0.0
N,462,6.144,127.299,0.0
N,463,7.85,129.073,0.0
N,464,6.826,130.058,0.0
N,465,8.533,131.831,0.0
N,466,7.168,131.437,0.0
N,467,8.874,133.211,0.0
N,468,7.85,134.196,0.0
N,469,9.557,135.97,0.0
N,470,8.192,135.575,0.0
N,471,9.898,137.349,0.0
N,472,8.874,138.334,0.0
N,473,10.581,140.108,0.0
N,474,9.215,139.714,0.0
N,475,10.922,141.487,0.0
N,476,9.898,142.472,0.0
N,477,11.605,144.246,0.0
N,478,10.239,143.852,0.0
N,479,11.946,145.625,0.0
N,480,10.922,146.611,0.0
N,481,12.629,148.384,0.0
N,482,11.263,147.99,0.0
N,483,12.97,149.764,0.0
N,484,11.946,150.749,0.0
N,485,13.653,152.522,0.0
N,486,12.287,152.128,0.0
N,487,13.994,153.902,0.0
N,488,12.97,154.887,0.0
N,489,14.676,156.661,0.0
N,490,13.311,156.266,0.0
N,491,15.018,158.04,0.0
N,492,13.994,159.025,0.0
N,493,15.7,160.799,0.0
N,494,14.335,160.405,0.0
N,495,16.042,162.178,0.0
N,496,15.018,163.163,0.0
N,497,16.724,164.937,0.0
N,498,15.359,164.543,0.0
N,499,17.066,166.316,0.0
N,500,16.042,167.302,0.0
N,501,17.748,169.075,0.0
N,502,16.383,168.681,0.0
N,503,18.09,170.455,0.0
N,504,17.066,171.44,0.0
N,505,18.772,173.213,0.0
N,506,17.407,172.819,0.0
N,508,18.09,175.578,0.0
N,509,19.796,177.352,0.0
N,510,18.431,176.957,0.0
N,511,20.137,178.731,0.0
N,512,19.114,179.716,0.0
N,513,20.82,181.49,0.0
N,514,19.455,181.096,0.0
N,515,21.161,182.869,0.0
N,516,20.137,183.854,0.0
N,517,21.844,185.628,0.0
N,518,20.479,185.234,0.0
N,519,22.185,187.007,0.0
N,520,21.161,187.993,0.0
N,521,22.868,189.766,0.0
N,522,21.503,189.372,0.0
N,523,23.209,191.146,0.0
N,524,22.185,192.131,0.0
N,526,22.527,193.51,0.0
N,527,24.233,195.284,0.0
N,528,23.209,196.269,0.0
N,529,24.916,198.043,0.0
N,530,23.551,197.648,0.0
N,531,25.257,199.422,0.0
N,532,0.0,87.099,0.0
N,533,0.683,89.858,0.0
N,534,1.024,91.238,0.0
N,535,0.0,92.223,0.0
N,536,1.707,93.996,0.0
N,537,0.341,93.602,0.0
N,538,2.048,95.376,0.0
N,539,1.024,96.361,0.0
N,540,2.731,98.135,0.0
N,541,1.365,97.74,0.0
N,542,3.072,99.514,0.0
N,543,2.048,100.499,0.0
N,544,3.754,102.273,0.0
N,545,2.389,101.879,0.0
N,546,4.096,103.652,0.0
N,547,3.072,104.637,0.0
N,548,4.778,106.411,0.0
N,549,3.413,106.017,0.0
N,550,5.12,107.79,0.0
N,551,4.096,108.776,0.0
N,552,5.802,110.549,0.0
N,553,4.437,110.155,0.0
N,554,6.144,111.929,0.0
N,555,5.12,112.914,0.0
N,556,6.826,114.687,0.0
N,557,5.461,114.293,0.0
N,558,7.168,116.067,0.0
N,559,6.144,117.052,0.0
N,560,7.85,118.826,0.0
N,561,6.485,118.431,0.0
N,562,8.192,120.205,0.0
N,563,7.168,121.19,0.0
N,564,8.874,122.964,0.0
N,565,7.509,122.57,0.0
N,566,9.215,124.343,0.0
N,567,8.192,125.328,0.0
N,568,9.898,127.102,0.0
N,569,8.533,126.708,0.0
N,570,10.239,128.481,0.0
N,571,9.215,129.467,0.0
N,572,10.922,131.24,0.0
N,573,9.557,130.846,0.0
N,574,11.263,132.62,0.0
N,575,10.239,133.605,0.0
N,576,11.946,135.378,0.0
N,577,10.581,134.984,0.0
N,578,12.287,136.758,0.0
N,580,12.97,139.517,0.0
N,581,11.605,139.122,0.0
N,582,13.311,140.896,0.0
N,583,12.287,141.881,0.0
N,584,13.994,143.655,0.0
N,585,12.629,143.261,0.0
N,586,14.335,145.034,0.0
N,587,13.311,146.019,0.0
N,589,13.653,147.399,0.0
N,590,15.359,149.172,0.0
N,591,14.335,150.158,0.0
N,592,16.042,151.931,0.0
N,593,14.676,151.537,0.0
N,594,16.383,153.311,0.0
N,595,15.359,154.296,0.0
N,596,17.066,156.069,0.0
N,597,15.7,155.675,0.0
N,598,17.407,157.449,0.0
N,599,16.383,158.434,0.0
N,600,18.09,160.208,0.0
N,601,16.724,159.813,0.0
N,602,18.431,161.587,0.0
N,603,17.407,162.572,0.0
N,604,19.114,164.346,0.0
N,605,17.748,163.952,0.0
N,606,19.455,165.725,0.0
N,607,18.431,166.71,0.0
N,608,20.137,168.484,0.0
N,609,18.772,168.09,0.0
N,610,20.479,169.863,0.0
N,611,19.455,170.849,0.0
N,612,21.161,172.622,0.0
N,613,19.796,172.228,0.0
N,614,21.503,174.002,0.0
N,615,20.479,174.987,0.0
N,616,22.185,176.76,0.0
N,617,20.82,176.366,0.0
N,618,22.527,178.14,0.0
N,619,21.503,179.125,0.0
N,620,23.209,180.899,0.0
N,621,21.844,180.505,0.0
N,622,23.551,182.278,0.0
N,623,22.527,183.263,0.0
N,624,24.233,185.037,0.0
N,625,22.868,184.643,0.0
N,626,24.575,186.416,0.0
N,627,23.551,187.401,0.0
N,628,25.257,189.175,0.0
N,629,23.892,188.781,0.0
N,631,24.575,191.54,0.0
N,632,26.281,193.313,0.0
N,633,24.916,192.919,0.0
N,634,26.622,194.693,0.0
N,635,25.598,195.678,0.0
N,636,27.305,197.451,0.0
N,637,25.94,197.057,0.0
N,638,27.646,198.831,0.0
N,639,26.622,199.816,0.0
N,640,0.0,76.852,0.0
N,641,0.341,78.232,0.0
N,642,1.024,80.991,0.0
N,643,1.365,82.37,0.0
N,644,0.341,83.355,0.0
N,645,2.048,85.129,0.0
N,646,0.683,84.735,0.0
N,647,2.389,86.508,0.0
N,648,1.365,87.493,0.0
N,649,3.072,89.267,0.0
N,650,1.707,88.873,0.0
N,651,3.413,90.646,0.0
N,652,2.389,91.632,0.0
N,653,4.096,93.405,0.0
N,654,2.731,93.011,0.0
N,655,4.437,94.785,0.0
N,656,3.413,95.77,0.0
N,657,5.12,97.543,0.0
N,658,3.754,97.149,0.0
N,659,5.461,98.923,0.0
N,660,4.437,99.908,0.0
N,661,6.144,101.682,0.0
N,662,4.778,101.287,0.0
N,663,6.485,103.061,0.0
N,664,5.461,104.046,0.0
N,665,7.168,105.82,0.0
N,666,5.802,105.426,0.0
N,667,7.509,107.199,0.0
N,668,6.485,108.184,0.0
N,669,8.192,109.958,0.0
N,670,6.826,109.564,0.0
N,671,8.533,111.337,0.0
N,672,7.509,112.323,0.0
N,673,9.215,114.096,0.0
N,674,7.85,113.702,0.0
N,675,9.557,115.476,0.0
N,676,8.533,116.461,0.0
N,677,10.239,118.234,0.0
N,679,10.581,119.614,0.0
N,680,9.557,120.599,0.0
N,681,11.263,122.373,0.0
N,682,9.898,121.978,0.0
N,683,11.605,123.752,0.0
N,684,10.581,124.737,0.0
N,685,12.287,126.511,0.0
N,686,10.922,126.117,0.0
N,687,12.629,127.89,0.0
N,688,11.605,128.875,0.0
N,689,13.311,130.649,0.0
N,691,13.653,132.028,0.0
N,692,12.629,133.014,0.0
N,693,14.335,134.787,0.0
N,694,12.97,134.393,0.0
N,695,14.676,136.167,0.0
N,696,13.653,137.152,0.0
N,697,15.359,138.925,0.0
N,698,13.994,138.531,0.0
N,699,15.7,140.305,0.0
N,700,14.676,141.29,0.0
N,701,16.383,143.064,0.0
N,702,15.018,142.669,0.0
N,703,16.724,144.443,0.0
N,704,15.7,145.428,0.0
N,705,17.407,147.202,0.0
N,706,16.042,146.808,0.0
N,707,17.748,148.581,0.0
N,708,16.724,149.567,0.0
N,709,18.431,151.34,0.0
N,711,18.772,152.719,0.0
N,712,17.748,153.705,0.0
N,713,19.455,155.478,0.0
N,714,18.09,155.084,0.0
N,715,19.796,156.858,0.0
N,716,18.772,157.843,0.0
N,717,20.479,159.616,0.0
N,718,19.114,159.222,0.0
N,719,20.82,160.996,0.0
N,720,19.796,161.981,0.0
N,721,21.503,163.755,0.0
N,722,20.137,163.361,0.0
N,723,21.844,165.134,0.0
N,724,20.82,166.119,0.0
N,725,22.527,167.893,0.0
N,726,21.161,167.499,0.0
N,727,22.868,169.272,0.0
N,728,21.844,170.258,0.0
N,729,23.551,172.031,0.0
N,730,22.185,171.637,0.0
N,731,23.892,173.41,0.0
N,732,22.868,174.396,0.0
N,733,24.575,176.169,0.0
N,734,23.209,175.775,0.0
N,735,24.916,177.549,0.0
N,736,23.892,178.534,0.0
N,737,25.598,180.307,0.0
N,738,24.233,179.913,0.0
N,739,25.94,181.687,0.0
N,740,24.916,182.672,0.0
N,741,26.622,184.446,0.0
N,742,25.257,184.052,0.0
N,743,26.964,185.825,0.0
N,744,25.94,186.81,0.0
N,745,27.646,188.584,0.0
N,746,26.281,188.19,0.0
N,747,27.988,189.963,0.0
N,748,26.964,190.949,0.0
N,749,28.67,192.722,0.0
N,750,27.305,192.328,0.0
N,751,29.012,194.101,0.0
N,752,27.988,195.087,0.0
N,753,29.694,196.86,0.0
N,754,28.329,196.466,0.0
N,755,30.036,198.24,0.0
N,756,29.012,199.225,0.0
N,757,0.341,67.985,0.0
N,758,0.683,69.364,0.0
N,759,1.365,72.123,0.0
N,761,1.707,73.502,0.0
N,762,0.683,74.488,0.0
N,763,2.389,76.261,0.0
N,764,1.024,75.867,0.0
N,765,2.731,77.641,0.0
N,766,1.707,78.626,0.0
N,767,3.413,80.399,0.0
N,768,2.048,80.005,0.0
N,769,3.754,81.779,0.0
N,770,2.731,82.764,0.0
N,771,4.437,84.538,0.0
N,772,3.072,84.143,0.0
N,773,4.778,85.917,0.0
N,774,3.754,86.902,0.0
N,775,5.461,88.676,0.0
N,776,4.096,88.282,0.0
N,777,5.802,90.055,0.0
N,778,4.778,91.04,0.0
N,779,6.485,92.814,0.0
N,780,5.12,92.42,0.0
N,781,6.826,94.193,0.0
N,782,5.802,95.179,0.0
N,783,7.509,96.952,0.0
N,784,6.144,96.558,0.0
N,785,7.85,98.332,0.0
N,786,6.826,99.317,0.0
N,787,8.533,101.09,0.0
N,788,7.168,100.696,0.0
N,789,8.874,102.47,0.0
N,790,7.85,103.455,0.0
N,791,9.557,105.229,0.0
N,792,8.192,104.834,0.0
N,793,9.898,106.608,0.0
N,794,8.874,107.593,0.0
N,795,10.581,109.367,0.0
N,796,9.215,108.973,0.0
N,797,10.922,110.746,0.0
N,798,9.898,111.732,0.0
N,799,11.605,113.505,0.0
N,800,10.239,113.111,0.0
N,801,11.946,114.884,0.0
N,802,10.922,115.87,0.0
N,803,12.629,117.643,0.0
N,804,11.263,117.249,0.0
N,805,12.97,119.023,0.0
N,806,11.946,120.008,0.0
N,807,13.653,121.781,0.0
N,808,12.287,121.387,0.0
N,809,13.994,123.161,0.0
N,810,12.97,124.146,0.0
N,811,14.676,125.92,0.0
N,812,13.311,125.526,0.0
N,813,15.018,127.299,0.0
N,814,13.994,128.284,0.0
N,815,15.7,130.058,0.0
N,816,14.335,129.664,0.0
N,817,16.042,131.437,0.0
N,818,15.018,132.423,0.0
N,819,16.724,134.196,0.0
N,820,15.359,133.802,0.0
N,821,17.066,135.575,0.0
N,822,16.042,136.561,0.0
N,823,17.748,138.334,0.0
N,824,16.383,137.94,0.0
N,825,18.09,139.714,0.0
N,826,17.066,140.699,0.0
N,827,18.772,142.472,0.0
N,828,17.407,142.078,0.0
N,829,19.114,143.852,0.0
N,830,18.09,144.837,0.0
N,831,19.796,146.611,0.0
N,832,18.431,146.217,0.0
N,833,20.137,147.99,0.0
N,834,19.114,148.975,0.0
N,835,20.82,150.749,0.0
N,836,19.455,150.355,0.0
N,837,21.161,152.128,0.0
N,838,20.137,153.114,0.0
N,839,21.844,154.887,0.0
N,840,20.479,154.493,0.0
N,841,22.185,156.266,0.0
N,842,21.161,157.252,0.0
N,843,22.868,159.025,0.0
N,844,21.503,158.631,0.0
N,845,23.209,160.405,0.0
N,846,22.185,161.39,0.0
N,847,23.892,163.163,0.0
N,848,22.527,162.769,0.0
N,849,24.233,164.543,0.0
N,850,23.209,165.528,0.0
N,851,24.916,167.302,0.0
N,853,25.257,168.681,0.0
N,854,24.233,169.666,0.0
N,855,25.94,171.44,0.0
N,856,24.575,171.046,0.0
N,857,26.281,172.819,0.0
N,858,25.257,173.805,0.0
N,859,26.964,175.578,0.0
N,860,25.598,175.184,0.0
N,861,27.305,176.957,0.0
N,862,26.281,177.943,0.0
N,863,27.988,179.716,0.0
N,864,26.622,179.322,0.0
N,865,28.329,181.096,0.0
N,866,27.305,182.081,0.0
N,867,29.012,183.854,0.0
N,868,27.646,183.46,0.0
N,869,29.353,185.234,0.0
N,870,28.329,186.219,0.0
N,871,30.036,187.993,0.0
N,872,28.67,187.599,0.0
N,873,30.377,189.372,0.0
N,874,29.353,190.357,0.0
N,875,31.06,192.131,0.0
N,876,29.694,191.737,0.0
N,877,31.401,193.51,0.0
N,878,30.377,194.496,0.0
N,879,32.083,196.269,0.0
N,880,30.718,195.875,0.0
N,881,32.425,197.648,0.0
N,882,31.401,198.634,0.0
N,883,31.742,200.013,0.0
N,884,0.0,56.358,0.0
N,885,0.683,59.117,0.0
N,886,1.024,60.497,0.0
N,887,0.0,61.482,0.0
N,888,1.707,63.255,0.0
N,889,0.341,62.861,0.0
N,890,2.048,64.635,0.0
N,891,1.024,65.62,0.0
N,892,2.731,67.394,0.0
N,893,1.365,66.999,0.0
N,894,3.072,68.773,0.0
N,895,2.048,69.758,0.0
N,896,3.754,71.532,0.0
N,897,2.389,71.138,0.0
N,898,4.096,72.911,0.0
N,899,3.072,73.896,0.0
N,900,4.778,75.67,0.0
N,901,3.413,75.276,0.0
N,902,5.12,77.049,0.0
N,903,4.096,78.035,0.0
N,904,5.802,79.808,0.0
N,905,4.437,79.414,0.0
N,906,6.144,81.188,0.0
N,907,5.12,82.173,0.0
N,908,6.826,83.946,0.0
N,909,5.461,83.552,0.0
N,910,7.168,85.326,0.0
N,911,6.144,86.311,0.0
N,912,7.85,88.085,0.0
N,913,6.485,87.69,0.0
N,916,8.874,92.223,0.0
N,917,7.509,91.829,0.0
N,918,9.215,93.602,0.0
N,919,8.192,94.587,0.0
N,920,9.898,96.361,0.0
N,921,8.533,95.967,0.0
N,922,10.239,97.74,0.0
N,923,9.215,98.726,0.0
N,924,10.922,100.499,0.0
N,925,9.557,100.105,0.0
N,926,11.263,101.879,0.0
N,927,10.239,102.864,0.0
N,928,11.946,104.637,0.0
N,929,10.581,104.243,0.0
N,930,12.287,106.017,0.0
N,931,11.263,107.002,0.0
N,932,12.97,108.776,0.0
N,933,11.605,108.382,0.0
N,934,13.311,110.155,0.0
N,935,12.287,111.14,0.0
N,936,13.994,112.914,0.0
N,937,12.629,112.52,0.0
N,938,14.335,114.293,0.0
N,939,13.311,115.279,0.0
N,940,15.018,117.052,0.0
N,941,13.653,116.658,0.0
N,942,15.359,118.431,0.0
N,943,14.335,119.417,0.0
N,944,16.042,121.19,0.0
N,945,14.676,120.796,0.0
N,946,16.383,122.57,0.0
N,947,15.359,123.555,0.0
N,948,17.066,125.328,0.0
N,949,15.7,124.934,0.0
N,950,17.407,126.708,0.0
N,951,16.383,127.693,0.0
N,952,18.09,129.467,0.0
N,953,16.724,129.073,0.0
N,954,18.431,130.846,0.0
N,955,17.407,131.831,0.0
N,956,19.114,133.605,0.0
N,957,17.748,133.211,0.0
N,958,19.455,134.984,0.0
N,959,18.431,135.97,0.0
N,960,20.137,137.743,0.0
N,961,18.772,137.349,0.0
N,962,20.479,139.122,0.0
N,963,19.455,140.108,0.0
N,964,21.161,141.881,0.0
N,965,19.796,141.487,0.0
N,966,21.503,143.261,0.0
N,967,20.479,144.246,0.0
N,968,22.185,146.019,0.0
N,969,20.82,145.625,0.0
N,970,22.527,147.399,0.0
N,971,21.503,148.384,0.0
N,972,23.209,150.158,0.0
N,973,21.844,149.764,0.0
N,974,23.551,151.537,0.0
N,975,22.527,152.522,0.0
N,976,24.233,154.296,0.0
N,977,22.868,153.902,0.0
N,978,24.575,155.675,0.0
N,979,23.551,156.661,0.0
N,980,25.257,158.434,0.0
N,981,23.892,158.04,0.0
N,982,25.598,159.813,0.0
N,983,24.575,160.799,0.0
N,984,26.281,162.572,0.0
N,985,24.916,162.178,0.0
N,986,26.622,163.952,0.0
N,987,25.598,164.937,0.0
N,988,27.305,166.71,0.0
N,989,25.94,166.316,0.0
N,990,27.646,168.09,0.0
N,991,26.622,169.075,0.0
N,992,28.329,170.849,0.0
N,993,26.964,170.455,0.0
N,994,28.67,172.228,0.0
N,995,27.646,173.213,0.0
N,996,29.353,174.987,0.0
N,997,27.988,174.593,0.0
N,998,29.694,176.366,0.0
N,999,28.67,177.352,0.0
N,1000,30.377,179.125,0.0
N,1001,29.012,178.731,0.0
N,1002,30.718,180.505,0.0
N,1003,29.694,181.49,0.0
N,1004,31.401,183.263,0.0
N,1005,30.036,182.869,0.0
N,1006,31.742,184.643,0.0
N,1007,30.718,185.628,0.0
N,1008,32.425,187.401,0.0
N,1009,31.06,187.007,0.0
N,1010,32.766,188.781,0.0
N,1011,31.742,189.766,0.0
N,1012,33.449,191.54,0.0
N,1013,32.083,191.146,0.0
N,1014,33.79,192.919,0.0
N,1015,32.766,193.904,0.0
N,1016,34.473,195.678,0.0
N,1017,33.107,195.284,0.0
N,1018,34.814,197.057,0.0
N,1019,33.79,198.043,0.0
N,1020,35.497,199.816,0.0
N,1022,0.0,46.111,0.0
N,1023,0.341,47.491,0.0
N,1024,1.024,50.25,0.0
N,1025,1.365,51.629,0.0
N,1026,0.341,52.614,0.0
N,1027,2.048,54.388,0.0
N,1028,0.683,53.994,0.0
N,1029,2.389,55.767,0.0
N,1030,1.365,56.752,0.0
N,1031,3.072,58.526,0.0
N,1032,1.707,58.132,0.0
N,1033,3.413,59.905,0.0
N,1034,2.389,60.891,0.0
N,1035,4.096,62.664,0.0
N,1036,2.731,62.27,0.0
N,1038,3.413,65.029,0.0
N,1039,5.12,66.802,0.0
N,1040,3.754,66.408,0.0
N,1041,5.461,68.182,0.0
N,1042,4.437,69.167,0.0
N,1043,6.144,70.941,0.0
N,1044,4.778,70.546,0.0
N,1045,6.485,72.32,0.0
N,1046,5.461,73.305,0.0
N,1047,7.168,75.079,0.0
N,1048,5.802,74.685,0.0
N,1049,7.509,76.458,0.0
N,1050,6.485,77.444,0.0
N,1051,8.192,79.217,0.0
N,1052,6.826,78.823,0.0
N,1053,8.533,80.596,0.0
N,1054,7.509,81.582,0.0
N,1055,9.215,83.355,0.0
N,1056,7.85,82.961,0.0
N,1057,9.557,84.735,0.0
N,1058,8.533,85.72,0.0
N,1059,10.239,87.493,0.0
N,1060,8.874,87.099,0.0
N,1061,10.581,88.873,0.0
N,1062,9.557,89.858,0.0
N,1063,11.263,91.632,0.0
N,1064,9.898,91.238,0.0
N,1065,11.605,93.011,0.0
N,1066,10.581,93.996,0.0
N,1067,12.287,95.77,0.0
N,1068,10.922,95.376,0.0
N,1069,12.629,97.149,0.0
N,1070,11.605,98.135,0.0
N,1071,13.311,99.908,0.0
N,1072,11.946,99.514,0.0
N,1073,13.653,101.287,0.0
N,1074,12.629,102.273,0.0
N,1075,14.335,104.046,0.0
N,1076,12.97,103.652,0.0
N,1077,14.676,105.426,0.0
N,1078,13.653,106.411,0.0
N,1079,15.359,108.184,0.0
N,1080,13.994,107.79,0.0
N,1081,15.7,109.564,0.0
N,1082,14.676,110.549,0.0
N,1083,16.383,112.323,0.0
N,1084,15.018,111.929,0.0
N,1085,16.724,113.702,0.0
N,1086,15.7,114.687,0.0
N,1087,17.407,116.461,0.0
N,1088,16.042,116.067,0.0
N,1089,17.748,117.84,0.0
N,1090,16.724,118.826,0.0
N,1091,18.431,120.599,0.0
N,1092,17.066,120.205,0.0
N,1093,18.772,121.978,0.0
N,1094,17.748,122.964,0.0
N,1095,19.455,124.737,0.0
N,1096,18.09,124.343,0.0
N,1097,19.796,126.117,0.0
N,1098,18.772,127.102,0.0
N,1099,20.479,128.875,0.0
N,1100,19.114,128.481,0.0
N,1101,20.82,130.255,0.0
N,1102,19.796,131.24,0.0
N,1103,21.503,133.014,0.0
N,1104,20.137,132.62,0.0
N,1105,21.844,134.393,0.0
N,1106,20.82,135.378,0.0
N,1107,22.527,137.152,0.0
N,1108,21.161,136.758,0.0
N,1109,22.868,138.531,0.0
N,1110,21.844,139.517,0.0
N,1111,23.551,141.29,0.0
N,1112,22.185,140.896,0.0
N,1113,23.892,142.669,0.0
N,1114,22.868,143.655,0.0
N,1115,24.575,145.428,0.0
N,1116,23.209,145.034,0.0
N,1117,24.916,146.808,0.0
N,1118,23.892,147.793,0.0
N,1119,25.598,149.567,0.0
N,1120,24.233,149.172,0.0
N,1121,25.94,150.946,0.0
N,1122,24.916,151.931,0.0
N,1123,26.622,153.705,0.0
N,1124,25.257,153.311,0.0
N,1125,26.964,155.084,0.0
N,1126,25.94,156.069,0.0
N,1127,27.646,157.843,0.0
N,1128,26.281,157.449,0.0
N,1129,27.988,159.222,0.0
N,1130,26.964,160.208,0.0
N,1131,28.67,161.981,0.0
N,1132,27.305,161.587,0.0
N,1133,29.012,163.361,0.0
N,1134,27.988,164.346,0.0
N,1135,29.694,166.119,0.0
N,1136,28.329,165.725,0.0
N,1137,30.036,167.499,0.0
N,1138,29.012,168.484,0.0
N,1139,30.718,170.258,0.0
N,1140,29.353,169.863,0.0
N,1141,31.06,171.637,0.0
N,1142,30.036,172.622,0.0
N,1143,31.742,174.396,0.0
N,1144,30.377,174.002,0.0
N,1145,32.083,175.775,0.0
N,1146,31.06,176.76,0.0
N,1147,32.766,178.534,0.0
N,1148,31.401,178.14,0.0
N,1149,33.107,179.913,0.0
N,1150,32.083,180.899,0.0
N,1151,33.79,182.672,0.0
N,1152,32.425,182.278,0.0
N,1153,34.131,184.052,0.0
N,1154,33.107,185.037,0.0
N,1155,34.814,186.81,0.0
N,1156,33.449,186.416,0.0
N,1157,35.155,188.19,0.0
N,1158,34.131,189.175,0.0
N,1159,35.838,190.949,0.0
N,1160,34.473,190.554,0.0
N,1161,36.179,192.328,0.0
N,1162,35.155,193.313,0.0
N,1163,36.862,195.087,0.0
N,1164,35.497,194.693,0.0
N,1165,37.203,196.466,0.0
N,1166,36.179,197.451,0.0
N,1167,37.886,199.225,0.0
N,1168,36.521,198.831,0.0
N,1169,0.341,37.244,0.0
N,1170,0.683,38.623,0.0
N,1171,1.365,41.382,0.0
N,1172,0.0,40.988,0.0
N,1173,1.707,42.761,0.0
N,1174,0.683,43.747,0.0
N,1175,2.389,45.52,0.0
N,1176,1.024,45.126,0.0
N,1177,2.731,46.9,0.0
N,1178,1.707,47.885,0.0
N,1179,3.413,49.658,0.0
N,1180,2.048,49.264,0.0
N,1181,3.754,51.038,0.0
N,1182,2.731,52.023,0.0
N,1183,4.437,53.797,0.0
N,1184,3.072,53.403,0.0
N,1185,4.778,55.176,0.0
N,1186,3.754,56.161,0.0
N,1187,5.461,57.935,0.0
N,1188,4.096,57.541,0.0
N,1189,5.802,59.314,0.0
N,1190,4.778,60.3,0.0
N,1191,6.485,62.073,0.0
N,1192,5.12,61.679,0.0
N,1193,6.826,63.452,0.0
N,1194,5.802,64.438,0.0
N,1195,7.509,66.211,0.0
N,1196,6.144,65.817,0.0
N,1197,7.85,67.591,0.0
N,1198,6.826,68.576,0.0
N,1199,8.533,70.349,0.0
N,1200,7.168,69.955,0.0
N,1201,8.874,71.729,0.0
N,1202,7.85,72.714,0.0
N,1203,9.557,74.488,0.0
N,1204,8.192,74.094,0.0
N,1205,9.898,75.867,0.0
N,1206,8.874,76.852,0.0
N,1207,10.581,78.626,0.0
N,1208,9.215,78.232,0.0
N,1209,10.922,80.005,0.0
N,1210,9.898,80.991,0.0
N,1211,11.605,82.764,0.0
N,1212,10.239,82.37,0.0
N,1213,11.946,84.143,0.0
N,1214,10.922,85.129,0.0
N,1215,12.629,86.902,0.0
N,1216,11.263,86.508,0.0
N,1217,12.97,88.282,0.0
N,1218,11.946,89.267,0.0
N,1219,13.653,91.04,0.0
N,1220,12.287,90.646,0.0
N,1221,13.994,92.42,0.0
N,1222,12.97,93.405,0.0
N,1223,14.676,95.179,0.0
N,1224,13.311,94.785,0.0
N,1225,15.018,96.558,0.0
N,1226,13.994,97.543,0.0
N,1227,15.7,99.317,0.0
N,1228,14.335,98.923,0.0
N,1229,16.042,100.696,0.0
N,1230,15.018,101.682,0.0
N,1231,16.724,103.455,0.0
N,1232,15.359,103.061,0.0
N,1233,17.066,104.834,0.0
N,1234,16.042,105.82,0.0
N,1235,17.748,107.593,0.0
N,1236,16.383,107.199,0.0
N,1237,18.09,108.973,0.0
N,1238,17.066,109.958,0.0
N,1239,18.772,111.732,0.0
N,1240,17.407,111.337,0.0
N,1241,19.114,113.111,0.0
N,1242,18.09,114.096,0.0
N,1243,19.796,115.87,0.0
N,1244,18.431,115.476,0.0
N,1245,20.137,117.249,0.0
N,1246,19.114,118.234,0.0
N,1247,20.82,120.008,0.0
N,1248,19.455,119.614,0.0
N,1249,21.161,121.387,0.0
N,1250,20.137,122.373,0.0
N,1251,21.844,124.146,0.0
N,1252,20.479,123.752,0.0
N,1253,22.185,125.526,0.0
N,1254,21.161,126.511,0.0
N,1255,22.868,128.284,0.0
N,1256,21.503,127.89,0.0
N,1257,23.209,129.664,0.0
N,1258,22.185,130.649,0.0
N,1259,23.892,132.423,0.0
N,1260,22.527,132.028,0.0
N,1261,24.233,133.802,0.0
N,1262,23.209,134.787,0.0
N,1263,24.916,136.561,0.0
N,1264,23.551,136.167,0.0
N,1265,25.257,137.94,0.0
N,1266,24.233,138.925,0.0
N,1267,25.94,140.699,0.0
N,1268,24.575,140.305,0.0
N,1269,26.281,142.078,0.0
N,1270,25.257,143.064,0.0
N,1271,26.964,144.837,0.0
N,1272,25.598,144.443,0.0
N,1273,27.305,146.217,0.0
N,1274,26.281,147.202,0.0
N,1275,27.988,148.975,0.0
N,1276,26.622,148.581,0.0
N,1277,28.329,150.355,0.0
N,1278,27.305,151.34,0.0
N,1279,29.012,153.114,0.0
N,1280,27.646,152.719,0.0
N,1281,29.353,154.493,0.0
N,1282,28.329,155.478,0.0
N,1283,30.036,157.252,0.0
N,1284,28.67,156.858,0.0
N,1285,30.377,158.631,0.0
N,1286,29.353,159.616,0.0
N,1287,31.06,161.39,0.0
N,1288,29.694,160.996,0.0
N,1289,31.401,162.769,0.0
N,1290,30.377,163.755,0.0
N,1291,32.083,165.528,0.0
N,1292,30.718,165.134,0.0
N,1293,32.425,166.908,0.0
N,1294,31.401,167.893,0.0
N,1295,33.107,169.666,0.0
N,1296,31.742,169.272,0.0
N,1297,33.449,171.046,0.0
N,1298,32.425,172.031,0.0
N,1299,34.131,173.805,0.0
N,1300,32.766,173.41,0.0
N,1301,34.473,175.184,0.0
N,1302,33.449,176.169,0.0
N,1303,35.155,177.943,0.0
N,1304,33.79,177.549,0.0
N,1305,35.497,179.322,0.0
N,1306,34.473,180.307,0.0
N,1307,36.179,182.081,0.0
N,1308,34.814,181.687,0.0
N,1309,36.521,183.46,0.0
N,1310,35.497,184.446,0.0
N,1311,37.203,186.219,0.0
N,1312,35.838,185.825,0.0
N,1313,37.544,187.599,0.0
N,1314,36.521,188.584,0.0
N,1315,38.227,190.357,0.0
N,1316,36.862,189.963,0.0
N,1317,38.568,191.737,0.0
N,1318,37.544,192.722,0.0
N,1319,39.251,194.496,0.0
N,1320,37.886,194.101,0.0
N,1321,39.592,195.875,0.0
N,1322,38.568,196.86,0.0
N,1323,40.275,198.634,0.0
N,1324,38.91,198.24,0.0
N,1325,40.616,200.013,0.0
N,1326,0.0,25.617,0.0
N,1327,0.683,28.376,0.0
N,1328,1.024,29.756,0.0
N,1330,1.707,32.514,0.0
N,1331,0.341,32.12,0.0
N,1332,2.048,33.894,0.0
N,1333,1.024,34.879,0.0
N,1334,2.731,36.653,0.0
N,1335,1.365,36.259,0.0
N,1336,3.072,38.032,0.0
N,1337,2.048,39.017,0.0
N,1338,3.754,40.791,0.0
N,1339,2.389,40.397,0.0
N,1340,4.096,42.17,0.0
N,1341,3.072,43.156,0.0
N,1342,4.778,44.929,0.0
N,1343,3.413,44.535,0.0
N,1344,5.12,46.308,0.0
N,1345,4.096,47.294,0.0
N,1346,5.802,49.067,0.0
N,1347,4.437,48.673,0.0
N,1348,6.144,50.447,0.0
N,1349,5.12,51.432,0.0
N,1350,6.826,53.205,0.0
N,1351,5.461,52.811,0.0
N,1352,7.168,54.585,0.0
N,1353,6.144,55.57,0.0
N,1354,7.85,57.344,0.0
N,1355,6.485,56.95,0.0
N,1356,8.192,58.723,0.0
N,1357,7.168,59.708,0.0
N,1358,8.874,61.482,0.0
N,1359,7.509,61.088,0.0
N,1360,9.215,62.861,0.0
N,1361,8.192,63.847,0.0
N,1362,9.898,65.62,0.0
N,1363,8.533,65.226,0.0
N,1364,10.239,66.999,0.0
N,1365,9.215,67.985,0.0
N,1366,10.922,69.758,0.0
N,1367,9.557,69.364,0.0
N,1368,11.263,71.138,0.0
N,1369,10.239,72.123,0.0
N,1370,11.946,73.896,0.0
N,1371,10.581,73.502,0.0
N,1372,12.287,75.276,0.0
N,1373,11.263,76.261,0.0
N,1374,12.97,78.035,0.0
N,1375,11.605,77.641,0.0
N,1376,13.311,79.414,0.0
N,1377,12.287,80.399,0.0
N,1378,13.994,82.173,0.0
N,1379,12.629,81.779,0.0
N,1380,14.335,83.552,0.0
N,1381,13.311,84.538,0.0
N,1382,15.018,86.311,0.0
N,1383,13.653,85.917,0.0
N,1384,15.359,87.69,0.0
N,1386,16.042,90.449,0.0
N,1387,14.676,90.055,0.0
N,1388,16.383,91.829,0.0
N,1389,15.359,92.814,0.0
N,1390,17.066,94.587,0.0
N,1391,15.7,94.193,0.0
N,1392,17.407,95.967,0.0
N,1393,16.383,96.952,0.0
N,1394,18.09,98.726,0.0
N,1395,16.724,98.332,0.0
N,1396,18.431,100.105,0.0
N,1397,17.407,101.09,0.0
N,1398,19.114,102.864,0.0
N,1399,17.748,102.47,0.0
N,1400,19.455,104.243,0.0
N,1401,18.431,105.229,0.0
N,1402,20.137,107.002,0.0
N,1403,18.772,106.608,0.0
N,1404,20.479,108.382,0.0
N,1405,19.455,109.367,0.0
N,1406,21.161,111.14,0.0
N,1407,19.796,110.746,0.0
N,1408,21.503,112.52,0.0
N,1409,20.479,113.505,0.0
N,1410,22.185,115.279,0.0
N,1411,20.82,114.884,0.0
N,1412,22.527,116.658,0.0
N,1413,21.503,117.643,0.0
N,1414,23.209,119.417,0.0
N,1415,21.844,119.023,0.0
N,1416,23.551,120.796,0.0
N,1417,22.527,121.781,0.0
N,1418,24.233,123.555,0.0
N,1419,22.868,123.161,0.0
N,1421,23.551,125.92,0.0
N,1422,25.257,127.693,0.0
N,1423,23.892,127.299,0.0
N,1424,25.598,129.073,0.0
N,1425,24.575,130.058,0.0
N,1426,26.281,131.831,0.0
N,1427,24.916,131.437,0.0
N,1428,26.622,133.211,0.0
N,1429,25.598,134.196,0.0
N,1430,27.305,135.97,0.0
N,1431,25.94,135.575,0.0
N,1432,27.646,137.349,0.0
N,1433,26.622,138.334,0.0
N,1434,28.329,140.108,0.0
N,1435,26.964,139.714,0.0
N,1436,28.67,141.487,0.0
N,1437,27.646,142.472,0.0
N,1438,29.353,144.246,0.0
N,1439,27.988,143.852,0.0
N,1440,29.694,145.625,0.0
N,1441,28.67,146.611,0.0
N,1442,30.377,148.384,0.0
N,1443,29.012,147.99,0.0
N,1444,30.718,149.764,0.0
N,1445,29.694,150.749,0.0
N,1446,31.401,152.522,0.0
N,1447,30.036,152.128,0.0
N,1448,31.742,153.902,0.0
N,1449,30.718,154.887,0.0
N,1450,32.425,156.661,0.0
N,1451,31.06,156.266,0.0
N,1452,32.766,158.04,0.0
N,1453,31.742,159.025,0.0
N,1454,33.449,160.799,0.0
N,1455,32.083,160.405,0.0
N,1456,33.79,162.178,0.0
N,1457,32.766,163.163,0.0
N,1458,34.473,164.937,0.0
N,1459,33.107,164.543,0.0
N,1460,34.814,166.316,0.0
N,1461,33.79,167.302,0.0
N,1462,35.497,169.075,0.0
N,1463,34.131,168.681,0.0
N,1464,35.838,170.455,0.0
N,1465,34.814,171.44,0.0
N,1466,36.521,173.213,0.0
N,1467,35.155,172.819,0.0
N,1468,36.862,174.593,0.0
N,1469,35.838,175.578,0.0
N,1470,37.544,177.352,0.0
N,1471,36.179,176.957,0.0
N,1472,37.886,178.731,0.0
N,1473,36.862,179.716,0.0
N,1474,38.568,181.49,0.0
N,1475,37.203,181.096,0.0
N,1476,38.91,182.869,0.0
N,1477,37.886,183.854,0.0
N,1478,39.592,185.628,0.0
N,1479,38.227,185.234,0.0
N,1480,39.934,187.007,0.0
N,1481,38.91,187.993,0.0
N,1482,40.616,189.766,0.0
N,1483,39.251,189.372,0.0
N,1484,40.958,191.146,0.0
N,1485,39.934,192.131,0.0
N,1486,41.64,193.904,0.0
N,1487,40.275,193.51,0.0
N,1488,41.982,195.284,0.0
N,1489,40.958,196.269,0.0
N,1490,42.664,198.043,0.0
N,1491,41.299,197.648,0.0
N,1492,43.005,199.422,0.0
N,1493,0.0,15.37,0.0
N,1494,0.341,16.75,0.0
N,1495,1.024,19.509,0.0
N,1496,1.365,20.888,0.0
N,1497,0.341,21.873,0.0
N,1498,2.048,23.647,0.0
N,1499,0.683,23.253,0.0
N,1500,2.389,25.026,0.0
N,1501,1.365,26.012,0.0
N,1502,3.072,27.785,0.0
N,1503,1.707,27.391,0.0
N,1504,3.413,29.164,0.0
N,1505,2.389,30.15,0.0
N,1506,4.096,31.923,0.0
N,1507,2.731,31.529,0.0
N,1508,4.437,33.303,0.0
N,1509,3.413,34.288,0.0
N,1510,5.12,36.061,0.0
N,1511,3.754,35.667,0.0
N,1512,5.461,37.441,0.0
N,1513,4.437,38.426,0.0
N,1514,6.144,40.2,0.0
N,1515,4.778,39.806,0.0
N,1516,6.485,41.579,0.0
N,1517,5.461,42.564,0.0
N,1518,7.168,44.338,0.0
N,1519,5.802,43.944,0.0
N,1520,7.509,45.717,0.0
N,1521,6.485,46.703,0.0
N,1522,8.192,48.476,0.0
N,1523,6.826,48.082,0.0
N,1524,8.533,49.855,0.0
N,1525,7.509,50.841,0.0
N,1526,9.215,52.614,0.0
N,1528,9.557,53.994,0.0
N,1529,8.533,54.979,0.0
N,1530,10.239,56.752,0.0
N,1531,8.874,56.358,0.0
N,1532,10.581,58.132,0.0
N,1533,9.557,59.117,0.0
N,1534,11.263,60.891,0.0
N,1535,9.898,60.497,0.0
N,1536,11.605,62.27,0.0
N,1537,10.581,63.255,0.0
N,1538,12.287,65.029,0.0
N,1539,10.922,64.635,0.0
N,1540,12.629,66.408,0.0
N,1541,11.605,67.394,0.0
N,1542,13.311,69.167,0.0
N,1543,11.946,68.773,0.0
N,1544,13.653,70.546,0.0
N,1545,12.629,71.532,0.0
N,1546,14.335,73.305,0.0
N,1547,12.97,72.911,0.0
N,1548,14.676,74.685,0.0
N,1549,13.653,75.67,0.0
N,1550,15.359,77.444,0.0
N,1551,13.994,77.049,0.0
N,1552,15.7,78.823,0.0
N,1553,14.676,79.808,0.0
N,1554,16.383,81.582,0.0
N,1555,15.018,81.188,0.0
N,1556,16.724,82.961,0.0
N,1557,15.7,83.946,0.0
N,1558,17.407,85.72,0.0
N,1559,16.042,85.326,0.0
N,1560,17.748,87.099,0.0
N,1561,16.724,88.085,0.0
N,1562,18.431,89.858,0.0
N,1563,17.066,89.464,0.0
N,1564,18.772,91.238,0.0
N,1565,17.748,92.223,0.0
N,1566,19.455,93.996,0.0
N,1567,18.09,93.602,0.0
N,1568,19.796,95.376,0.0
N,1569,18.772,96.361,0.0
N,1570,20.479,98.135,0.0
N,1571,19.114,97.74,0.0
N,1572,20.82,99.514,0.0
N,1573,19.796,100.499,0.0
N,1574,21.503,102.273,0.0
N,1575,20.137,101.879,0.0
N,1576,21.844,103.652,0.0
N,1577,20.82,104.637,0.0
N,1578,22.527,106.411,0.0
N,1579,21.161,106.017,0.0
N,1580,22.868,107.79,0.0
N,1581,21.844,108.776,0.0
N,1582,23.551,110.549,0.0
N,1583,22.185,110.155,0.0
N,1584,23.892,111.929,0.0
N,1585,22.868,112.914,0.0
N,1586,24.575,114.687,0.0
N,1587,23.209,114.293,0.0
N,1588,24.916,116.067,0.0
N,1589,23.892,117.052,0.0
N,1590,25.598,118.826,0.0
N,1591,24.233,118.431,0.0
N,1592,25.94,120.205,0.0
N,1593,24.916,121.19,0.0
N,1594,26.622,122.964,0.0
N,1595,25.257,122.57,0.0
N,1596,26.964,124.343,0.0
N,1597,25.94,125.328,0.0
N,1598,27.646,127.102,0.0
N,1599,26.281,126.708,0.0
N,1600,27.988,128.481,0.0
N,1601,26.964,129.467,0.0
N,1602,28.67,131.24,0.0
N,1603,27.305,130.846,0.0
N,1604,29.012,132.62,0.0
N,1605,27.988,133.605,0.0
N,1607,28.329,134.984,0.0
N,1608,30.036,136.758,0.0
N,1609,29.012,137.743,0.0
N,1610,30.718,139.517,0.0
N,1611,29.353,139.122,0.0
N,1612,31.06,140.896,0.0
N,1613,30.036,141.881,0.0
N,1614,31.742,143.655,0.0
N,1615,30.377,143.261,0.0
N,1616,32.083,145.034,0.0
N,1617,31.06,146.019,0.0
N,1618,32.766,147.793,0.0
N,1619,31.401,147.399,0.0
N,1620,33.107,149.172,0.0
N,1621,32.083,150.158,0.0
N,1622,33.79,151.931,0.0
N,1623,32.425,151.537,0.0
N,1624,34.131,153.311,0.0
N,1625,33.107,154.296,0.0
N,1626,34.814,156.069,0.0
N,1627,33.449,155.675,0.0
N,1628,35.155,157.449,0.0
N,1629,34.131,158.434,0.0
N,1630,35.838,160.208,0.0
N,1631,34.473,159.813,0.0
N,1632,36.179,161.587,0.0
N,1633,35.155,162.572,0.0
N,1634,36.862,164.346,0.0
N,1635,35.497,163.952,0.0
N,1636,37.203,165.725,0.0
N,1637,36.179,166.71,0.0
N,1638,37.886,168.484,0.0
N,1639,36.521,168.09,0.0
N,1640,38.227,169.863,0.0
N,1641,37.203,170.849,0.0
N,1642,38.91,172.622,0.0
N,1643,37.544,172.228,0.0
N,1644,39.251,174.002,0.0
N,1645,38.227,174.987,0.0
N,1646,39.934,176.76,0.0
N,1647,38.568,176.366,0.0
N,1648,40.275,178.14,0.0
N,1649,39.251,179.125,0.0
N,1650,40.958,180.899,0.0
N,1651,39.592,180.505,0.0
N,1652,41.299,182.278,0.0
N,1653,40.275,183.263,0.0
N,1654,41.982,185.037,0.0
N,1655,40.616,184.643,0.0
N,1656,42.323,186.416,0.0
N,1657,41.299,187.401,0.0
N,1658,43.005,189.175,0.0
N,1659,41.64,188.781,0.0
N,1660,43.347,190.554,0.0
N,1661,42.323,191.54,0.0
N,1662,44.029,193.313,0.0
N,1663,42.664,192.919,0.0
N,1664,43.347,195.678,0.0
N,1665,43.688,197.057,0.0
N,1666,0.341,6.503,0.0
N,1667,0.683,7.882,0.0
N,1668,1.365,10.641,0.0
N,1669,0.0,10.247,0.0
N,1670,1.707,12.02,0.0
N,1671,0.683,13.006,0.0
N,1672,2.389,14.779,0.0
N,1673,1.024,14.385,0.0
N,1674,2.731,16.159,0.0
N,1675,1.707,17.144,0.0
N,1676,3.413,18.918,0.0
N,1677,2.048,18.523,0.0
N,1678,3.754,20.297,0.0
N,1679,2.731,21.282,0.0
N,1680,4.437,23.056,0.0
N,1681,3.072,22.662,0.0
N,1682,4.778,24.435,0.0
N,1683,3.754,25.42,0.0
N,1684,5.461,27.194,0.0
N,1685,4.096,26.8,0.0
N,1686,5.802,28.573,0.0
N,1688,6.485,31.332,0.0
N,1689,5.12,30.938,0.0
N,1690,6.826,32.712,0.0
N,1691,5.802,33.697,0.0
N,1692,7.509,35.47,0.0
N,1693,6.144,35.076,0.0
N,1694,7.85,36.85,0.0
N,1695,6.826,37.835,0.0
N,1696,8.533,39.609,0.0
N,1697,7.168,39.214,0.0
N,1698,8.874,40.988,0.0
N,1699,7.85,41.973,0.0
N,1700,9.557,43.747,0.0
N,1701,8.192,43.353,0.0
N,1702,9.898,45.126,0.0
N,1703,8.874,46.111,0.0
N,1704,10.581,47.885,0.0
N,1705,9.215,47.491,0.0
N,1706,10.922,49.264,0.0
N,1707,9.898,50.25,0.0
N,1708,11.605,52.023,0.0
N,1709,10.239,51.629,0.0
N,1710,11.946,53.403,0.0
N,1711,10.922,54.388,0.0
N,1712,12.629,56.161,0.0
N,1713,11.263,55.767,0.0
N,1714,12.97,57.541,0.0
N,1715,11.946,58.526,0.0
N,1716,13.653,60.3,0.0
N,1717,12.287,59.905,0.0
N,1718,13.994,61.679,0.0
N,1719,12.97,62.664,0.0
N,1720,14.676,64.438,0.0
N,1721,13.311,64.044,0.0
N,1722,15.018,65.817,0.0
N,1723,13.994,66.802,0.0
N,1724,15.7,68.576,0.0
N,1725,14.335,68.182,0.0
N,1726,16.042,69.955,0.0
N,1727,15.018,70.941,0.0
N,1728,16.724,72.714,0.0
N,1729,15.359,72.32,0.0
N,1730,17.066,74.094,0.0
N,1731,16.042,75.079,0.0
N,1732,17.748,76.852,0.0
N,1733,16.383,76.458,0.0
N,1734,18.09,78.232,0.0
N,1735,17.066,79.217,0.0
N,1736,18.772,80.991,0.0
N,1737,17.407,80.596,0.0
N,1738,19.114,82.37,0.0
N,1739,18.09,83.355,0.0
N,1740,19.796,85.129,0.0
N,1741,18.431,84.735,0.0
N,1742,20.137,86.508,0.0
N,1743,19.114,87.493,0.0
N,1744,20.82,89.267,0.0
N,1745,19.455,88.873,0.0
N,1746,21.161,90.646,0.0
N,1747,20.137,91.632,0.0
N,1748,21.844,93.405,0.0
N,1749,20.479,93.011,0.0
N,1750,22.185,94.785,0.0
N,1751,21.161,95.77,0.0
N,1752,22.868,97.543,0.0
N,1753,21.503,97.149,0.0
N,1754,23.209,98.923,0.0
N,1755,22.185,99.908,0.0
N,1756,23.892,101.682,0.0
N,1757,22.527,101.287,0.0
N,1758,24.233,103.061,0.0
N,1759,23.209,104.046,0.0
N,1760,24.916,105.82,0.0
N,1761,23.551,105.426,0.0
N,1762,25.257,107.199,0.0
N,1763,24.233,108.184,0.0
N,1764,25.94,109.958,0.0
N,1765,24.575,109.564,0.0
N,1766,26.281,111.337,0.0
N,1767,25.257,112.323,0.0
N,1768,26.964,114.096,0.0
N,1769,25.598,113.702,0.0
N,1770,27.305,115.476,0.0
N,1771,26.281,116.461,0.0
N,1772,27.988,118.234,0.0
N,1773,26.622,117.84,0.0
N,1774,28.329,119.614,0.0
N,1775,27.305,120.599,0.0
N,1776,29.012,122.373,0.0
N,1778,29.353,123.752,0.0
N,1779,28.329,124.737,0.0
N,1780,30.036,126.511,0.0
N,1781,28.67,126.117,0.0
N,1782,30.377,127.89,0.0
N,1783,29.353,128.875,0.0
N,1784,31.06,130.649,0.0
N,1785,29.694,130.255,0.0
N,1786,31.401,132.028,0.0
N,1787,30.377,133.014,0.0
N,1788,32.083,134.787,0.0
N,1789,30.718,134.393,0.0
N,1790,32.425,136.167,0.0
N,1791,31.401,137.152,0.0
N,1792,33.107,138.925,0.0
N,1793,31.742,138.531,0.0
N,1794,33.449,140.305,0.0
N,1795,32.425,141.29,0.0
N,1796,34.131,143.064,0.0
N,1797,32.766,142.669,0.0
N,1798,34.473,144.443,0.0
N,1799,33.449,145.428,0.0
N,1800,35.155,147.202,0.0
N,1801,33.79,146.808,0.0
N,1802,35.497,148.581,0.0
N,1803,34.473,149.567,0.0
N,1804,36.179,151.34,0.0
N,1805,34.814,150.946,0.0
N,1806,36.521,152.719,0.0
N,1807,35.497,153.705,0.0
N,1808,37.203,155.478,0.0
N,1809,35.838,155.084,0.0
N,1810,37.544,156.858,0.0
N,1811,36.521,157.843,0.0
N,1812,38.227,159.616,0.0
N,1813,36.862,159.222,0.0
N,1814,38.568,160.996,0.0
N,1815,37.544,161.981,0.0
N,1816,39.251,163.755,0.0
N,1817,37.886,163.361,0.0
N,1818,39.592,165.134,0.0
N,1819,38.568,166.119,0.0
N,1820,40.275,167.893,0.0
N,1821,38.91,167.499,0.0
N,1822,40.616,169.272,0.0
N,1823,39.592,170.258,0.0
N,1824,41.299,172.031,0.0
N,1825,39.934,171.637,0.0
N,1826,41.64,173.41,0.0
N,1827,40.616,174.396,0.0
N,1829,40.958,175.775,0.0
N,1830,42.664,177.549,0.0
N,1831,41.64,178.534,0.0
N,1832,43.347,180.307,0.0
N,1833,41.982,179.913,0.0
N,1834,43.688,181.687,0.0
N,1835,42.664,182.672,0.0
N,1836,43.005,184.052,0.0
N,1837,43.688,186.81,0.0
N,1838,44.029,188.19,0.0
N,1839,0.0,0.0,0.0
N,1840,1.707,1.774,0.0
N,1841,0.341,1.379,0.0
N,1842,2.048,3.153,0.0
N,1843,1.024,4.138,0.0
N,1844,2.731,5.912,0.0
N,1845,1.365,5.518,0.0
N,1846,3.072,7.291,0.0
N,1847,2.048,8.276,0.0
N,1848,3.754,10.05,0.0
N,1849,2.389,9.656,0.0
N,1850,4.096,11.429,0.0
N,1851,3.072,12.415,0.0
N,1852,4.778,14.188,0.0
N,1853,3.413,13.794,0.0
N,1854,5.12,15.568,0.0
N,1855,4.096,16.553,0.0
N,1856,5.802,18.326,0.0
N,1857,4.437,17.932,0.0
N,1858,6.144,19.706,0.0
N,1859,5.12,20.691,0.0
N,1860,6.826,22.465,0.0
N,1861,5.461,22.07,0.0
N,1862,7.168,23.844,0.0
N,1863,6.144,24.829,0.0
N,1864,7.85,26.603,0.0
N,1865,6.485,26.209,0.0
N,1866,8.192,27.982,0.0
N,1867,7.168,28.967,0.0
N,1868,8.874,30.741,0.0
N,1869,7.509,30.347,0.0
N,1870,9.215,32.12,0.0
N,1871,8.192,33.106,0.0
N,1872,9.898,34.879,0.0
N,1873,8.533,34.485,0.0
N,1874,10.239,36.259,0.0
N,1875,9.215,37.244,0.0
N,1876,10.922,39.017,0.0
N,1877,9.557,38.623,0.0
N,1878,11.263,40.397,0.0
N,1879,10.239,41.382,0.0
N,1880,11.946,43.156,0.0
N,1881,10.581,42.761,0.0
N,1882,12.287,44.535,0.0
N,1883,11.263,45.52,0.0
N,1884,12.97,47.294,0.0
N,1885,11.605,46.9,0.0
N,1886,13.311,48.673,0.0
N,1887,12.287,49.658,0.0
N,1888,13.994,51.432,0.0
N,1889,12.629,51.038,0.0
N,1890,14.335,52.811,0.0
N,1891,13.311,53.797,0.0
N,1892,15.018,55.57,0.0
N,1893,13.653,55.176,0.0
N,1894,15.359,56.95,0.0
N,1895,14.335,57.935,0.0
N,1896,16.042,59.708,0.0
N,1897,14.676,59.314,0.0
N,1898,16.383,61.088,0.0
N,1899,15.359,62.073,0.0
N,1900,17.066,63.847,0.0
N,1901,15.7,63.452,0.0
N,1902,17.407,65.226,0.0
N,1903,16.383,66.211,0.0
N,1904,18.09,67.985,0.0
N,1905,16.724,67.591,0.0
N,1906,18.431,69.364,0.0
N,1907,17.407,70.349,0.0
N,1908,19.114,72.123,0.0
N,1909,17.748,71.729,0.0
N,1910,19.455,73.502,0.0
N,1911,18.431,74.488,0.0
N,1912,20.137,76.261,0.0
N,1913,18.772,75.867,0.0
N,1914,20.479,77.641,0.0
N,1915,19.455,78.626,0.0
N,1916,21.161,80.399,0.0
N,1917,19.796,80.005,0.0
N,1918,21.503,81.779,0.0
N,1919,20.479,82.764,0.0
N,1920,22.185,84.538,0.0
N,1921,20.82,84.143,0.0
N,1922,22.527,85.917,0.0
N,1923,21.503,86.902,0.0
N,1924,23.209,88.676,0.0
N,1925,21.844,88.282,0.0
N,1926,23.551,90.055,0.0
N,1927,22.527,91.04,0.0
N,1928,24.233,92.814,0.0
N,1929,22.868,92.42,0.0
N,1930,24.575,94.193,0.0
N,1931,23.551,95.179,0.0
N,1932,25.257,96.952,0.0
N,1933,23.892,96.558,0.0
N,1934,25.598,98.332,0.0
N,1935,24.575,99.317,0.0
N,1936,26.281,101.09,0.0
N,1937,24.916,100.696,0.0
N,1938,26.622,102.47,0.0
N,1939,25.598,103.455,0.0
N,1940,27.305,105.229,0.0
N,1941,25.94,104.834,0.0
N,1942,27.646,106.608,0.0
N,1943,26.622,107.593,0.0
N,1944,28.329,109.367,0.0
N,1945,26.964,108.973,0.0
N,1946,28.67,110.746,0.0
N,1947,27.646,111.732,0.0
N,1948,29.353,113.505,0.0
N,1949,27.988,113.111,0.0
N,1950,29.694,114.884,0.0
N,1951,28.67,115.87,0.0
N,1952,30.377,117.643,0.0
N,1953,29.012,117.249,0.0
N,1954,30.718,119.023,0.0
N,1955,29.694,120.008,0.0
N,1956,31.401,121.781,0.0
N,1957,30.036,121.387,0.0
N,1958,31.742,123.161,0.0
N,1959,30.718,124.146,0.0
N,1960,32.425,125.92,0.0
N,1961,31.06,125.526,0.0
N,1962,32.766,127.299,0.0
N,1963,31.742,128.284,0.0
N,1964,33.449,130.058,0.0
N,1965,32.083,129.664,0.0
N,1966,33.79,131.437,0.0
N,1967,32.766,132.423,0.0
N,1968,34.473,134.196,0.0
N,1969,33.107,133.802,0.0
N,1970,34.814,135.575,0.0
N,1971,33.79,136.561,0.0
N,1972,35.497,138.334,0.0
N,1974,35.838,139.714,0.0
N,1975,34.814,140.699,0.0
N,1976,36.521,142.472,0.0
N,1977,35.155,142.078,0.0
N,1978,36.862,143.852,0.0
N,1979,35.838,144.837,0.0
N,1980,37.544,146.611,0.0
N,1981,36.179,146.217,0.0
N,1982,37.886,147.99,0.0
N,1983,36.862,148.975,0.0
N,1984,38.568,150.749,0.0
N,1985,37.203,150.355,0.0
N,1986,38.91,152.128,0.0
N,1987,37.886,153.114,0.0
N,1988,39.592,154.887,0.0
N,1989,38.227,154.493,0.0
N,1990,39.934,156.266,0.0
N,1991,38.91,157.252,0.0
N,1992,40.616,159.025,0.0
N,1993,39.251,158.631,0.0
N,1994,40.958,160.405,0.0
N,1995,39.934,161.39,0.0
N,1997,40.275,162.769,0.0
N,1998,41.982,164.543,0.0
N,1999,40.958,165.528,0.0
N,2000,42.664,167.302,0.0
N,2001,41.299,166.908,0.0
N,2002,43.005,168.681,0.0
N,2003,41.982,169.666,0.0
N,2004,43.688,171.44,0.0
N,2005,42.323,171.046,0.0
N,2006,44.029,172.819,0.0
N,2007,43.005,173.805,0.0
N,2008,43.347,175.184,0.0
N,2009,44.029,177.943,0.0
N,2010,4.096,1.182,0.0
N,2011,2.731,0.788,0.0
N,2012,4.437,2.562,0.0
N,2013,3.413,3.547,0.0
N,2014,5.12,5.321,0.0
N,2015,3.754,4.926,0.0
N,2016,5.461,6.7,0.0
N,2017,4.437,7.685,0.0
N,2018,6.144,9.459,0.0
N,2019,4.778,9.065,0.0
N,2020,6.485,10.838,0.0
N,2021,5.461,11.823,0.0
N,2022,7.168,13.597,0.0
N,2023,5.802,13.203,0.0
N,2024,7.509,14.976,0.0
N,2025,6.485,15.962,0.0
N,2026,8.192,17.735,0.0
N,2027,6.826,17.341,0.0
N,2028,8.533,19.115,0.0
N,2029,7.509,20.1,0.0
N,2030,9.215,21.873,0.0
N,2031,7.85,21.479,0.0
N,2032,9.557,23.253,0.0
N,2033,8.533,24.238,0.0
N,2034,10.239,26.012,0.0
N,2035,8.874,25.617,0.0
N,2036,10.581,27.391,0.0
N,2037,9.557,28.376,0.0
N,2038,11.263,30.15,0.0
N,2039,9.898,29.756,0.0
N,2040,11.605,31.529,0.0
N,2041,10.581,32.514,0.0
N,2042,12.287,34.288,0.0
N,2043,10.922,33.894,0.0
N,2044,12.629,35.667,0.0
N,2045,11.605,36.653,0.0
N,2046,13.311,38.426,0.0
N,2047,11.946,38.032,0.0
N,2048,13.653,39.806,0.0
N,2049,12.629,40.791,0.0
N,2051,12.97,42.17,0.0
N,2052,14.676,43.944,0.0
N,2053,13.653,44.929,0.0
N,2054,15.359,46.703,0.0
N,2055,13.994,46.308,0.0
N,2056,15.7,48.082,0.0
N,2057,14.676,49.067,0.0
N,2058,16.383,50.841,0.0
N,2059,15.018,50.447,0.0
N,2060,16.724,52.22,0.0
N,2061,15.7,53.205,0.0
N,2062,17.407,54.979,0.0
N,2063,16.042,54.585,0.0
N,2064,17.748,56.358,0.0
N,2065,16.724,57.344,0.0
N,2066,18.431,59.117,0.0
N,2067,17.066,58.723,0.0
N,2068,18.772,60.497,0.0
N,2069,17.748,61.482,0.0
N,2070,19.455,63.255,0.0
N,2071,18.09,62.861,0.0
N,2072,19.796,64.635,0.0
N,2073,18.772,65.62,0.0
N,2074,20.479,67.394,0.0
N,2075,19.114,66.999,0.0
N,2076,20.82,68.773,0.0
N,2077,19.796,69.758,0.0
N,2078,21.503,71.532,0.0
N,2079,20.137,71.138,0.0
N,2080,21.844,72.911,0.0
N,2081,20.82,73.896,0.0
N,2082,22.527,75.67,0.0
N,2083,21.161,75.276,0.0
N,2084,22.868,77.049,0.0
N,2085,21.844,78.035,0.0
N,2086,23.551,79.808,0.0
N,2087,22.185,79.414,0.0
N,2088,23.892,81.188,0.0
N,2089,22.868,82.173,0.0
N,2090,24.575,83.946,0.0
N,2091,23.209,83.552,0.0
N,2092,24.916,85.326,0.0
N,2093,23.892,86.311,0.0
N,2094,25.598,88.085,0.0
N,2095,24.233,87.69,0.0
N,2097,24.916,90.449,0.0
N,2098,26.622,92.223,0.0
N,2099,25.257,91.829,0.0
N,2100,26.964,93.602,0.0
N,2101,25.94,94.587,0.0
N,2102,27.646,96.361,0.0
N,2103,26.281,95.967,0.0
N,2104,27.988,97.74,0.0
N,2105,26.964,98.726,0.0
N,2106,28.67,100.499,0.0
N,2107,27.305,100.105,0.0
N,2108,29.012,101.879,0.0
N,2109,27.988,102.864,0.0
N,2110,29.694,104.637,0.0
N,2111,28.329,104.243,0.0
N,2112,30.036,106.017,0.0
N,2113,29.012,107.002,0.0
N,2114,30.718,108.776,0.0
N,2115,29.353,108.382,0.0
N,2116,31.06,110.155,0.0
N,2117,30.036,111.14,0.0
N,2118,31.742,112.914,0.0
N,2119,30.377,112.52,0.0
N,2120,32.083,114.293,0.0
N,2121,31.06,115.279,0.0
N,2122,32.766,117.052,0.0
N,2123,31.401,116.658,0.0
N,2124,33.107,118.431,0.0
N,2125,32.083,119.417,0.0
N,2126,33.79,121.19,0.0
N,2127,32.425,120.796,0.0
N,2128,34.131,122.57,0.0
N,2129,33.107,123.555,0.0
N,2130,34.814,125.328,0.0
N,2131,33.449,124.934,0.0
N,2132,35.155,126.708,0.0
N,2133,34.131,127.693,0.0
N,2134,35.838,129.467,0.0
N,2135,34.473,129.073,0.0
N,2136,36.179,130.846,0.0
N,2137,35.155,131.831,0.0
N,2138,36.862,133.605,0.0
N,2139,35.497,133.211,0.0
N,2140,37.203,134.984,0.0
N,2141,36.179,135.97,0.0
N,2142,37.886,137.743,0.0
N,2143,36.521,137.349,0.0
N,2144,38.227,139.122,0.0
N,2145,37.203,140.108,0.0
N,2146,38.91,141.881,0.0
N,2147,37.544,141.487,0.0
N,2148,39.251,143.261,0.0
N,2149,38.227,144.246,0.0
N,2150,39.934,146.019,0.0
N,2151,38.568,145.625,0.0
N,2152,40.275,147.399,0.0
N,2153,39.251,148.384,0.0
N,2155,39.592,149.764,0.0
N,2156,41.299,151.537,0.0
N,2157,40.275,152.522,0.0
N,2158,41.982,154.296,0.0
N,2159,40.616,153.902,0.0
N,2160,42.323,155.675,0.0
N,2161,41.299,156.661,0.0
N,2162,43.005,158.434,0.0
N,2163,41.64,158.04,0.0
N,2164,43.347,159.813,0.0
N,2165,42.323,160.799,0.0
N,2166,44.029,162.572,0.0
N,2167,42.664,162.178,0.0
N,2168,43.347,164.937,0.0
N,2169,43.688,166.316,0.0
N,2170,6.485,0.591,0.0
N,2171,5.12,0.197,0.0
N,2172,6.826,1.971,0.0
N,2173,5.802,2.956,0.0
N,2174,7.509,4.729,0.0
N,2175,6.144,4.335,0.0
N,2176,7.85,6.109,0.0
N,2177,6.826,7.094,0.0
N,2178,8.533,8.868,0.0
N,2179,7.168,8.473,0.0
N,2180,8.874,10.247,0.0
N,2181,7.85,11.232,0.0
N,2182,9.557,13.006,0.0
N,2183,8.192,12.612,0.0
N,2184,9.898,14.385,0.0
N,2185,8.874,15.37,0.0
N,2186,10.581,17.144,0.0
N,2187,9.215,16.75,0.0
N,2188,10.922,18.523,0.0
N,2189,9.898,19.509,0.0
N,2190,11.605,21.282,0.0
N,2191,10.239,20.888,0.0
N,2192,11.946,22.662,0.0
N,2193,10.922,23.647,0.0
N,2194,12.629,25.42,0.0
N,2195,11.263,25.026,0.0
N,2196,12.97,26.8,0.0
N,2197,11.946,27.785,0.0
N,2198,13.653,29.559,0.0
N,2199,12.287,29.164,0.0
N,2200,13.994,30.938,0.0
N,2201,12.97,31.923,0.0
N,2202,14.676,33.697,0.0
N,2203,13.311,33.303,0.0
N,2204,15.018,35.076,0.0
N,2205,13.994,36.061,0.0
N,2206,15.7,37.835,0.0
N,2207,14.335,37.441,0.0
N,2208,16.042,39.214,0.0
N,2209,15.018,40.2,0.0
N,2210,16.724,41.973,0.0
N,2211,15.359,41.579,0.0
N,2212,17.066,43.353,0.0
N,2213,16.042,44.338,0.0
N,2214,17.748,46.111,0.0
N,2215,16.383,45.717,0.0
N,2216,18.09,47.491,0.0
N,2218,18.772,50.25,0.0
N,2219,17.407,49.855,0.0
N,2220,19.114,51.629,0.0
N,2221,18.09,52.614,0.0
N,2222,19.796,54.388,0.0
N,2223,18.431,53.994,0.0
N,2224,20.137,55.767,0.0
N,2225,19.114,56.752,0.0
N,2226,20.82,58.526,0.0
N,2227,19.455,58.132,0.0
N,2228,21.161,59.905,0.0
N,2229,20.137,60.891,0.0
N,2230,21.844,62.664,0.0
N,2231,20.479,62.27,0.0
N,2232,22.185,64.044,0.0
N,2233,21.161,65.029,0.0
N,2234,22.868,66.802,0.0
N,2235,21.503,66.408,0.0
N,2236,23.209,68.182,0.0
N,2237,22.185,69.167,0.0
N,2239,22.527,70.546,0.0
N,2240,24.233,72.32,0.0
N,2241,23.209,73.305,0.0
N,2242,24.916,75.079,0.0
N,2243,23.551,74.685,0.0
N,2244,25.257,76.458,0.0
N,2245,24.233,77.444,0.0
N,2246,25.94,79.217,0.0
N,2247,24.575,78.823,0.0
N,2248,26.281,80.596,0.0
N,2249,25.257,81.582,0.0
N,2250,26.964,83.355,0.0
N,2251,25.598,82.961,0.0
N,2252,27.305,84.735,0.0
N,2253,26.281,85.72,0.0
N,2254,27.988,87.493,0.0
N,2255,26.622,87.099,0.0
N,2256,28.329,88.873,0.0
N,2257,27.305,89.858,0.0
N,2258,29.012,91.632,0.0
N,2259,27.646,91.238,0.0
N,2260,29.353,93.011,0.0
N,2261,28.329,93.996,0.0
N,2262,30.036,95.77,0.0
N,2263,28.67,95.376,0.0
N,2264,30.377,97.149,0.0
N,2265,29.353,98.135,0.0
N,2266,31.06,99.908,0.0
N,2267,29.694,99.514,0.0
N,2268,31.401,101.287,0.0
N,2269,30.377,102.273,0.0
N,2270,32.083,104.046,0.0
N,2271,30.718,103.652,0.0
N,2272,32.425,105.426,0.0
N,2273,31.401,106.411,0.0
N,2274,33.107,108.184,0.0
N,2275,31.742,107.79,0.0
N,2276,33.449,109.564,0.0
N,2277,32.425,110.549,0.0
N,2278,34.131,112.323,0.0
N,2279,32.766,111.929,0.0
N,2280,34.473,113.702,0.0
N,2281,33.449,114.687,0.0
N,2282,35.155,116.461,0.0
N,2283,33.79,116.067,0.0
N,2284,35.497,117.84,0.0
N,2285,34.473,118.826,0.0
N,2286,36.179,120.599,0.0
N,2287,34.814,120.205,0.0
N,2288,36.521,121.978,0.0
N,2289,35.497,122.964,0.0
N,2290,37.203,124.737,0.0
N,2291,35.838,124.343,0.0
N,2292,37.544,126.117,0.0
N,2293,36.521,127.102,0.0
N,2294,38.227,128.875,0.0
N,2295,36.862,128.481,0.0
N,2296,38.568,130.255,0.0
N,2297,37.544,131.24,0.0
N,2298,39.251,133.014,0.0
N,2299,37.886,132.62,0.0
N,2300,39.592,134.393,0.0
N,2302,40.275,137.152,0.0
N,2303,38.91,136.758,0.0
N,2304,40.616,138.531,0.0
N,2305,39.592,139.517,0.0
N,2306,41.299,141.29,0.0
N,2307,39.934,140.896,0.0
N,2308,41.64,142.669,0.0
N,2309,40.616,143.655,0.0
N,2310,42.323,145.428,0.0
N,2311,40.958,145.034,0.0
N,2312,42.664,146.808,0.0
N,2313,41.64,147.793,0.0
N,2314,43.347,149.567,0.0
N,2315,41.982,149.172,0.0
N,2316,43.688,150.946,0.0
N,2317,42.664,151.931,0.0
N,2318,43.005,153.311,0.0
N,2319,43.688,156.069,0.0
N,2320,44.029,157.449,0.0
N,2321,8.874,0.0,0.0
N,2322,9.215,1.379,0.0
N,2323,8.192,2.365,0.0
N,2324,9.898,4.138,0.0
N,2325,8.533,3.744,0.0
N,2326,10.239,5.518,0.0
N,2327,9.215,6.503,0.0
N,2328,10.922,8.276,0.0
N,2329,9.557,7.882,0.0
N,2330,11.263,9.656,0.0
N,2331,10.239,10.641,0.0
N,2332,11.946,12.415,0.0
N,2333,10.581,12.02,0.0
N,2334,12.287,13.794,0.0
N,2335,11.263,14.779,0.0
N,2336,12.97,16.553,0.0
N,2337,11.605,16.159,0.0
N,2338,13.311,17.932,0.0
N,2339,12.287,18.918,0.0
N,2340,13.994,20.691,0.0
N,2341,12.629,20.297,0.0
N,2342,14.335,22.07,0.0
N,2343,13.311,23.056,0.0
N,2344,15.018,24.829,0.0
N,2346,15.359,26.209,0.0
N,2347,14.335,27.194,0.0
N,2348,16.042,28.967,0.0
N,2349,14.676,28.573,0.0
N,2350,16.383,30.347,0.0
N,2351,15.359,31.332,0.0
N,2352,17.066,33.106,0.0
N,2354,17.407,34.485,0.0
N,2355,16.383,35.47,0.0
N,2356,18.09,37.244,0.0
N,2357,16.724,36.85,0.0
N,2358,18.431,38.623,0.0
N,2359,17.407,39.609,0.0
N,2360,19.114,41.382,0.0
N,2361,17.748,40.988,0.0
N,2362,19.455,42.761,0.0
N,2363,18.431,43.747,0.0
N,2364,20.137,45.52,0.0
N,2365,18.772,45.126,0.0
N,2366,20.479,46.9,0.0
N,2368,21.161,49.658,0.0
N,2369,19.796,49.264,0.0
N,2370,21.503,51.038,0.0
N,2371,20.479,52.023,0.0
N,2372,22.185,53.797,0.0
N,2373,20.82,53.403,0.0
N,2374,22.527,55.176,0.0
N,2375,21.503,56.161,0.0
N,2376,23.209,57.935,0.0
N,2377,21.844,57.541,0.0
N,2378,23.551,59.314,0.0
N,2379,22.527,60.3,0.0
N,2380,24.233,62.073,0.0
N,2381,22.868,61.679,0.0
N,2382,24.575,63.452,0.0
N,2383,23.551,64.438,0.0
N,2384,25.257,66.211,0.0
N,2385,23.892,65.817,0.0
N,2386,25.598,67.591,0.0
N,2387,24.575,68.576,0.0
N,2388,26.281,70.349,0.0
N,2389,24.916,69.955,0.0
N,2390,26.622,71.729,0.0
N,2391,25.598,72.714,0.0
N,2392,27.305,74.488,0.0
N,2393,25.94,74.094,0.0
N,2394,27.646,75.867,0.0
N,2395,26.622,76.852,0.0
N,2396,28.329,78.626,0.0
N,2397,26.964,78.232,0.0
N,2398,28.67,80.005,0.0
N,2399,27.646,80.991,0.0
N,2400,29.353,82.764,0.0
N,2401,27.988,82.37,0.0
N,2402,29.694,84.143,0.0
N,2403,28.67,85.129,0.0
N,2404,30.377,86.902,0.0
N,2405,29.012,86.508,0.0
N,2406,30.718,88.282,0.0
N,2407,29.694,89.267,0.0
N,2408,31.401,91.04,0.0
N,2409,30.036,90.646,0.0
N,2410,31.742,92.42,0.0
N,2411,30.718,93.405,0.0
N,2412,32.425,95.179,0.0
N,2413,31.06,94.785,0.0
N,2414,32.766,96.558,0.0
N,2415,31.742,97.543,0.0
N,2416,33.449,99.317,0.0
N,2417,32.083,98.923,0.0
N,2418,33.79,100.696,0.0
N,2419,32.766,101.682,0.0
N,2420,34.473,103.455,0.0
N,2421,33.107,103.061,0.0
N,2423,33.79,105.82,0.0
N,2424,35.497,107.593,0.0
N,2425,34.131,107.199,0.0
N,2426,35.838,108.973,0.0
N,2427,34.814,109.958,0.0
N,2428,36.521,111.732,0.0
N,2429,35.155,111.337,0.0
N,2430,36.862,113.111,0.0
N,2431,35.838,114.096,0.0
N,2432,37.544,115.87,0.0
N,2433,36.179,115.476,0.0
N,2434,37.886,117.249,0.0
N,2435,36.862,118.234,0.0
N,2436,38.568,120.008,0.0
N,2437,37.203,119.614,0.0
N,2438,38.91,121.387,0.0
N,2439,37.886,122.373,0.0
N,2440,39.592,124.146,0.0
N,2441,38.227,123.752,0.0
N,2442,39.934,125.526,0.0
N,2443,38.91,126.511,0.0
N,2444,40.616,128.284,0.0
N,2445,39.251,127.89,0.0
N,2446,40.958,129.664,0.0
N,2447,39.934,130.649,0.0
N,2448,41.64,132.423,0.0
N,2449,40.275,132.028,0.0
N,2450,41.982,133.802,0.0
N,2451,40.958,134.787,0.0
N,2452,42.664,136.561,0.0
N,2453,41.299,136.167,0.0
N,2454,43.005,137.94,0.0
N,2455,41.982,138.925,0.0
N,2456,43.688,140.699,0.0
N,2457,42.323,140.305,0.0
N,2458,44.029,142.078,0.0
N,2459,43.005,143.064,0.0
N,2460,43.347,144.443,0.0
N,2461,44.029,147.202,0.0
N,2462,11.605,0.788,0.0
N,2463,10.581,1.774,0.0
N,2464,12.287,3.547,0.0
N,2466,12.629,4.926,0.0
N,2467,11.605,5.912,0.0
N,2468,13.311,7.685,0.0
N,2469,11.946,7.291,0.0
N,2470,13.653,9.065,0.0
N,2471,12.629,10.05,0.0
N,2472,14.335,11.823,0.0
N,2473,12.97,11.429,0.0
N,2474,14.676,13.203,0.0
N,2475,13.653,14.188,0.0
N,2476,15.359,15.962,0.0
N,2477,13.994,15.568,0.0
N,2478,15.7,17.341,0.0
N,2479,14.676,18.326,0.0
N,2480,16.383,20.1,0.0
N,2481,15.018,19.706,0.0
N,2482,16.724,21.479,0.0
N,2483,15.7,22.465,0.0
N,2484,17.407,24.238,0.0
N,2485,16.042,23.844,0.0
N,2486,17.748,25.617,0.0
N,2487,16.724,26.603,0.0
N,2488,18.431,28.376,0.0
N,2490,18.772,29.756,0.0
N,2491,17.748,30.741,0.0
N,2492,19.455,32.514,0.0
N,2493,18.09,32.12,0.0
N,2494,19.796,33.894,0.0
N,2495,18.772,34.879,0.0
N,2496,20.479,36.653,0.0
N,2497,19.114,36.259,0.0
N,2498,20.82,38.032,0.0
N,2499,19.796,39.017,0.0
N,2500,21.503,40.791,0.0
N,2501,20.137,40.397,0.0
N,2502,21.844,42.17,0.0
N,2503,20.82,43.156,0.0
N,2504,22.527,44.929,0.0
N,2505,21.161,44.535,0.0
N,2506,22.868,46.308,0.0
N,2507,21.844,47.294,0.0
N,2508,23.551,49.067,0.0
N,2509,22.185,48.673,0.0
N,2510,23.892,50.447,0.0
N,2511,22.868,51.432,0.0
N,2512,24.575,53.205,0.0
N,2513,23.209,52.811,0.0
N,2514,24.916,54.585,0.0
N,2515,23.892,55.57,0.0
N,2516,25.598,57.344,0.0
N,2517,24.233,56.95,0.0
N,2518,25.94,58.723,0.0
N,2519,24.916,59.708,0.0
N,2520,26.622,61.482,0.0
N,2521,25.257,61.088,0.0
N,2522,26.964,62.861,0.0
N,2523,25.94,63.847,0.0
N,2524,27.646,65.62,0.0
N,2525,26.281,65.226,0.0
N,2526,27.988,66.999,0.0
N,2527,26.964,67.985,0.0
N,2528,28.67,69.758,0.0
N,2529,27.305,69.364,0.0
N,2530,29.012,71.138,0.0
N,2531,27.988,72.123,0.0
N,2532,29.694,73.896,0.0
N,2533,28.329,73.502,0.0
N,2534,30.036,75.276,0.0
N,2535,29.012,76.261,0.0
N,2536,30.718,78.035,0.0
N,2537,29.353,77.641,0.0
N,2538,31.06,79.414,0.0
N,2539,30.036,80.399,0.0
N,2540,31.742,82.173,0.0
N,2542,32.083,83.552,0.0
N,2543,31.06,84.538,0.0
N,2544,32.766,86.311,0.0
N,2545,31.401,85.917,0.0
N,2546,33.107,87.69,0.0
N,2547,32.083,88.676,0.0
N,2548,33.79,90.449,0.0
N,2549,32.425,90.055,0.0
N,2550,34.131,91.829,0.0
N,2552,34.814,94.587,0.0
N,2553,33.449,94.193,0.0
N,2554,35.155,95.967,0.0
N,2555,34.131,96.952,0.0
N,2556,35.838,98.726,0.0
N,2557,34.473,98.332,0.0
N,2558,36.179,100.105,0.0
N,2559,35.155,101.09,0.0
N,2560,36.862,102.864,0.0
N,2561,35.497,102.47,0.0
N,2562,37.203,104.243,0.0
N,2563,36.179,105.229,0.0
N,2564,37.886,107.002,0.0
N,2565,36.521,106.608,0.0
N,2566,38.227,108.382,0.0
N,2567,37.203,109.367,0.0
N,2568,38.91,111.14,0.0
N,2569,37.544,110.746,0.0
N,2570,39.251,112.52,0.0
N,2571,38.227,113.505,0.0
N,2572,39.934,115.279,0.0
N,2573,38.568,114.884,0.0
N,2574,40.275,116.658,0.0
N,2575,39.251,117.643,0.0
N,2576,40.958,119.417,0.0
N,2577,39.592,119.023,0.0
N,2578,41.299,120.796,0.0
N,2579,40.275,121.781,0.0
N,2580,41.982,123.555,0.0
N,2581,40.616,123.161,0.0
N,2582,42.323,124.934,0.0
N,2583,41.299,125.92,0.0
N,2584,43.005,127.693,0.0
N,2585,41.64,127.299,0.0
N,2586,43.347,129.073,0.0
N,2587,42.323,130.058,0.0
N,2588,44.029,131.831,0.0
N,2589,42.664,131.437,0.0
N,2590,43.347,134.196,0.0
N,2591,43.688,135.575,0.0
N,2592,13.994,0.197,0.0
N,2593,12.97,1.182,0.0
N,2594,14.676,2.956,0.0
N,2595,13.311,2.562,0.0
N,2596,15.018,4.335,0.0
N,2597,13.994,5.321,0.0
N,2598,15.7,7.094,0.0
N,2599,14.335,6.7,0.0
N,2601,15.018,9.459,0.0
N,2602,16.724,11.232,0.0
N,2603,15.359,10.838,0.0
N,2604,17.066,12.612,0.0
N,2605,16.042,13.597,0.0
N,2606,17.748,15.37,0.0
N,2607,16.383,14.976,0.0
N,2608,18.09,16.75,0.0
N,2609,17.066,17.735,0.0
N,2610,18.772,19.509,0.0
N,2611,17.407,19.115,0.0
N,2612,19.114,20.888,0.0
N,2613,18.09,21.873,0.0
N,2614,19.796,23.647,0.0
N,2615,18.431,23.253,0.0
N,2616,20.137,25.026,0.0
N,2617,19.114,26.012,0.0
N,2618,20.82,27.785,0.0
N,2619,19.455,27.391,0.0
N,2620,21.161,29.164,0.0
N,2621,20.137,30.15,0.0
N,2622,21.844,31.923,0.0
N,2623,20.479,31.529,0.0
N,2624,22.185,33.303,0.0
N,2625,21.161,34.288,0.0
N,2626,22.868,36.061,0.0
N,2627,21.503,35.667,0.0
N,2628,23.209,37.441,0.0
N,2629,22.185,38.426,0.0
N,2630,23.892,40.2,0.0
N,2631,22.527,39.806,0.0
N,2632,24.233,41.579,0.0
N,2633,23.209,42.564,0.0
N,2634,24.916,44.338,0.0
N,2635,23.551,43.944,0.0
N,2636,25.257,45.717,0.0
N,2637,24.233,46.703,0.0
N,2639,24.575,48.082,0.0
N,2640,26.281,49.855,0.0
N,2641,25.257,50.841,0.0
N,2642,26.964,52.614,0.0
N,2643,25.598,52.22,0.0
N,2644,27.305,53.994,0.0
N,2645,26.281,54.979,0.0
N,2646,27.988,56.752,0.0
N,2647,26.622,56.358,0.0
N,2648,28.329,58.132,0.0
N,2649,27.305,59.117,0.0
N,2650,29.012,60.891,0.0
N,2651,27.646,60.497,0.0
N,2652,29.353,62.27,0.0
N,2653,28.329,63.255,0.0
N,2654,30.036,65.029,0.0
N,2655,28.67,64.635,0.0
N,2656,30.377,66.408,0.0
N,2657,29.353,67.394,0.0
N,2658,31.06,69.167,0.0
N,2659,29.694,68.773,0.0
N,2660,31.401,70.546,0.0
N,2661,30.377,71.532,0.0
N,2662,32.083,73.305,0.0
N,2663,30.718,72.911,0.0
N,2664,32.425,74.685,0.0
N,2665,31.401,75.67,0.0
N,2666,33.107,77.444,0.0
N,2667,31.742,77.049,0.0
N,2668,33.449,78.823,0.0
N,2669,32.425,79.808,0.0
N,2670,34.131,81.582,0.0
N,2671,32.766,81.188,0.0
N,2672,34.473,82.961,0.0
N,2673,33.449,83.946,0.0
N,2674,35.155,85.72,0.0
N,2676,35.497,87.099,0.0
N,2677,34.473,88.085,0.0
N,2678,36.179,89.858,0.0
N,2679,34.814,89.464,0.0
N,2680,36.521,91.238,0.0
N,2681,35.497,92.223,0.0
N,2682,37.203,93.996,0.0
N,2684,37.544,95.376,0.0
N,2685,36.521,96.361,0.0
N,2686,38.227,98.135,0.0
N,2687,36.862,97.74,0.0
N,2688,38.568,99.514,0.0
N,2689,37.544,100.499,0.0
N,2691,37.886,101.879,0.0
N,2692,39.592,103.652,0.0
N,2693,38.568,104.637,0.0
N,2694,40.275,106.411,0.0
N,2695,38.91,106.017,0.0
N,2696,40.616,107.79,0.0
N,2697,39.592,108.776,0.0
N,2698,41.299,110.549,0.0
N,2699,39.934,110.155,0.0
N,2700,41.64,111.929,0.0
N,2701,40.616,112.914,0.0
N,2702,42.323,114.687,0.0
N,2703,40.958,114.293,0.0
N,2704,42.664,116.067,0.0
N,2705,41.64,117.052,0.0
N,2706,43.347,118.826,0.0
N,2708,43.688,120.205,0.0
N,2709,42.664,121.19,0.0
N,2710,43.005,122.57,0.0
N,2711,43.688,125.328,0.0
N,2712,44.029,126.708,0.0
N,2713,15.359,0.591,0.0
N,2714,17.066,2.365,0.0
N,2715,15.7,1.971,0.0
N,2716,17.407,3.744,0.0
N,2717,16.383,4.729,0.0
N,2718,18.09,6.503,0.0
N,2719,16.724,6.109,0.0
N,2720,18.431,7.882,0.0
N,2721,17.407,8.868,0.0
N,2722,19.114,10.641,0.0
N,2723,17.748,10.247,0.0
N,2724,19.455,12.02,0.0
N,2725,18.431,13.006,0.0
N,2726,20.137,14.779,0.0
N,2727,18.772,14.385,0.0
N,2728,20.479,16.159,0.0
N,2729,19.455,17.144,0.0
N,2730,21.161,18.918,0.0
N,2731,19.796,18.523,0.0
N,2732,21.503,20.297,0.0
N,2733,20.479,21.282,0.0
N,2734,22.185,23.056,0.0
N,2735,20.82,22.662,0.0
N,2736,22.527,24.435,0.0
N,2737,21.503,25.42,0.0
N,2738,23.209,27.194,0.0
N,2739,21.844,26.8,0.0
N,2740,23.551,28.573,0.0
N,2741,22.527,29.559,0.0
N,2742,24.233,31.332,0.0
N,2743,22.868,30.938,0.0
N,2744,24.575,32.712,0.0
N,2745,23.551,33.697,0.0
N,2746,25.257,35.47,0.0
N,2748,25.598,36.85,0.0
N,2749,24.575,37.835,0.0
N,2750,26.281,39.609,0.0
N,2751,24.916,39.214,0.0
N,2752,26.622,40.988,0.0
N,2753,25.598,41.973,0.0
N,2754,27.305,43.747,0.0
N,2755,25.94,43.353,0.0
N,2757,26.622,46.111,0.0
N,2758,28.329,47.885,0.0
N,2759,26.964,47.491,0.0
N,2760,28.67,49.264,0.0
N,2761,27.646,50.25,0.0
N,2762,29.353,52.023,0.0
N,2763,27.988,51.629,0.0
N,2764,29.694,53.403,0.0
N,2765,28.67,54.388,0.0
N,2766,30.377,56.161,0.0
N,2767,29.012,55.767,0.0
N,2768,30.718,57.541,0.0
N,2769,29.694,58.526,0.0
N,2770,31.401,60.3,0.0
N,2771,30.036,59.905,0.0
N,2772,31.742,61.679,0.0
N,2774,32.425,64.438,0.0
N,2775,31.06,64.044,0.0
N,2776,32.766,65.817,0.0
N,2777,31.742,66.802,0.0
N,2778,33.449,68.576,0.0
N,2779,32.083,68.182,0.0
N,2780,33.79,69.955,0.0
N,2781,32.766,70.941,0.0
N,2782,34.473,72.714,0.0
N,2783,33.107,72.32,0.0
N,2784,34.814,74.094,0.0
N,2785,33.79,75.079,0.0
N,2786,35.497,76.852,0.0
N,2787,34.131,76.458,0.0
N,2788,35.838,78.232,0.0
N,2789,34.814,79.217,0.0
N,2790,36.521,80.991,0.0
N,2791,35.155,80.596,0.0
N,2792,36.862,82.37,0.0
N,2793,35.838,83.355,0.0
N,2794,37.544,85.129,0.0
N,2795,36.179,84.735,0.0
N,2796,37.886,86.508,0.0
N,2797,36.862,87.493,0.0
N,2798,38.568,89.267,0.0
N,2799,37.203,88.873,0.0
N,2800,38.91,90.646,0.0
N,2801,37.886,91.632,0.0
N,2802,39.592,93.405,0.0
N,2803,38.227,93.011,0.0
N,2804,39.934,94.785,0.0
N,2805,38.91,95.77,0.0
N,2806,40.616,97.543,0.0
N,2808,40.958,98.923,0.0
N,2809,39.934,99.908,0.0
N,2810,41.64,101.682,0.0
N,2811,40.275,101.287,0.0
N,2812,41.982,103.061,0.0
N,2813,40.958,104.046,0.0
N,2814,42.664,105.82,0.0
N,2815,41.299,105.426,0.0
N,2816,43.005,107.199,0.0
N,2817,41.982,108.184,0.0
N,2818,43.688,109.958,0.0
N,2819,42.323,109.564,0.0
N,2820,44.029,111.337,0.0
N,2821,43.005,112.323,0.0
N,2822,43.347,113.702,0.0
N,2823,44.029,116.461,0.0
N,2824,17.748,0.0,0.0
N,2825,19.455,1.774,0.0
N,2826,18.09,1.379,0.0
N,2827,19.796,3.153,0.0
N,2828,18.772,4.138,0.0
N,2829,20.479,5.912,0.0
N,2830,19.114,5.518,0.0
N,2831,20.82,7.291,0.0
N,2832,19.796,8.276,0.0
N,2833,21.503,10.05,0.0
N,2834,20.137,9.656,0.0
N,2835,21.844,11.429,0.0
N,2836,20.82,12.415,0.0
N,2837,22.527,14.188,0.0
N,2838,21.161,13.794,0.0
N,2839,22.868,15.568,0.0
N,2840,21.844,16.553,0.0
N,2841,23.551,18.326,0.0
N,2842,22.185,17.932,0.0
N,2843,23.892,19.706,0.0
N,2844,22.868,20.691,0.0
N,2845,24.575,22.465,0.0
N,2846,23.209,22.07,0.0
N,2847,24.916,23.844,0.0
N,2848,23.892,24.829,0.0
N,2849,25.598,26.603,0.0
N,2850,24.233,26.209,0.0
N,2851,25.94,27.982,0.0
N,2852,24.916,28.967,0.0
N,2853,26.622,30.741,0.0
N,2855,26.964,32.12,0.0
N,2856,25.94,33.106,0.0
N,2857,27.646,34.879,0.0
N,2858,26.281,34.485,0.0
N,2859,27.988,36.259,0.0
N,2860,26.964,37.244,0.0
N,2861,28.67,39.017,0.0
N,2862,27.305,38.623,0.0
N,2863,29.012,40.397,0.0
N,2864,27.988,41.382,0.0
N,2865,29.694,43.156,0.0
N,2866,28.329,42.761,0.0
N,2867,30.036,44.535,0.0
N,2868,29.012,45.52,0.0
N,2869,30.718,47.294,0.0
N,2870,29.353,46.9,0.0
N,2871,31.06,48.673,0.0
N,2872,30.036,49.658,0.0
N,2873,31.742,51.432,0.0
N,2874,30.377,51.038,0.0
N,2875,32.083,52.811,0.0
N,2876,31.06,53.797,0.0
N,2877,32.766,55.57,0.0
N,2878,31.401,55.176,0.0
N,2879,33.107,56.95,0.0
N,2880,32.083,57.935,0.0
N,2881,33.79,59.708,0.0
N,2882,32.425,59.314,0.0
N,2883,34.131,61.088,0.0
N,2884,33.107,62.073,0.0
N,2885,34.814,63.847,0.0
N,2886,33.449,63.452,0.0
N,2887,35.155,65.226,0.0
N,2888,34.131,66.211,0.0
N,2889,35.838,67.985,0.0
N,2890,34.473,67.591,0.0
N,2891,36.179,69.364,0.0
N,2892,35.155,70.349,0.0
N,2893,36.862,72.123,0.0
N,2894,35.497,71.729,0.0
N,2895,37.203,73.502,0.0
N,2896,36.179,74.488,0.0
N,2897,37.886,76.261,0.0
N,2898,36.521,75.867,0.0
N,2899,38.227,77.641,0.0
N,2900,37.203,78.626,0.0
N,2902,37.544,80.005,0.0
N,2903,39.251,81.779,0.0
N,2904,38.227,82.764,0.0
N,2906,38.568,84.143,0.0
N,2907,40.275,85.917,0.0
N,2908,39.251,86.902,0.0
N,2909,40.958,88.676,0.0
N,2910,39.592,88.282,0.0
N,2911,41.299,90.055,0.0
N,2912,40.275,91.04,0.0
N,2913,41.982,92.814,0.0
N,2914,40.616,92.42,0.0
N,2915,42.323,94.193,0.0
N,2916,41.299,95.179,0.0
N,2917,43.005,96.952,0.0
N,2918,41.64,96.558,0.0
N,2919,43.347,98.332,0.0
N,2920,42.323,99.317,0.0
N,2921,44.029,101.09,0.0
N,2922,42.664,100.696,0.0
N,2923,43.347,103.455,0.0
N,2924,43.688,104.834,0.0
N,2925,21.844,1.182,0.0
N,2927,22.185,2.562,0.0
N,2928,21.161,3.547,0.0
N,2929,22.868,5.321,0.0
N,2930,21.503,4.926,0.0
N,2931,23.209,6.7,0.0
N,2932,22.185,7.685,0.0
N,2933,23.892,9.459,0.0
N,2934,22.527,9.065,0.0
N,2935,24.233,10.838,0.0
N,2936,23.209,11.823,0.0
N,2937,24.916,13.597,0.0
N,2938,23.551,13.203,0.0
N,2939,25.257,14.976,0.0
N,2940,24.233,15.962,0.0
N,2941,25.94,17.735,0.0
N,2942,24.575,17.341,0.0
N,2943,26.281,19.115,0.0
N,2944,25.257,20.1,0.0
N,2945,26.964,21.873,0.0
N,2946,25.598,21.479,0.0
N,2947,27.305,23.253,0.0
N,2948,26.281,24.238,0.0
N,2949,27.988,26.012,0.0
N,2950,26.622,25.617,0.0
N,2951,28.329,27.391,0.0
N,2952,27.305,28.376,0.0
N,2953,29.012,30.15,0.0
N,2954,27.646,29.756,0.0
N,2955,29.353,31.529,0.0
N,2956,28.329,32.514,0.0
N,2957,30.036,34.288,0.0
N,2958,28.67,33.894,0.0
N,2959,30.377,35.667,0.0
N,2960,29.353,36.653,0.0
N,2961,31.06,38.426,0.0
N,2962,29.694,38.032,0.0
N,2963,31.401,39.806,0.0
N,2964,30.377,40.791,0.0
N,2965,32.083,42.564,0.0
N,2966,30.718,42.17,0.0
N,2967,32.425,43.944,0.0
N,2968,31.401,44.929,0.0
N,2969,33.107,46.703,0.0
N,2970,31.742,46.308,0.0
N,2971,33.449,48.082,0.0
N,2972,32.425,49.067,0.0
N,2973,34.131,50.841,0.0
N,2974,32.766,50.447,0.0
N,2975,34.473,52.22,0.0
N,2976,33.449,53.205,0.0
N,2977,35.155,54.979,0.0
N,2978,33.79,54.585,0.0
N,2979,35.497,56.358,0.0
N,2980,34.473,57.344,0.0
N,2981,36.179,59.117,0.0
N,2982,34.814,58.723,0.0
N,2983,36.521,60.497,0.0
N,2984,35.497,61.482,0.0
N,2985,37.203,63.255,0.0
N,2986,35.838,62.861,0.0
N,2987,37.544,64.635,0.0
N,2988,36.521,65.62,0.0
N,2989,38.227,67.394,0.0
N,2990,36.862,66.999,0.0
N,2991,38.568,68.773,0.0
N,2992,37.544,69.758,0.0
N,2993,39.251,71.532,0.0
N,2994,37.886,71.138,0.0
N,2995,39.592,72.911,0.0
N,2996,38.568,73.896,0.0
N,2997,40.275,75.67,0.0
N,2998,38.91,75.276,0.0
N,2999,40.616,77.049,0.0
N,3000,39.592,78.035,0.0
N,3001,41.299,79.808,0.0
N,3002,39.934,79.414,0.0
N,3003,41.64,81.188,0.0
N,3004,40.616,82.173,0.0
N,3005,42.323,83.946,0.0
N,3006,40.958,83.552,0.0
N,3007,42.664,85.326,0.0
N,3008,41.64,86.311,0.0
N,3009,43.347,88.085,0.0
N,3010,41.982,87.69,0.0
N,3011,43.688,89.464,0.0
N,3012,42.664,90.449,0.0
N,3013,43.005,91.829,0.0
N,3014,43.688,94.587,0.0
N,3015,44.029,95.967,0.0
N,3016,24.233,0.591,0.0
N,3017,22.868,0.197,0.0
N,3018,24.575,1.971,0.0
N,3019,23.551,2.956,0.0
N,3020,25.257,4.729,0.0
N,3021,23.892,4.335,0.0
N,3022,25.598,6.109,0.0
N,3023,24.575,7.094,0.0
N,3024,26.281,8.868,0.0
N,3025,24.916,8.473,0.0
N,3026,26.622,10.247,0.0
N,3027,25.598,11.232,0.0
N,3028,27.305,13.006,0.0
N,3029,25.94,12.612,0.0
N,3030,27.646,14.385,0.0
N,3031,26.622,15.37,0.0
N,3032,28.329,17.144,0.0
N,3033,26.964,16.75,0.0
N,3034,28.67,18.523,0.0
N,3035,27.646,19.509,0.0
N,3036,29.353,21.282,0.0
N,3037,27.988,20.888,0.0
N,3038,29.694,22.662,0.0
N,3039,28.67,23.647,0.0
N,3040,30.377,25.42,0.0
N,3041,29.012,25.026,0.0
N,3042,30.718,26.8,0.0
N,3043,29.694,27.785,0.0
N,3044,31.401,29.559,0.0
N,3045,30.036,29.164,0.0
N,3046,31.742,30.938,0.0
N,3047,30.718,31.923,0.0
N,3048,32.425,33.697,0.0
N,3049,31.06,33.303,0.0
N,3050,32.766,35.076,0.0
N,3051,31.742,36.061,0.0
N,3052,33.449,37.835,0.0
N,3053,32.083,37.441,0.0
N,3054,33.79,39.214,0.0
N,3055,32.766,40.2,0.0
N,3056,34.473,41.973,0.0
N,3057,33.107,41.579,0.0
N,3058,34.814,43.353,0.0
N,3059,33.79,44.338,0.0
N,3060,35.497,46.111,0.0
N,3061,34.131,45.717,0.0
N,3062,35.838,47.491,0.0
N,3063,34.814,48.476,0.0
N,3064,36.521,50.25,0.0
N,3065,35.155,49.855,0.0
N,3066,36.862,51.629,0.0
N,3067,35.838,52.614,0.0
N,3068,37.544,54.388,0.0
N,3069,36.179,53.994,0.0
N,3070,37.886,55.767,0.0
N,3071,36.862,56.752,0.0
N,3072,38.568,58.526,0.0
N,3073,37.203,58.132,0.0
N,3074,38.91,59.905,0.0
N,3075,37.886,60.891,0.0
N,3076,39.592,62.664,0.0
N,3077,38.227,62.27,0.0
N,3078,39.934,64.044,0.0
N,3079,38.91,65.029,0.0
N,3080,40.616,66.802,0.0
N,3081,39.251,66.408,0.0
N,3082,40.958,68.182,0.0
N,3083,39.934,69.167,0.0
N,3084,41.64,70.941,0.0
N,3085,40.275,70.546,0.0
N,3086,41.982,72.32,0.0
N,3088,42.664,75.079,0.0
N,3089,41.299,74.685,0.0
N,3090,43.005,76.458,0.0
N,3091,41.982,77.444,0.0
N,3092,43.688,79.217,0.0
N,3093,42.323,78.823,0.0
N,3094,44.029,80.596,0.0
N,3095,43.005,81.582,0.0
N,3096,43.347,82.961,0.0
N,3097,44.029,85.72,0.0
N,3098,26.622,0.0,0.0
N,3099,26.964,1.379,0.0
N,3100,25.94,2.365,0.0
N,3101,27.646,4.138,0.0
N,3102,26.281,3.744,0.0
N,3103,27.988,5.518,0.0
N,3104,26.964,6.503,0.0
N,3105,28.67,8.276,0.0
N,3106,27.305,7.882,0.0
N,3107,29.012,9.656,0.0
N,3108,27.988,10.641,0.0
N,3109,29.694,12.415,0.0
N,3110,28.329,12.02,0.0
N,3111,30.036,13.794,0.0
N,3112,29.012,14.779,0.0
N,3113,30.718,16.553,0.0
N,3114,29.353,16.159,0.0
N,3115,31.06,17.932,0.0
N,3116,30.036,18.918,0.0
N,3117,31.742,20.691,0.0
N,3118,30.377,20.297,0.0
N,3119,32.083,22.07,0.0
N,3120,31.06,23.056,0.0
N,3122,31.401,24.435,0.0
N,3123,33.107,26.209,0.0
N,3124,32.083,27.194,0.0
N,3125,33.79,28.967,0.0
N,3126,32.425,28.573,0.0
N,3127,34.131,30.347,0.0
N,3128,33.107,31.332,0.0
N,3129,34.814,33.106,0.0
N,3130,33.449,32.712,0.0
N,3131,35.155,34.485,0.0
N,3132,34.131,35.47,0.0
N,3133,35.838,37.244,0.0
N,3134,34.473,36.85,0.0
N,3135,36.179,38.623,0.0
N,3136,35.155,39.609,0.0
N,3138,35.497,40.988,0.0
N,3139,37.203,42.761,0.0
N,3140,36.179,43.747,0.0
N,3141,37.886,45.52,0.0
N,3142,36.521,45.126,0.0
N,3143,38.227,46.9,0.0
N,3144,37.203,47.885,0.0
N,3145,38.91,49.658,0.0
N,3146,37.544,49.264,0.0
N,3147,39.251,51.038,0.0
N,3148,38.227,52.023,0.0
N,3149,39.934,53.797,0.0
N,3150,38.568,53.403,0.0
N,3151,40.275,55.176,0.0
N,3152,39.251,56.161,0.0
N,3153,40.958,57.935,0.0
N,3154,39.592,57.541,0.0
N,3155,41.299,59.314,0.0
N,3156,40.275,60.3,0.0
N,3157,41.982,62.073,0.0
N,3158,40.616,61.679,0.0
N,3159,42.323,63.452,0.0
N,3160,41.299,64.438,0.0
N,3161,43.005,66.211,0.0
N,3162,41.64,65.817,0.0
N,3163,43.347,67.591,0.0
N,3164,42.323,68.576,0.0
N,3165,44.029,70.349,0.0
N,3166,42.664,69.955,0.0
N,3167,43.347,72.714,0.0
N,3168,43.688,74.094,0.0
N,3169,29.353,0.788,0.0
N,3170,28.329,1.774,0.0
N,3171,30.036,3.547,0.0
N,3173,30.377,4.926,0.0
N,3174,29.353,5.912,0.0
N,3175,31.06,7.685,0.0
N,3176,29.694,7.291,0.0
N,3177,31.401,9.065,0.0
N,3178,30.377,10.05,0.0
N,3179,32.083,11.823,0.0
N,3180,30.718,11.429,0.0
N,3181,32.425,13.203,0.0
N,3182,31.401,14.188,0.0
N,3183,33.107,15.962,0.0
N,3184,31.742,15.568,0.0
N,3185,33.449,17.341,0.0
N,3186,32.425,18.326,0.0
N,3187,34.131,20.1,0.0
N,3188,32.766,19.706,0.0
N,3189,34.473,21.479,0.0
N,3190,33.449,22.465,0.0
N,3191,35.155,24.238,0.0
N,3192,33.79,23.844,0.0
N,3193,35.497,25.617,0.0
N,3194,34.473,26.603,0.0
N,3195,36.179,28.376,0.0
N,3196,34.814,27.982,0.0
N,3197,36.521,29.756,0.0
N,3198,35.497,30.741,0.0
N,3199,37.203,32.514,0.0
N,3200,35.838,32.12,0.0
N,3202,36.521,34.879,0.0
N,3203,38.227,36.653,0.0
N,3204,36.862,36.259,0.0
N,3205,38.568,38.032,0.0
N,3206,37.544,39.017,0.0
N,3207,39.251,40.791,0.0
N,3209,39.592,42.17,0.0
N,3210,38.568,43.156,0.0
N,3211,40.275,44.929,0.0
N,3212,38.91,44.535,0.0
N,3213,40.616,46.308,0.0
N,3214,39.592,47.294,0.0
N,3215,41.299,49.067,0.0
N,3216,39.934,48.673,0.0
N,3217,41.64,50.447,0.0
N,3218,40.616,51.432,0.0
N,3219,42.323,53.205,0.0
N,3220,40.958,52.811,0.0
N,3221,42.664,54.585,0.0
N,3222,41.64,55.57,0.0
N,3223,43.347,57.344,0.0
N,3224,41.982,56.95,0.0
N,3225,43.688,58.723,0.0
N,3226,42.664,59.708,0.0
N,3227,43.005,61.088,0.0
N,3228,43.688,63.847,0.0
N,3229,44.029,65.226,0.0
N,3230,31.742,0.197,0.0
N,3231,30.718,1.182,0.0
N,3232,32.425,2.956,0.0
N,3233,31.06,2.562,0.0
N,3234,32.766,4.335,0.0
N,3235,31.742,5.321,0.0
N,3236,33.449,7.094,0.0
N,3237,32.083,6.7,0.0
N,3238,33.79,8.473,0.0
N,3239,32.766,9.459,0.0
N,3240,34.473,11.232,0.0
N,3241,33.107,10.838,0.0
N,3242,34.814,12.612,0.0
N,3243,33.79,13.597,0.0
N,3244,35.497,15.37,0.0
N,3245,34.131,14.976,0.0
N,3246,35.838,16.75,0.0
N,3247,34.814,17.735,0.0
N,3248,36.521,19.509,0.0
N,3249,35.155,19.115,0.0
N,3250,36.862,20.888,0.0
N,3251,35.838,21.873,0.0
N,3252,37.544,23.647,0.0
N,3253,36.179,23.253,0.0
N,3254,37.886,25.026,0.0
N,3255,36.862,26.012,0.0
N,3256,38.568,27.785,0.0
N,3257,37.203,27.391,0.0
N,3258,38.91,29.164,0.0
N,3259,37.886,30.15,0.0
N,3260,39.592,31.923,0.0
N,3261,38.227,31.529,0.0
N,3262,39.934,33.303,0.0
N,3263,38.91,34.288,0.0
N,3264,40.616,36.061,0.0
N,3265,39.251,35.667,0.0
N,3266,40.958,37.441,0.0
N,3267,39.934,38.426,0.0
N,3268,41.64,40.2,0.0
N,3269,40.275,39.806,0.0
N,3270,41.982,41.579,0.0
N,3271,40.958,42.564,0.0
N,3272,42.664,44.338,0.0
N,3273,41.299,43.944,0.0
N,3274,43.005,45.717,0.0
N,3275,41.982,46.703,0.0
N,3276,43.688,48.476,0.0
N,3277,42.323,48.082,0.0
N,3278,44.029,49.855,0.0
N,3279,43.005,50.841,0.0
N,3280,43.347,52.22,0.0
N,3281,44.029,54.979,0.0
N,3282,33.107,0.591,0.0
N,3283,34.814,2.365,0.0
N,3284,33.449,1.971,0.0
N,3285,35.155,3.744,0.0
N,3286,34.131,4.729,0.0
N,3287,35.838,6.503,0.0
N,3288,34.473,6.109,0.0
N,3289,36.179,7.882,0.0
N,3290,35.155,8.868,0.0
N,3291,36.862,10.641,0.0
N,3292,35.497,10.247,0.0
N,3293,37.203,12.02,0.0
N,3294,36.179,13.006,0.0
N,3295,37.886,14.779,0.0
N,3296,36.521,14.385,0.0
N,3297,38.227,16.159,0.0
N,3298,37.203,17.144,0.0
N,3299,38.91,18.917,0.0
N,3300,37.544,18.523,0.0
N,3301,39.251,20.297,0.0
N,3302,38.227,21.282,0.0
N,3303,39.934,23.056,0.0
N,3304,38.568,22.662,0.0
N,3305,40.275,24.435,0.0
N,3306,39.251,25.42,0.0
N,3307,40.958,27.194,0.0
N,3308,39.592,26.8,0.0
N,3309,41.299,28.573,0.0
N,3310,40.275,29.559,0.0
N,3311,41.982,31.332,0.0
N,3312,40.616,30.938,0.0
N,3313,42.323,32.712,0.0
N,3314,41.299,33.697,0.0
N,3315,43.005,35.47,0.0
N,3316,41.64,35.076,0.0
N,3317,43.347,36.85,0.0
N,3318,42.323,37.835,0.0
N,3319,44.029,39.609,0.0
N,3320,42.664,39.214,0.0
N,3321,43.347,41.973,0.0
N,3322,43.688,43.353,0.0
N,3323,35.497,0.0,0.0
N,3324,37.203,1.774,0.0
N,3325,35.838,1.379,0.0
N,3326,37.544,3.153,0.0
N,3327,36.521,4.138,0.0
N,3328,38.227,5.912,0.0
N,3329,36.862,5.518,0.0
N,3330,38.568,7.291,0.0
N,3331,37.544,8.276,0.0
N,3332,39.251,10.05,0.0
N,3333,37.886,9.656,0.0
N,3334,39.592,11.429,0.0
N,3335,38.568,12.415,0.0
N,3336,40.275,14.188,0.0
N,3337,38.91,13.794,0.0
N,3338,40.616,15.568,0.0
N,3339,39.592,16.553,0.0
N,3340,41.299,18.326,0.0
N,3341,39.934,17.932,0.0
N,3342,41.64,19.706,0.0
N,3343,40.616,20.691,0.0
N,3344,42.323,22.465,0.0
N,3345,40.958,22.07,0.0
N,3346,42.664,23.844,0.0
N,3347,41.64,24.829,0.0
N,3348,43.347,26.603,0.0
N,3349,41.982,26.209,0.0
N,3350,43.688,27.982,0.0
N,3351,42.664,28.967,0.0
N,3352,43.005,30.347,0.0
N,3353,43.688,33.106,0.0
N,3354,44.029,34.485,0.0
N,3355,39.592,1.182,0.0
N,3356,38.227,0.788,0.0
N,3357,39.934,2.562,0.0
N,3358,38.91,3.547,0.0
N,3359,40.616,5.321,0.0
N,3360,39.251,4.926,0.0
N,3361,40.958,6.7,0.0
N,3362,39.934,7.685,0.0
N,3363,41.64,9.459,0.0
N,3364,40.275,9.065,0.0
N,3365,41.982,10.838,0.0
N,3366,40.958,11.823,0.0
N,3367,42.664,13.597,0.0
N,3368,41.299,13.203,0.0
N,3369,43.005,14.976,0.0
N,3370,41.982,15.962,0.0
N,3371,43.688,17.735,0.0
N,3372,42.323,17.341,0.0
N,3373,44.029,19.115,0.0
N,3374,43.005,20.1,0.0
N,3375,43.347,21.479,0.0
N,3376,44.029,24.238,0.0
N,3377,41.982,0.591,0.0
N,3378,40.616,0.197,0.0
N,3379,42.323,1.971,0.0
N,3380,41.299,2.956,0.0
N,3381,43.005,4.729,0.0
N,3382,41.64,4.335,0.0
N,3383,43.347,6.109,0.0
N,3384,42.323,7.094,0.0
N,3385,44.029,8.868,0.0
N,3386,42.664,8.473,0.0
N,3387,43.347,11.232,0.0
N,3388,43.688,12.612,0.0
N,3389,43.688,2.365,0.0
N,3390,44.029,3.744,0.0
