/PREP7
N, 1, 0.000, 199.361, 0.000
N, 2, 0.000, 194.438, 0.000
N, 3, 0.711, 195.669, 0.000
N, 4, 0.000, 196.900, 0.000
N, 5, 2.132, 198.130, 0.000
N, 6, 0.711, 198.130, 0.000
N, 7, 2.842, 199.361, 0.000
N, 8, 0.000, 189.516, 0.000
N, 9, 0.711, 190.746, 0.000
N, 10, 0.000, 191.977, 0.000
N, 11, 2.132, 193.208, 0.000
N, 12, 0.711, 193.208, 0.000
N, 13, 2.842, 194.438, 0.000
N, 14, 2.132, 195.669, 0.000
N, 15, 4.263, 196.900, 0.000
N, 16, 2.842, 196.900, 0.000
N, 17, 4.974, 198.130, 0.000
N, 18, 4.263, 199.361, 0.000
N, 19, 0.000, 184.593, 0.000
N, 20, 0.711, 185.824, 0.000
N, 21, 0.000, 187.055, 0.000
N, 22, 2.132, 188.285, 0.000
N, 23, 0.711, 188.285, 0.000
N, 24, 2.842, 189.516, 0.000
N, 25, 2.132, 190.746, 0.000
N, 26, 4.263, 191.977, 0.000
N, 27, 2.842, 191.977, 0.000
N, 28, 4.974, 193.208, 0.000
N, 29, 4.263, 194.438, 0.000
N, 30, 6.395, 195.669, 0.000
N, 31, 4.974, 195.669, 0.000
N, 32, 7.105, 196.900, 0.000
N, 33, 6.395, 198.130, 0.000
N, 34, 8.526, 199.361, 0.000
N, 35, 7.105, 199.361, 0.000
N, 36, 0.000, 179.671, 0.000
N, 37, 0.711, 180.902, 0.000
N, 38, 0.000, 182.132, 0.000
N, 39, 2.132, 183.363, 0.000
N, 40, 0.711, 183.363, 0.000
N, 41, 2.842, 184.593, 0.000
N, 42, 2.132, 185.824, 0.000
N, 43, 4.263, 187.055, 0.000
N, 44, 2.842, 187.055, 0.000
N, 45, 4.974, 188.285, 0.000
N, 46, 4.263, 189.516, 0.000
N, 47, 6.395, 190.746, 0.000
N, 48, 4.974, 190.746, 0.000
N, 49, 7.105, 191.977, 0.000
N, 50, 6.395, 193.208, 0.000
N, 51, 8.526, 194.438, 0.000
N, 52, 7.105, 194.438, 0.000
N, 53, 9.237, 195.669, 0.000
N, 54, 8.526, 196.900, 0.000
N, 55, 10.658, 198.130, 0.000
N, 56, 9.237, 198.130, 0.000
N, 57, 11.368, 199.361, 0.000
N, 58, 0.000, 174.748, 0.000
N, 59, 0.711, 175.979, 0.000
N, 60, 0.000, 177.210, 0.000
N, 61, 2.132, 178.440, 0.000
N, 62, 0.711, 178.440, 0.000
N, 63, 2.842, 179.671, 0.000
N, 64, 2.132, 180.901, 0.000
N, 65, 4.263, 182.132, 0.000
N, 66, 2.842, 182.132, 0.000
N, 67, 4.974, 183.363, 0.000
N, 68, 4.263, 184.593, 0.000
N, 69, 6.395, 185.824, 0.000
N, 70, 4.974, 185.824, 0.000
N, 71, 7.105, 187.055, 0.000
N, 72, 6.395, 188.285, 0.000
N, 73, 8.526, 189.516, 0.000
N, 74, 7.105, 189.516, 0.000
N, 75, 9.237, 190.746, 0.000
N, 76, 8.526, 191.977, 0.000
N, 77, 10.658, 193.208, 0.000
N, 78, 9.237, 193.208, 0.000
N, 79, 11.368, 194.438, 0.000
N, 80, 10.658, 195.669, 0.000
N, 81, 12.789, 196.900, 0.000
N, 82, 11.368, 196.900, 0.000
N, 83, 13.500, 198.130, 0.000
N, 84, 12.789, 199.361, 0.000
N, 85, 0.000, 169.826, 0.000
N, 86, 0.711, 171.057, 0.000
N, 87, 0.000, 172.287, 0.000
N, 88, 2.132, 173.518, 0.000
N, 89, 0.711, 173.518, 0.000
N, 90, 2.842, 174.748, 0.000
N, 91, 2.132, 175.979, 0.000
N, 92, 4.263, 177.210, 0.000
N, 93, 2.842, 177.210, 0.000
N, 94, 4.974, 178.440, 0.000
N, 95, 4.263, 179.671, 0.000
N, 96, 6.395, 180.901, 0.000
N, 97, 4.974, 180.902, 0.000
N, 98, 7.105, 182.132, 0.000
N, 99, 6.395, 183.363, 0.000
N, 100, 8.526, 184.593, 0.000
N, 101, 7.105, 184.593, 0.000
N, 102, 9.237, 185.824, 0.000
N, 103, 8.526, 187.055, 0.000
N, 104, 10.658, 188.285, 0.000
N, 105, 9.237, 188.285, 0.000
N, 106, 11.368, 189.516, 0.000
N, 107, 10.658, 190.746, 0.000
N, 108, 12.789, 191.977, 0.000
N, 109, 11.368, 191.977, 0.000
N, 110, 13.500, 193.208, 0.000
N, 111, 12.789, 194.438, 0.000
N, 112, 14.921, 195.669, 0.000
N, 113, 13.500, 195.669, 0.000
N, 114, 15.631, 196.900, 0.000
N, 115, 14.921, 198.130, 0.000
N, 116, 17.052, 199.361, 0.000
N, 117, 15.631, 199.361, 0.000
N, 118, 0.000, 164.903, 0.000
N, 119, 0.711, 166.134, 0.000
N, 120, 0.000, 167.365, 0.000
N, 121, 2.132, 168.595, 0.000
N, 122, 0.711, 168.595, 0.000
N, 123, 2.842, 169.826, 0.000
N, 124, 2.132, 171.057, 0.000
N, 125, 4.263, 172.287, 0.000
N, 126, 2.842, 172.287, 0.000
N, 127, 4.974, 173.518, 0.000
N, 128, 4.263, 174.748, 0.000
N, 129, 6.395, 175.979, 0.000
N, 130, 4.974, 175.979, 0.000
N, 131, 7.105, 177.210, 0.000
N, 132, 6.395, 178.440, 0.000
N, 133, 8.526, 179.671, 0.000
N, 134, 7.105, 179.671, 0.000
N, 135, 9.237, 180.901, 0.000
N, 136, 8.526, 182.132, 0.000
N, 137, 10.658, 183.363, 0.000
N, 138, 9.237, 183.363, 0.000
N, 139, 11.368, 184.593, 0.000
N, 140, 10.658, 185.824, 0.000
N, 141, 12.789, 187.055, 0.000
N, 142, 11.368, 187.055, 0.000
N, 143, 13.500, 188.285, 0.000
N, 144, 12.789, 189.516, 0.000
N, 145, 14.921, 190.746, 0.000
N, 146, 13.500, 190.746, 0.000
N, 147, 15.631, 191.977, 0.000
N, 148, 14.921, 193.208, 0.000
N, 149, 17.052, 194.438, 0.000
N, 150, 15.631, 194.438, 0.000
N, 151, 17.763, 195.669, 0.000
N, 152, 17.052, 196.900, 0.000
N, 153, 19.184, 198.130, 0.000
N, 154, 17.763, 198.130, 0.000
N, 155, 19.894, 199.361, 0.000
N, 156, 0.000, 159.981, 0.000
N, 157, 0.711, 161.212, 0.000
N, 158, 0.000, 162.442, 0.000
N, 159, 2.131, 163.673, 0.000
N, 160, 0.711, 163.673, 0.000
N, 161, 2.842, 164.903, 0.000
N, 162, 2.131, 166.134, 0.000
N, 163, 4.263, 167.365, 0.000
N, 164, 2.842, 167.365, 0.000
N, 165, 4.974, 168.595, 0.000
N, 166, 4.263, 169.826, 0.000
N, 167, 6.394, 171.057, 0.000
N, 168, 4.974, 171.057, 0.000
N, 169, 7.105, 172.287, 0.000
N, 170, 6.395, 173.518, 0.000
N, 171, 8.526, 174.748, 0.000
N, 172, 7.105, 174.748, 0.000
N, 173, 9.237, 175.979, 0.000
N, 174, 8.526, 177.210, 0.000
N, 175, 10.658, 178.440, 0.000
N, 176, 9.237, 178.440, 0.000
N, 177, 11.368, 179.671, 0.000
N, 178, 10.658, 180.901, 0.000
N, 179, 12.789, 182.132, 0.000
N, 180, 11.368, 182.132, 0.000
N, 181, 13.500, 183.363, 0.000
N, 182, 12.789, 184.593, 0.000
N, 183, 14.921, 185.824, 0.000
N, 184, 13.500, 185.824, 0.000
N, 185, 15.631, 187.055, 0.000
N, 186, 14.921, 188.285, 0.000
N, 187, 17.052, 189.516, 0.000
N, 188, 15.631, 189.516, 0.000
N, 189, 17.763, 190.746, 0.000
N, 190, 17.052, 191.977, 0.000
N, 191, 19.184, 193.208, 0.000
N, 192, 17.763, 193.208, 0.000
N, 193, 19.894, 194.438, 0.000
N, 194, 19.184, 195.669, 0.000
N, 195, 19.894, 196.900, 0.000
N, 196, 0.000, 155.058, 0.000
N, 197, 0.711, 156.289, 0.000
N, 198, 0.000, 157.520, 0.000
N, 199, 2.132, 158.750, 0.000
N, 200, 0.711, 158.750, 0.000
N, 201, 2.842, 159.981, 0.000
N, 202, 2.132, 161.212, 0.000
N, 203, 4.263, 162.442, 0.000
N, 204, 2.842, 162.442, 0.000
N, 205, 4.974, 163.673, 0.000
N, 206, 4.263, 164.903, 0.000
N, 207, 6.395, 166.134, 0.000
N, 208, 4.974, 166.134, 0.000
N, 209, 7.105, 167.365, 0.000
N, 210, 6.395, 168.595, 0.000
N, 211, 8.526, 169.826, 0.000
N, 212, 7.105, 169.826, 0.000
N, 213, 9.237, 171.057, 0.000
N, 214, 8.526, 172.287, 0.000
N, 215, 10.658, 173.518, 0.000
N, 216, 9.237, 173.518, 0.000
N, 217, 11.368, 174.748, 0.000
N, 218, 10.658, 175.979, 0.000
N, 219, 12.789, 177.210, 0.000
N, 220, 11.368, 177.210, 0.000
N, 221, 13.500, 178.440, 0.000
N, 222, 12.789, 179.671, 0.000
N, 223, 14.921, 180.901, 0.000
N, 224, 13.500, 180.902, 0.000
N, 225, 15.631, 182.132, 0.000
N, 226, 14.921, 183.363, 0.000
N, 227, 17.052, 184.593, 0.000
N, 228, 15.631, 184.593, 0.000
N, 229, 17.763, 185.824, 0.000
N, 230, 17.052, 187.055, 0.000
N, 231, 19.184, 188.285, 0.000
N, 232, 17.763, 188.285, 0.000
N, 233, 19.894, 189.516, 0.000
N, 234, 19.184, 190.746, 0.000
N, 235, 19.894, 191.977, 0.000
N, 236, 0.000, 150.136, 0.000
N, 237, 0.711, 151.367, 0.000
N, 238, 0.000, 152.597, 0.000
N, 239, 2.132, 153.828, 0.000
N, 240, 0.711, 153.828, 0.000
N, 241, 2.842, 155.058, 0.000
N, 242, 2.132, 156.289, 0.000
N, 243, 4.263, 157.520, 0.000
N, 244, 2.842, 157.520, 0.000
N, 245, 4.974, 158.750, 0.000
N, 246, 4.263, 159.981, 0.000
N, 247, 6.395, 161.212, 0.000
N, 248, 4.974, 161.212, 0.000
N, 249, 7.105, 162.442, 0.000
N, 250, 6.395, 163.673, 0.000
N, 251, 8.526, 164.903, 0.000
N, 252, 7.105, 164.903, 0.000
N, 253, 9.237, 166.134, 0.000
N, 254, 8.526, 167.365, 0.000
N, 255, 10.658, 168.595, 0.000
N, 256, 9.237, 168.595, 0.000
N, 257, 11.368, 169.826, 0.000
N, 258, 10.658, 171.057, 0.000
N, 259, 12.789, 172.287, 0.000
N, 260, 11.368, 172.287, 0.000
N, 261, 13.500, 173.518, 0.000
N, 262, 12.789, 174.748, 0.000
N, 263, 14.921, 175.979, 0.000
N, 264, 13.500, 175.979, 0.000
N, 265, 15.631, 177.210, 0.000
N, 266, 14.921, 178.440, 0.000
N, 267, 17.052, 179.671, 0.000
N, 268, 15.631, 179.671, 0.000
N, 269, 17.763, 180.902, 0.000
N, 270, 17.052, 182.132, 0.000
N, 271, 19.184, 183.363, 0.000
N, 272, 17.763, 183.363, 0.000
N, 273, 19.894, 184.593, 0.000
N, 274, 19.184, 185.824, 0.000
N, 275, 19.894, 187.055, 0.000
N, 276, 0.000, 145.213, 0.000
N, 277, 0.710, 146.444, 0.000
N, 278, 0.000, 147.675, 0.000
N, 279, 2.132, 148.905, 0.000
N, 280, 0.711, 148.905, 0.000
N, 281, 2.842, 150.136, 0.000
N, 282, 2.132, 151.367, 0.000
N, 283, 4.263, 152.597, 0.000
N, 284, 2.842, 152.597, 0.000
N, 285, 4.974, 153.828, 0.000
N, 286, 4.263, 155.058, 0.000
N, 287, 6.395, 156.289, 0.000
N, 288, 4.974, 156.289, 0.000
N, 289, 7.105, 157.520, 0.000
N, 290, 6.395, 158.750, 0.000
N, 291, 8.526, 159.981, 0.000
N, 292, 7.105, 159.981, 0.000
N, 293, 9.237, 161.212, 0.000
N, 294, 8.526, 162.442, 0.000
N, 295, 10.658, 163.673, 0.000
N, 296, 9.237, 163.673, 0.000
N, 297, 11.368, 164.903, 0.000
N, 298, 10.658, 166.134, 0.000
N, 299, 12.789, 167.365, 0.000
N, 300, 11.368, 167.365, 0.000
N, 301, 13.500, 168.595, 0.000
N, 302, 12.789, 169.826, 0.000
N, 303, 14.921, 171.057, 0.000
N, 304, 13.500, 171.057, 0.000
N, 305, 15.631, 172.287, 0.000
N, 306, 14.921, 173.518, 0.000
N, 307, 17.052, 174.748, 0.000
N, 308, 15.631, 174.748, 0.000
N, 309, 17.763, 175.979, 0.000
N, 310, 17.052, 177.210, 0.000
N, 311, 19.184, 178.440, 0.000
N, 312, 17.763, 178.440, 0.000
N, 313, 19.894, 179.671, 0.000
N, 314, 19.184, 180.901, 0.000
N, 315, 19.894, 182.132, 0.000
N, 316, 0.000, 140.291, 0.000
N, 317, 0.710, 141.522, 0.000
N, 318, 0.000, 142.752, 0.000
N, 319, 2.131, 143.983, 0.000
N, 320, 0.710, 143.983, 0.000
N, 321, 2.842, 145.213, 0.000
N, 322, 2.131, 146.444, 0.000
N, 323, 4.263, 147.675, 0.000
N, 324, 2.842, 147.675, 0.000
N, 325, 4.974, 148.905, 0.000
N, 326, 4.263, 150.136, 0.000
N, 327, 6.394, 151.367, 0.000
N, 328, 4.974, 151.367, 0.000
N, 329, 7.105, 152.597, 0.000
N, 330, 6.395, 153.828, 0.000
N, 331, 8.526, 155.058, 0.000
N, 332, 7.105, 155.058, 0.000
N, 333, 9.237, 156.289, 0.000
N, 334, 8.526, 157.520, 0.000
N, 335, 10.658, 158.750, 0.000
N, 336, 9.237, 158.750, 0.000
N, 337, 11.368, 159.981, 0.000
N, 338, 10.658, 161.212, 0.000
N, 339, 12.789, 162.442, 0.000
N, 340, 11.368, 162.442, 0.000
N, 341, 13.500, 163.673, 0.000
N, 342, 12.789, 164.903, 0.000
N, 343, 14.921, 166.134, 0.000
N, 344, 13.500, 166.134, 0.000
N, 345, 15.631, 167.365, 0.000
N, 346, 14.921, 168.595, 0.000
N, 347, 17.052, 169.826, 0.000
N, 348, 15.631, 169.826, 0.000
N, 349, 17.763, 171.057, 0.000
N, 350, 17.052, 172.287, 0.000
N, 351, 19.184, 173.518, 0.000
N, 352, 17.763, 173.518, 0.000
N, 353, 19.894, 174.748, 0.000
N, 354, 19.184, 175.979, 0.000
N, 355, 19.894, 177.210, 0.000
N, 356, 0.000, 135.368, 0.000
N, 357, 0.711, 136.599, 0.000
N, 358, 0.000, 137.830, 0.000
N, 359, 2.132, 139.060, 0.000
N, 360, 0.711, 139.060, 0.000
N, 361, 2.842, 140.291, 0.000
N, 362, 2.132, 141.522, 0.000
N, 363, 4.263, 142.752, 0.000
N, 364, 2.842, 142.752, 0.000
N, 365, 4.974, 143.983, 0.000
N, 366, 4.263, 145.213, 0.000
N, 367, 6.395, 146.444, 0.000
N, 368, 4.974, 146.444, 0.000
N, 369, 7.105, 147.675, 0.000
N, 370, 6.395, 148.905, 0.000
N, 371, 8.526, 150.136, 0.000
N, 372, 7.105, 150.136, 0.000
N, 373, 9.237, 151.367, 0.000
N, 374, 8.526, 152.597, 0.000
N, 375, 10.658, 153.828, 0.000
N, 376, 9.237, 153.828, 0.000
N, 377, 11.368, 155.058, 0.000
N, 378, 10.658, 156.289, 0.000
N, 379, 12.789, 157.520, 0.000
N, 380, 11.368, 157.520, 0.000
N, 381, 13.500, 158.750, 0.000
N, 382, 12.789, 159.981, 0.000
N, 383, 14.921, 161.212, 0.000
N, 384, 13.500, 161.212, 0.000
N, 385, 15.631, 162.442, 0.000
N, 386, 14.921, 163.673, 0.000
N, 387, 17.052, 164.903, 0.000
N, 388, 15.631, 164.903, 0.000
N, 389, 17.763, 166.134, 0.000
N, 390, 17.052, 167.365, 0.000
N, 391, 19.184, 168.595, 0.000
N, 392, 17.763, 168.595, 0.000
N, 393, 19.894, 169.826, 0.000
N, 394, 19.184, 171.057, 0.000
N, 395, 19.894, 172.287, 0.000
N, 396, 0.000, 130.446, 0.000
N, 397, 0.711, 131.677, 0.000
N, 398, 0.000, 132.907, 0.000
N, 399, 2.132, 134.138, 0.000
N, 400, 0.711, 134.138, 0.000
N, 401, 2.842, 135.368, 0.000
N, 402, 2.132, 136.599, 0.000
N, 403, 4.263, 137.830, 0.000
N, 404, 2.842, 137.830, 0.000
N, 405, 4.974, 139.060, 0.000
N, 406, 4.263, 140.291, 0.000
N, 407, 6.395, 141.522, 0.000
N, 408, 4.974, 141.522, 0.000
N, 409, 7.105, 142.752, 0.000
N, 410, 6.395, 143.983, 0.000
N, 411, 8.526, 145.213, 0.000
N, 412, 7.105, 145.213, 0.000
N, 413, 9.237, 146.444, 0.000
N, 414, 8.526, 147.675, 0.000
N, 415, 10.658, 148.905, 0.000
N, 416, 9.237, 148.905, 0.000
N, 417, 11.368, 150.136, 0.000
N, 418, 10.658, 151.367, 0.000
N, 419, 12.789, 152.597, 0.000
N, 420, 11.368, 152.597, 0.000
N, 421, 13.500, 153.828, 0.000
N, 422, 12.789, 155.058, 0.000
N, 423, 14.921, 156.289, 0.000
N, 424, 13.500, 156.289, 0.000
N, 425, 15.631, 157.520, 0.000
N, 426, 14.921, 158.750, 0.000
N, 427, 17.052, 159.981, 0.000
N, 428, 15.631, 159.981, 0.000
N, 429, 17.763, 161.212, 0.000
N, 430, 17.052, 162.442, 0.000
N, 431, 19.184, 163.673, 0.000
N, 432, 17.763, 163.673, 0.000
N, 433, 19.894, 164.903, 0.000
N, 434, 19.184, 166.134, 0.000
N, 435, 19.894, 167.365, 0.000
N, 436, 0.000, 125.524, 0.000
N, 437, 0.710, 126.754, 0.000
N, 438, 0.000, 127.985, 0.000
N, 439, 2.131, 129.215, 0.000
N, 440, 0.710, 129.215, 0.000
N, 441, 2.842, 130.446, 0.000
N, 442, 2.131, 131.677, 0.000
N, 443, 4.263, 132.907, 0.000
N, 444, 2.842, 132.907, 0.000
N, 445, 4.973, 134.138, 0.000
N, 446, 4.263, 135.368, 0.000
N, 447, 6.394, 136.599, 0.000
N, 448, 4.973, 136.599, 0.000
N, 449, 7.105, 137.830, 0.000
N, 450, 6.394, 139.060, 0.000
N, 451, 8.526, 140.291, 0.000
N, 452, 7.105, 140.291, 0.000
N, 453, 9.236, 141.522, 0.000
N, 454, 8.526, 142.752, 0.000
N, 455, 10.658, 143.983, 0.000
N, 456, 9.237, 143.983, 0.000
N, 457, 11.368, 145.213, 0.000
N, 458, 10.658, 146.444, 0.000
N, 459, 12.789, 147.675, 0.000
N, 460, 11.368, 147.675, 0.000
N, 461, 13.500, 148.905, 0.000
N, 462, 12.789, 150.136, 0.000
N, 463, 14.921, 151.367, 0.000
N, 464, 13.500, 151.367, 0.000
N, 465, 15.631, 152.597, 0.000
N, 466, 14.921, 153.828, 0.000
N, 467, 17.052, 155.058, 0.000
N, 468, 15.631, 155.058, 0.000
N, 469, 17.763, 156.289, 0.000
N, 470, 17.052, 157.520, 0.000
N, 471, 19.184, 158.750, 0.000
N, 472, 17.763, 158.750, 0.000
N, 473, 19.894, 159.981, 0.000
N, 474, 19.184, 161.212, 0.000
N, 475, 21.315, 162.442, 0.000
N, 476, 19.894, 162.442, 0.000
N, 477, 0.000, 120.601, 0.000
N, 478, 0.710, 121.832, 0.000
N, 479, 0.000, 123.062, 0.000
N, 480, 2.131, 124.293, 0.000
N, 481, 0.710, 124.293, 0.000
N, 482, 2.842, 125.523, 0.000
N, 483, 2.132, 126.754, 0.000
N, 484, 4.263, 127.985, 0.000
N, 485, 2.842, 127.985, 0.000
N, 486, 4.973, 129.215, 0.000
N, 487, 4.263, 130.446, 0.000
N, 488, 6.394, 131.677, 0.000
N, 489, 4.973, 131.677, 0.000
N, 490, 7.105, 132.907, 0.000
N, 491, 6.395, 134.138, 0.000
N, 492, 8.526, 135.368, 0.000
N, 493, 7.105, 135.368, 0.000
N, 494, 9.236, 136.599, 0.000
N, 495, 8.526, 137.830, 0.000
N, 496, 10.658, 139.060, 0.000
N, 497, 9.236, 139.060, 0.000
N, 498, 11.368, 140.291, 0.000
N, 499, 10.658, 141.522, 0.000
N, 500, 12.789, 142.752, 0.000
N, 501, 11.368, 142.752, 0.000
N, 502, 13.500, 143.983, 0.000
N, 503, 12.789, 145.213, 0.000
N, 504, 14.921, 146.444, 0.000
N, 505, 13.500, 146.444, 0.000
N, 506, 15.631, 147.675, 0.000
N, 507, 14.921, 148.905, 0.000
N, 508, 17.052, 150.136, 0.000
N, 509, 15.631, 150.136, 0.000
N, 510, 17.763, 151.367, 0.000
N, 511, 17.052, 152.597, 0.000
N, 512, 19.184, 153.828, 0.000
N, 513, 17.763, 153.828, 0.000
N, 514, 19.894, 155.058, 0.000
N, 515, 19.184, 156.289, 0.000
N, 516, 19.894, 157.520, 0.000
N, 517, 0.000, 115.679, 0.000
N, 518, 0.711, 116.909, 0.000
N, 519, 0.000, 118.140, 0.000
N, 520, 2.132, 119.370, 0.000
N, 521, 0.710, 119.370, 0.000
N, 522, 2.842, 120.601, 0.000
N, 523, 2.132, 121.832, 0.000
N, 524, 4.263, 123.062, 0.000
N, 525, 2.842, 123.062, 0.000
N, 526, 4.974, 124.293, 0.000
N, 527, 4.263, 125.524, 0.000
N, 528, 6.395, 126.754, 0.000
N, 529, 4.974, 126.754, 0.000
N, 530, 7.105, 127.985, 0.000
N, 531, 6.395, 129.215, 0.000
N, 532, 8.526, 130.446, 0.000
N, 533, 7.105, 130.446, 0.000
N, 534, 9.237, 131.677, 0.000
N, 535, 8.526, 132.907, 0.000
N, 536, 10.658, 134.138, 0.000
N, 537, 9.237, 134.138, 0.000
N, 538, 11.368, 135.368, 0.000
N, 539, 10.658, 136.599, 0.000
N, 540, 12.789, 137.830, 0.000
N, 541, 11.368, 137.830, 0.000
N, 542, 13.500, 139.060, 0.000
N, 543, 12.789, 140.291, 0.000
N, 544, 14.921, 141.522, 0.000
N, 545, 13.500, 141.522, 0.000
N, 546, 15.631, 142.752, 0.000
N, 547, 14.921, 143.983, 0.000
N, 548, 17.052, 145.213, 0.000
N, 549, 15.631, 145.213, 0.000
N, 550, 17.763, 146.444, 0.000
N, 551, 17.052, 147.675, 0.000
N, 552, 19.184, 148.905, 0.000
N, 553, 17.763, 148.905, 0.000
N, 554, 19.894, 150.136, 0.000
N, 555, 19.184, 151.367, 0.000
N, 556, 19.894, 152.597, 0.000
N, 557, 0.000, 110.756, 0.000
N, 558, 0.710, 111.987, 0.000
N, 559, 0.000, 113.217, 0.000
N, 560, 2.131, 114.448, 0.000
N, 561, 0.710, 114.448, 0.000
N, 562, 2.842, 115.679, 0.000
N, 563, 2.131, 116.909, 0.000
N, 564, 4.263, 118.140, 0.000
N, 565, 2.842, 118.140, 0.000
N, 566, 4.973, 119.370, 0.000
N, 567, 4.263, 120.601, 0.000
N, 568, 6.394, 121.832, 0.000
N, 569, 4.973, 121.832, 0.000
N, 570, 7.105, 123.062, 0.000
N, 571, 6.394, 124.293, 0.000
N, 572, 8.526, 125.524, 0.000
N, 573, 7.105, 125.524, 0.000
N, 574, 9.236, 126.754, 0.000
N, 575, 8.526, 127.985, 0.000
N, 576, 10.658, 129.215, 0.000
N, 577, 9.236, 129.215, 0.000
N, 578, 11.368, 130.446, 0.000
N, 579, 10.658, 131.677, 0.000
N, 580, 12.789, 132.907, 0.000
N, 581, 11.368, 132.907, 0.000
N, 582, 13.500, 134.138, 0.000
N, 583, 12.789, 135.368, 0.000
N, 584, 14.921, 136.599, 0.000
N, 585, 13.500, 136.599, 0.000
N, 586, 15.631, 137.830, 0.000
N, 587, 14.921, 139.060, 0.000
N, 588, 17.052, 140.291, 0.000
N, 589, 15.631, 140.291, 0.000
N, 590, 17.763, 141.522, 0.000
N, 591, 17.052, 142.752, 0.000
N, 592, 19.184, 143.983, 0.000
N, 593, 17.763, 143.983, 0.000
N, 594, 19.894, 145.213, 0.000
N, 595, 19.184, 146.444, 0.000
N, 596, 21.315, 147.675, 0.000
N, 597, 19.894, 147.675, 0.000
N, 598, 21.315, 150.136, 0.000
N, 599, 0.000, 105.834, 0.000
N, 600, 0.710, 107.064, 0.000
N, 601, 0.000, 108.295, 0.000
N, 602, 2.132, 109.525, 0.000
N, 603, 0.711, 109.525, 0.000
N, 604, 2.842, 110.756, 0.000
N, 605, 2.132, 111.987, 0.000
N, 606, 4.263, 113.217, 0.000
N, 607, 2.842, 113.217, 0.000
N, 608, 4.974, 114.448, 0.000
N, 609, 4.263, 115.679, 0.000
N, 610, 6.394, 116.909, 0.000
N, 611, 4.973, 116.909, 0.000
N, 612, 7.105, 118.140, 0.000
N, 613, 6.394, 119.370, 0.000
N, 614, 8.526, 120.601, 0.000
N, 615, 7.105, 120.601, 0.000
N, 616, 9.236, 121.832, 0.000
N, 617, 8.526, 123.062, 0.000
N, 618, 10.658, 124.293, 0.000
N, 619, 9.236, 124.293, 0.000
N, 620, 11.368, 125.524, 0.000
N, 621, 10.658, 126.754, 0.000
N, 622, 12.789, 127.985, 0.000
N, 623, 11.368, 127.985, 0.000
N, 624, 13.500, 129.215, 0.000
N, 625, 12.789, 130.446, 0.000
N, 626, 14.921, 131.677, 0.000
N, 627, 13.500, 131.677, 0.000
N, 628, 15.631, 132.907, 0.000
N, 629, 14.921, 134.138, 0.000
N, 630, 17.052, 135.368, 0.000
N, 631, 15.631, 135.368, 0.000
N, 632, 17.763, 136.599, 0.000
N, 633, 17.052, 137.830, 0.000
N, 634, 19.184, 139.060, 0.000
N, 635, 17.763, 139.060, 0.000
N, 636, 19.894, 140.291, 0.000
N, 637, 19.184, 141.522, 0.000
N, 638, 21.315, 142.752, 0.000
N, 639, 19.894, 142.752, 0.000
N, 640, 0.000, 100.911, 0.000
N, 641, 0.711, 102.142, 0.000
N, 642, 0.000, 103.372, 0.000
N, 643, 2.132, 104.603, 0.000
N, 644, 0.711, 104.603, 0.000
N, 645, 2.842, 105.834, 0.000
N, 646, 2.132, 107.064, 0.000
N, 647, 4.263, 108.295, 0.000
N, 648, 2.842, 108.295, 0.000
N, 649, 4.974, 109.525, 0.000
N, 650, 4.263, 110.756, 0.000
N, 651, 6.395, 111.987, 0.000
N, 652, 4.974, 111.987, 0.000
N, 653, 7.105, 113.217, 0.000
N, 654, 6.395, 114.448, 0.000
N, 655, 8.526, 115.679, 0.000
N, 656, 7.105, 115.679, 0.000
N, 657, 9.236, 116.909, 0.000
N, 658, 8.526, 118.140, 0.000
N, 659, 10.658, 119.370, 0.000
N, 660, 9.237, 119.370, 0.000
N, 661, 11.368, 120.601, 0.000
N, 662, 10.658, 121.832, 0.000
N, 663, 12.789, 123.062, 0.000
N, 664, 11.368, 123.062, 0.000
N, 665, 13.500, 124.293, 0.000
N, 666, 12.789, 125.524, 0.000
N, 667, 14.921, 126.754, 0.000
N, 668, 13.500, 126.754, 0.000
N, 669, 15.631, 127.985, 0.000
N, 670, 14.921, 129.215, 0.000
N, 671, 17.052, 130.446, 0.000
N, 672, 15.631, 130.446, 0.000
N, 673, 17.763, 131.677, 0.000
N, 674, 17.052, 132.907, 0.000
N, 675, 19.184, 134.138, 0.000
N, 676, 17.763, 134.138, 0.000
N, 677, 19.894, 135.368, 0.000
N, 678, 19.184, 136.599, 0.000
N, 679, 19.894, 137.830, 0.000
N, 680, 0.000, 95.989, 0.000
N, 681, 0.711, 97.219, 0.000
N, 682, 0.000, 98.450, 0.000
N, 683, 2.132, 99.680, 0.000
N, 684, 0.711, 99.680, 0.000
N, 685, 2.842, 100.911, 0.000
N, 686, 2.132, 102.142, 0.000
N, 687, 4.263, 103.372, 0.000
N, 688, 2.842, 103.372, 0.000
N, 689, 4.974, 104.603, 0.000
N, 690, 4.263, 105.834, 0.000
N, 691, 6.395, 107.064, 0.000
N, 692, 4.974, 107.064, 0.000
N, 693, 7.105, 108.295, 0.000
N, 694, 6.395, 109.525, 0.000
N, 695, 8.526, 110.756, 0.000
N, 696, 7.105, 110.756, 0.000
N, 697, 9.237, 111.987, 0.000
N, 698, 8.526, 113.217, 0.000
N, 699, 10.658, 114.448, 0.000
N, 700, 9.237, 114.448, 0.000
N, 701, 11.368, 115.679, 0.000
N, 702, 10.658, 116.909, 0.000
N, 703, 12.789, 118.140, 0.000
N, 704, 11.368, 118.140, 0.000
N, 705, 13.500, 119.370, 0.000
N, 706, 12.789, 120.601, 0.000
N, 707, 14.921, 121.832, 0.000
N, 708, 13.500, 121.832, 0.000
N, 709, 15.631, 123.062, 0.000
N, 710, 14.921, 124.293, 0.000
N, 711, 17.052, 125.524, 0.000
N, 712, 15.631, 125.523, 0.000
N, 713, 17.763, 126.754, 0.000
N, 714, 17.052, 127.985, 0.000
N, 715, 19.184, 129.215, 0.000
N, 716, 17.763, 129.215, 0.000
N, 717, 19.894, 130.446, 0.000
N, 718, 19.184, 131.677, 0.000
N, 719, 19.894, 132.907, 0.000
N, 720, 0.000, 91.066, 0.000
N, 721, 0.710, 92.297, 0.000
N, 722, 0.000, 93.527, 0.000
N, 723, 2.132, 94.758, 0.000
N, 724, 0.710, 94.758, 0.000
N, 725, 2.842, 95.989, 0.000
N, 726, 2.132, 97.219, 0.000
N, 727, 4.263, 98.450, 0.000
N, 728, 2.842, 98.450, 0.000
N, 729, 4.973, 99.680, 0.000
N, 730, 4.263, 100.911, 0.000
N, 731, 6.395, 102.142, 0.000
N, 732, 4.973, 102.142, 0.000
N, 733, 7.105, 103.372, 0.000
N, 734, 6.395, 104.603, 0.000
N, 735, 8.526, 105.834, 0.000
N, 736, 7.105, 105.834, 0.000
N, 737, 9.236, 107.064, 0.000
N, 738, 8.526, 108.295, 0.000
N, 739, 10.658, 109.525, 0.000
N, 740, 9.237, 109.525, 0.000
N, 741, 11.368, 110.756, 0.000
N, 742, 10.658, 111.987, 0.000
N, 743, 12.789, 113.217, 0.000
N, 744, 11.368, 113.217, 0.000
N, 745, 13.500, 114.448, 0.000
N, 746, 12.789, 115.679, 0.000
N, 747, 14.921, 116.909, 0.000
N, 748, 13.500, 116.909, 0.000
N, 749, 15.631, 118.140, 0.000
N, 750, 14.921, 119.370, 0.000
N, 751, 17.052, 120.601, 0.000
N, 752, 15.631, 120.601, 0.000
N, 753, 17.763, 121.832, 0.000
N, 754, 17.052, 123.062, 0.000
N, 755, 19.184, 124.293, 0.000
N, 756, 17.763, 124.293, 0.000
N, 757, 19.894, 125.524, 0.000
N, 758, 19.184, 126.754, 0.000
N, 759, 21.315, 127.985, 0.000
N, 760, 19.894, 127.985, 0.000
N, 761, 21.315, 130.446, 0.000
N, 762, 0.000, 86.144, 0.000
N, 763, 0.710, 87.374, 0.000
N, 764, 0.000, 88.605, 0.000
N, 765, 2.132, 89.835, 0.000
N, 766, 0.711, 89.835, 0.000
N, 767, 2.842, 91.066, 0.000
N, 768, 2.132, 92.297, 0.000
N, 769, 4.263, 93.527, 0.000
N, 770, 2.842, 93.527, 0.000
N, 771, 4.974, 94.758, 0.000
N, 772, 4.263, 95.989, 0.000
N, 773, 6.395, 97.219, 0.000
N, 774, 4.974, 97.219, 0.000
N, 775, 7.105, 98.450, 0.000
N, 776, 6.395, 99.680, 0.000
N, 777, 8.526, 100.911, 0.000
N, 778, 7.105, 100.911, 0.000
N, 779, 9.237, 102.142, 0.000
N, 780, 8.526, 103.372, 0.000
N, 781, 10.658, 104.603, 0.000
N, 782, 9.237, 104.603, 0.000
N, 783, 11.368, 105.834, 0.000
N, 784, 10.658, 107.064, 0.000
N, 785, 12.789, 108.295, 0.000
N, 786, 11.368, 108.295, 0.000
N, 787, 13.500, 109.525, 0.000
N, 788, 12.789, 110.756, 0.000
N, 789, 14.921, 111.987, 0.000
N, 790, 13.500, 111.987, 0.000
N, 791, 15.631, 113.217, 0.000
N, 792, 14.921, 114.448, 0.000
N, 793, 17.052, 115.679, 0.000
N, 794, 15.631, 115.679, 0.000
N, 795, 17.763, 116.909, 0.000
N, 796, 17.052, 118.140, 0.000
N, 797, 19.184, 119.370, 0.000
N, 798, 17.763, 119.370, 0.000
N, 799, 19.894, 120.601, 0.000
N, 800, 19.184, 121.832, 0.000
N, 801, 19.894, 123.062, 0.000
N, 802, 0.000, 81.221, 0.000
N, 803, 0.711, 82.452, 0.000
N, 804, 0.000, 83.682, 0.000
N, 805, 2.132, 84.913, 0.000
N, 806, 0.711, 84.913, 0.000
N, 807, 2.842, 86.144, 0.000
N, 808, 2.132, 87.374, 0.000
N, 809, 4.263, 88.605, 0.000
N, 810, 2.842, 88.605, 0.000
N, 811, 4.974, 89.835, 0.000
N, 812, 4.263, 91.066, 0.000
N, 813, 6.395, 92.297, 0.000
N, 814, 4.974, 92.297, 0.000
N, 815, 7.105, 93.527, 0.000
N, 816, 6.395, 94.758, 0.000
N, 817, 8.526, 95.989, 0.000
N, 818, 7.105, 95.989, 0.000
N, 819, 9.237, 97.219, 0.000
N, 820, 8.526, 98.450, 0.000
N, 821, 10.658, 99.680, 0.000
N, 822, 9.237, 99.680, 0.000
N, 823, 11.368, 100.911, 0.000
N, 824, 10.658, 102.142, 0.000
N, 825, 12.789, 103.372, 0.000
N, 826, 11.368, 103.372, 0.000
N, 827, 13.500, 104.603, 0.000
N, 828, 12.789, 105.834, 0.000
N, 829, 14.921, 107.064, 0.000
N, 830, 13.500, 107.064, 0.000
N, 831, 15.631, 108.295, 0.000
N, 832, 14.921, 109.525, 0.000
N, 833, 17.052, 110.756, 0.000
N, 834, 15.631, 110.756, 0.000
N, 835, 17.763, 111.987, 0.000
N, 836, 17.052, 113.217, 0.000
N, 837, 19.184, 114.448, 0.000
N, 838, 17.763, 114.448, 0.000
N, 839, 19.894, 115.679, 0.000
N, 840, 19.184, 116.909, 0.000
N, 841, 19.894, 118.140, 0.000
N, 842, 0.000, 76.299, 0.000
N, 843, 0.711, 77.529, 0.000
N, 844, 0.000, 78.760, 0.000
N, 845, 2.132, 79.990, 0.000
N, 846, 0.711, 79.990, 0.000
N, 847, 2.842, 81.221, 0.000
N, 848, 2.132, 82.452, 0.000
N, 849, 4.263, 83.682, 0.000
N, 850, 2.842, 83.682, 0.000
N, 851, 4.974, 84.913, 0.000
N, 852, 4.263, 86.144, 0.000
N, 853, 6.395, 87.374, 0.000
N, 854, 4.974, 87.374, 0.000
N, 855, 7.105, 88.605, 0.000
N, 856, 6.395, 89.835, 0.000
N, 857, 8.526, 91.066, 0.000
N, 858, 7.105, 91.066, 0.000
N, 859, 9.237, 92.297, 0.000
N, 860, 8.526, 93.527, 0.000
N, 861, 10.658, 94.758, 0.000
N, 862, 9.237, 94.758, 0.000
N, 863, 11.368, 95.989, 0.000
N, 864, 10.658, 97.219, 0.000
N, 865, 12.789, 98.450, 0.000
N, 866, 11.368, 98.450, 0.000
N, 867, 13.500, 99.680, 0.000
N, 868, 12.789, 100.911, 0.000
N, 869, 14.921, 102.142, 0.000
N, 870, 13.500, 102.142, 0.000
N, 871, 15.631, 103.372, 0.000
N, 872, 14.921, 104.603, 0.000
N, 873, 17.052, 105.834, 0.000
N, 874, 15.631, 105.834, 0.000
N, 875, 17.763, 107.064, 0.000
N, 876, 17.052, 108.295, 0.000
N, 877, 19.184, 109.525, 0.000
N, 878, 17.763, 109.525, 0.000
N, 879, 19.894, 110.756, 0.000
N, 880, 19.184, 111.987, 0.000
N, 881, 19.894, 113.217, 0.000
N, 882, 0.000, 71.376, 0.000
N, 883, 0.711, 72.607, 0.000
N, 884, 0.000, 73.837, 0.000
N, 885, 2.132, 75.068, 0.000
N, 886, 0.710, 75.068, 0.000
N, 887, 2.842, 76.299, 0.000
N, 888, 2.132, 77.529, 0.000
N, 889, 4.263, 78.760, 0.000
N, 890, 2.842, 78.760, 0.000
N, 891, 4.973, 79.990, 0.000
N, 892, 4.263, 81.221, 0.000
N, 893, 6.395, 82.452, 0.000
N, 894, 4.974, 82.452, 0.000
N, 895, 7.105, 83.682, 0.000
N, 896, 6.395, 84.913, 0.000
N, 897, 8.526, 86.144, 0.000
N, 898, 7.105, 86.144, 0.000
N, 899, 9.237, 87.374, 0.000
N, 900, 8.526, 88.605, 0.000
N, 901, 10.658, 89.835, 0.000
N, 902, 9.237, 89.835, 0.000
N, 903, 11.368, 91.066, 0.000
N, 904, 10.658, 92.297, 0.000
N, 905, 12.789, 93.527, 0.000
N, 906, 11.368, 93.527, 0.000
N, 907, 13.500, 94.758, 0.000
N, 908, 12.789, 95.989, 0.000
N, 909, 14.921, 97.219, 0.000
N, 910, 13.500, 97.219, 0.000
N, 911, 15.631, 98.450, 0.000
N, 912, 14.921, 99.680, 0.000
N, 913, 17.052, 100.911, 0.000
N, 914, 15.631, 100.911, 0.000
N, 915, 17.763, 102.142, 0.000
N, 916, 17.052, 103.372, 0.000
N, 917, 19.184, 104.603, 0.000
N, 918, 17.763, 104.603, 0.000
N, 919, 19.894, 105.834, 0.000
N, 920, 19.184, 107.064, 0.000
N, 921, 21.315, 108.295, 0.000
N, 922, 19.894, 108.295, 0.000
N, 923, 21.315, 110.756, 0.000
N, 924, 0.000, 66.454, 0.000
N, 925, 0.711, 67.684, 0.000
N, 926, 0.000, 68.915, 0.000
N, 927, 2.132, 70.145, 0.000
N, 928, 0.711, 70.145, 0.000
N, 929, 2.842, 71.376, 0.000
N, 930, 2.132, 72.607, 0.000
N, 931, 4.263, 73.837, 0.000
N, 932, 2.842, 73.837, 0.000
N, 933, 4.974, 75.068, 0.000
N, 934, 4.263, 76.299, 0.000
N, 935, 6.395, 77.529, 0.000
N, 936, 4.974, 77.529, 0.000
N, 937, 7.105, 78.760, 0.000
N, 938, 6.395, 79.990, 0.000
N, 939, 8.526, 81.221, 0.000
N, 940, 7.105, 81.221, 0.000
N, 941, 9.237, 82.452, 0.000
N, 942, 8.526, 83.682, 0.000
N, 943, 10.658, 84.913, 0.000
N, 944, 9.237, 84.913, 0.000
N, 945, 11.368, 86.144, 0.000
N, 946, 10.658, 87.374, 0.000
N, 947, 12.789, 88.605, 0.000
N, 948, 11.368, 88.605, 0.000
N, 949, 13.500, 89.835, 0.000
N, 950, 12.789, 91.066, 0.000
N, 951, 14.921, 92.297, 0.000
N, 952, 13.500, 92.297, 0.000
N, 953, 15.631, 93.527, 0.000
N, 954, 14.921, 94.758, 0.000
N, 955, 17.052, 95.989, 0.000
N, 956, 15.631, 95.989, 0.000
N, 957, 17.763, 97.219, 0.000
N, 958, 17.052, 98.450, 0.000
N, 959, 19.184, 99.680, 0.000
N, 960, 17.763, 99.680, 0.000
N, 961, 19.894, 100.911, 0.000
N, 962, 19.184, 102.142, 0.000
N, 963, 19.894, 103.372, 0.000
N, 964, 0.000, 61.531, 0.000
N, 965, 0.710, 62.762, 0.000
N, 966, 0.000, 63.992, 0.000
N, 967, 2.131, 65.223, 0.000
N, 968, 0.710, 65.223, 0.000
N, 969, 2.842, 66.454, 0.000
N, 970, 2.131, 67.684, 0.000
N, 971, 4.263, 68.915, 0.000
N, 972, 2.842, 68.915, 0.000
N, 973, 4.973, 70.145, 0.000
N, 974, 4.263, 71.376, 0.000
N, 975, 6.394, 72.607, 0.000
N, 976, 4.973, 72.607, 0.000
N, 977, 7.105, 73.837, 0.000
N, 978, 6.395, 75.068, 0.000
N, 979, 8.526, 76.299, 0.000
N, 980, 7.105, 76.299, 0.000
N, 981, 9.236, 77.529, 0.000
N, 982, 8.526, 78.760, 0.000
N, 983, 10.658, 79.990, 0.000
N, 984, 9.236, 79.990, 0.000
N, 985, 11.368, 81.221, 0.000
N, 986, 10.658, 82.452, 0.000
N, 987, 12.789, 83.682, 0.000
N, 988, 11.368, 83.682, 0.000
N, 989, 13.500, 84.913, 0.000
N, 990, 12.789, 86.144, 0.000
N, 991, 14.921, 87.374, 0.000
N, 992, 13.500, 87.374, 0.000
N, 993, 15.631, 88.605, 0.000
N, 994, 14.921, 89.835, 0.000
N, 995, 17.052, 91.066, 0.000
N, 996, 15.631, 91.066, 0.000
N, 997, 17.763, 92.297, 0.000
N, 998, 17.052, 93.527, 0.000
N, 999, 19.184, 94.758, 0.000
N, 1000, 17.763, 94.758, 0.000
N, 1001, 19.894, 95.989, 0.000
N, 1002, 19.184, 97.219, 0.000
N, 1003, 19.894, 98.450, 0.000
N, 1004, 0.000, 56.609, 0.000
N, 1005, 0.711, 57.839, 0.000
N, 1006, 0.000, 59.070, 0.000
N, 1007, 2.132, 60.300, 0.000
N, 1008, 0.711, 60.300, 0.000
N, 1009, 2.842, 61.531, 0.000
N, 1010, 2.132, 62.762, 0.000
N, 1011, 4.263, 63.992, 0.000
N, 1012, 2.842, 63.992, 0.000
N, 1013, 4.974, 65.223, 0.000
N, 1014, 4.263, 66.454, 0.000
N, 1015, 6.395, 67.684, 0.000
N, 1016, 4.974, 67.684, 0.000
N, 1017, 7.105, 68.915, 0.000
N, 1018, 6.395, 70.145, 0.000
N, 1019, 8.526, 71.376, 0.000
N, 1020, 7.105, 71.376, 0.000
N, 1021, 9.237, 72.607, 0.000
N, 1022, 8.526, 73.837, 0.000
N, 1023, 10.658, 75.068, 0.000
N, 1024, 9.237, 75.068, 0.000
N, 1025, 11.368, 76.299, 0.000
N, 1026, 10.658, 77.529, 0.000
N, 1027, 12.789, 78.760, 0.000
N, 1028, 11.368, 78.760, 0.000
N, 1029, 13.500, 79.990, 0.000
N, 1030, 12.789, 81.221, 0.000
N, 1031, 14.921, 82.452, 0.000
N, 1032, 13.500, 82.452, 0.000
N, 1033, 15.631, 83.682, 0.000
N, 1034, 14.921, 84.913, 0.000
N, 1035, 17.052, 86.144, 0.000
N, 1036, 15.631, 86.144, 0.000
N, 1037, 17.763, 87.374, 0.000
N, 1038, 17.052, 88.605, 0.000
N, 1039, 19.184, 89.835, 0.000
N, 1040, 17.763, 89.835, 0.000
N, 1041, 19.894, 91.066, 0.000
N, 1042, 19.184, 92.297, 0.000
N, 1043, 19.894, 93.527, 0.000
N, 1044, 0.000, 51.686, 0.000
N, 1045, 0.711, 52.917, 0.000
N, 1046, 0.000, 54.147, 0.000
N, 1047, 2.132, 55.378, 0.000
N, 1048, 0.711, 55.378, 0.000
N, 1049, 2.842, 56.609, 0.000
N, 1050, 2.131, 57.839, 0.000
N, 1051, 4.263, 59.070, 0.000
N, 1052, 2.842, 59.070, 0.000
N, 1053, 4.973, 60.300, 0.000
N, 1054, 4.263, 61.531, 0.000
N, 1055, 6.394, 62.762, 0.000
N, 1056, 4.974, 62.762, 0.000
N, 1057, 7.105, 63.992, 0.000
N, 1058, 6.395, 65.223, 0.000
N, 1059, 8.526, 66.454, 0.000
N, 1060, 7.105, 66.454, 0.000
N, 1061, 9.237, 67.684, 0.000
N, 1062, 8.526, 68.915, 0.000
N, 1063, 10.658, 70.145, 0.000
N, 1064, 9.236, 70.145, 0.000
N, 1065, 11.368, 71.376, 0.000
N, 1066, 10.658, 72.607, 0.000
N, 1067, 12.789, 73.837, 0.000
N, 1068, 11.368, 73.837, 0.000
N, 1069, 13.500, 75.068, 0.000
N, 1070, 12.789, 76.299, 0.000
N, 1071, 14.921, 77.529, 0.000
N, 1072, 13.500, 77.529, 0.000
N, 1073, 15.631, 78.760, 0.000
N, 1074, 14.921, 79.990, 0.000
N, 1075, 17.052, 81.221, 0.000
N, 1076, 15.631, 81.221, 0.000
N, 1077, 17.763, 82.452, 0.000
N, 1078, 17.052, 83.682, 0.000
N, 1079, 19.184, 84.913, 0.000
N, 1080, 17.763, 84.913, 0.000
N, 1081, 19.894, 86.144, 0.000
N, 1082, 19.184, 87.374, 0.000
N, 1083, 19.894, 88.605, 0.000
N, 1084, 0.000, 46.764, 0.000
N, 1085, 0.711, 47.994, 0.000
N, 1086, 0.000, 49.225, 0.000
N, 1087, 2.132, 50.456, 0.000
N, 1088, 0.711, 50.456, 0.000
N, 1089, 2.842, 51.686, 0.000
N, 1090, 2.132, 52.917, 0.000
N, 1091, 4.263, 54.147, 0.000
N, 1092, 2.842, 54.147, 0.000
N, 1093, 4.974, 55.378, 0.000
N, 1094, 4.263, 56.609, 0.000
N, 1095, 6.395, 57.839, 0.000
N, 1096, 4.974, 57.839, 0.000
N, 1097, 7.105, 59.070, 0.000
N, 1098, 6.395, 60.300, 0.000
N, 1099, 8.526, 61.531, 0.000
N, 1100, 7.105, 61.531, 0.000
N, 1101, 9.237, 62.762, 0.000
N, 1102, 8.526, 63.992, 0.000
N, 1103, 10.658, 65.223, 0.000
N, 1104, 9.237, 65.223, 0.000
N, 1105, 11.368, 66.454, 0.000
N, 1106, 10.658, 67.684, 0.000
N, 1107, 12.789, 68.915, 0.000
N, 1108, 11.368, 68.915, 0.000
N, 1109, 13.500, 70.145, 0.000
N, 1110, 12.789, 71.376, 0.000
N, 1111, 14.921, 72.607, 0.000
N, 1112, 13.500, 72.607, 0.000
N, 1113, 15.631, 73.837, 0.000
N, 1114, 14.921, 75.068, 0.000
N, 1115, 17.052, 76.299, 0.000
N, 1116, 15.631, 76.299, 0.000
N, 1117, 17.763, 77.529, 0.000
N, 1118, 17.052, 78.760, 0.000
N, 1119, 19.184, 79.990, 0.000
N, 1120, 17.763, 79.990, 0.000
N, 1121, 19.894, 81.221, 0.000
N, 1122, 19.184, 82.452, 0.000
N, 1123, 19.894, 83.682, 0.000
N, 1124, 0.000, 41.841, 0.000
N, 1125, 0.711, 43.072, 0.000
N, 1126, 0.000, 44.302, 0.000
N, 1127, 2.132, 45.533, 0.000
N, 1128, 0.711, 45.533, 0.000
N, 1129, 2.842, 46.764, 0.000
N, 1130, 2.132, 47.994, 0.000
N, 1131, 4.263, 49.225, 0.000
N, 1132, 2.842, 49.225, 0.000
N, 1133, 4.974, 50.456, 0.000
N, 1134, 4.263, 51.686, 0.000
N, 1135, 6.395, 52.917, 0.000
N, 1136, 4.974, 52.917, 0.000
N, 1137, 7.105, 54.147, 0.000
N, 1138, 6.395, 55.378, 0.000
N, 1139, 8.526, 56.609, 0.000
N, 1140, 7.105, 56.609, 0.000
N, 1141, 9.237, 57.839, 0.000
N, 1142, 8.526, 59.070, 0.000
N, 1143, 10.658, 60.300, 0.000
N, 1144, 9.237, 60.300, 0.000
N, 1145, 11.368, 61.531, 0.000
N, 1146, 10.658, 62.762, 0.000
N, 1147, 12.789, 63.992, 0.000
N, 1148, 11.368, 63.992, 0.000
N, 1149, 13.500, 65.223, 0.000
N, 1150, 12.789, 66.454, 0.000
N, 1151, 14.921, 67.684, 0.000
N, 1152, 13.500, 67.684, 0.000
N, 1153, 15.631, 68.915, 0.000
N, 1154, 14.921, 70.145, 0.000
N, 1155, 17.052, 71.376, 0.000
N, 1156, 15.631, 71.376, 0.000
N, 1157, 17.763, 72.607, 0.000
N, 1158, 17.052, 73.837, 0.000
N, 1159, 19.184, 75.068, 0.000
N, 1160, 17.763, 75.068, 0.000
N, 1161, 19.894, 76.299, 0.000
N, 1162, 19.184, 77.529, 0.000
N, 1163, 19.894, 78.760, 0.000
N, 1164, 0.000, 36.919, 0.000
N, 1165, 0.711, 38.149, 0.000
N, 1166, 0.000, 39.380, 0.000
N, 1167, 2.132, 40.611, 0.000
N, 1168, 0.711, 40.611, 0.000
N, 1169, 2.842, 41.841, 0.000
N, 1170, 2.132, 43.072, 0.000
N, 1171, 4.263, 44.302, 0.000
N, 1172, 2.842, 44.302, 0.000
N, 1173, 4.974, 45.533, 0.000
N, 1174, 4.263, 46.764, 0.000
N, 1175, 6.395, 47.994, 0.000
N, 1176, 4.974, 47.994, 0.000
N, 1177, 7.105, 49.225, 0.000
N, 1178, 6.395, 50.456, 0.000
N, 1179, 8.526, 51.686, 0.000
N, 1180, 7.105, 51.686, 0.000
N, 1181, 9.237, 52.917, 0.000
N, 1182, 8.526, 54.147, 0.000
N, 1183, 10.658, 55.378, 0.000
N, 1184, 9.237, 55.378, 0.000
N, 1185, 11.368, 56.609, 0.000
N, 1186, 10.658, 57.839, 0.000
N, 1187, 12.789, 59.070, 0.000
N, 1188, 11.368, 59.070, 0.000
N, 1189, 13.500, 60.300, 0.000
N, 1190, 12.789, 61.531, 0.000
N, 1191, 14.921, 62.762, 0.000
N, 1192, 13.500, 62.762, 0.000
N, 1193, 15.631, 63.992, 0.000
N, 1194, 14.921, 65.223, 0.000
N, 1195, 17.052, 66.454, 0.000
N, 1196, 15.631, 66.454, 0.000
N, 1197, 17.763, 67.684, 0.000
N, 1198, 17.052, 68.915, 0.000
N, 1199, 19.184, 70.145, 0.000
N, 1200, 17.763, 70.145, 0.000
N, 1201, 19.894, 71.376, 0.000
N, 1202, 19.184, 72.607, 0.000
N, 1203, 19.894, 73.837, 0.000
N, 1204, 0.000, 31.996, 0.000
N, 1205, 0.711, 33.227, 0.000
N, 1206, 0.000, 34.457, 0.000
N, 1207, 2.132, 35.688, 0.000
N, 1208, 0.711, 35.688, 0.000
N, 1209, 2.842, 36.919, 0.000
N, 1210, 2.132, 38.149, 0.000
N, 1211, 4.263, 39.380, 0.000
N, 1212, 2.842, 39.380, 0.000
N, 1213, 4.974, 40.611, 0.000
N, 1214, 4.263, 41.841, 0.000
N, 1215, 6.395, 43.072, 0.000
N, 1216, 4.974, 43.072, 0.000
N, 1217, 7.105, 44.302, 0.000
N, 1218, 6.395, 45.533, 0.000
N, 1219, 8.526, 46.764, 0.000
N, 1220, 7.105, 46.764, 0.000
N, 1221, 9.237, 47.994, 0.000
N, 1222, 8.526, 49.225, 0.000
N, 1223, 10.658, 50.456, 0.000
N, 1224, 9.237, 50.456, 0.000
N, 1225, 11.368, 51.686, 0.000
N, 1226, 10.658, 52.917, 0.000
N, 1227, 12.789, 54.147, 0.000
N, 1228, 11.368, 54.147, 0.000
N, 1229, 13.500, 55.378, 0.000
N, 1230, 12.789, 56.609, 0.000
N, 1231, 14.921, 57.839, 0.000
N, 1232, 13.500, 57.839, 0.000
N, 1233, 15.631, 59.070, 0.000
N, 1234, 14.921, 60.300, 0.000
N, 1235, 17.052, 61.531, 0.000
N, 1236, 15.631, 61.531, 0.000
N, 1237, 17.763, 62.762, 0.000
N, 1238, 17.052, 63.992, 0.000
N, 1239, 19.184, 65.223, 0.000
N, 1240, 17.763, 65.223, 0.000
N, 1241, 19.894, 66.454, 0.000
N, 1242, 19.184, 67.684, 0.000
N, 1243, 19.894, 68.915, 0.000
N, 1244, 0.000, 27.074, 0.000
N, 1245, 0.711, 28.304, 0.000
N, 1246, 0.000, 29.535, 0.000
N, 1247, 2.132, 30.766, 0.000
N, 1248, 0.711, 30.766, 0.000
N, 1249, 2.842, 31.996, 0.000
N, 1250, 2.132, 33.227, 0.000
N, 1251, 4.263, 34.457, 0.000
N, 1252, 2.842, 34.457, 0.000
N, 1253, 4.974, 35.688, 0.000
N, 1254, 4.263, 36.919, 0.000
N, 1255, 6.395, 38.149, 0.000
N, 1256, 4.974, 38.149, 0.000
N, 1257, 7.105, 39.380, 0.000
N, 1258, 6.395, 40.611, 0.000
N, 1259, 8.526, 41.841, 0.000
N, 1260, 7.105, 41.841, 0.000
N, 1261, 9.237, 43.072, 0.000
N, 1262, 8.526, 44.302, 0.000
N, 1263, 10.658, 45.533, 0.000
N, 1264, 9.237, 45.533, 0.000
N, 1265, 11.368, 46.764, 0.000
N, 1266, 10.658, 47.994, 0.000
N, 1267, 12.789, 49.225, 0.000
N, 1268, 11.368, 49.225, 0.000
N, 1269, 13.500, 50.456, 0.000
N, 1270, 12.789, 51.686, 0.000
N, 1271, 14.921, 52.917, 0.000
N, 1272, 13.500, 52.917, 0.000
N, 1273, 15.631, 54.147, 0.000
N, 1274, 14.921, 55.378, 0.000
N, 1275, 17.052, 56.609, 0.000
N, 1276, 15.631, 56.609, 0.000
N, 1277, 17.763, 57.839, 0.000
N, 1278, 17.052, 59.070, 0.000
N, 1279, 19.184, 60.300, 0.000
N, 1280, 17.763, 60.300, 0.000
N, 1281, 19.894, 61.531, 0.000
N, 1282, 19.184, 62.762, 0.000
N, 1283, 19.894, 63.992, 0.000
N, 1284, 0.000, 22.151, 0.000
N, 1285, 0.711, 23.382, 0.000
N, 1286, 0.000, 24.612, 0.000
N, 1287, 2.132, 25.843, 0.000
N, 1288, 0.711, 25.843, 0.000
N, 1289, 2.842, 27.074, 0.000
N, 1290, 2.132, 28.304, 0.000
N, 1291, 4.263, 29.535, 0.000
N, 1292, 2.842, 29.535, 0.000
N, 1293, 4.974, 30.766, 0.000
N, 1294, 4.263, 31.996, 0.000
N, 1295, 6.395, 33.227, 0.000
N, 1296, 4.974, 33.227, 0.000
N, 1297, 7.105, 34.457, 0.000
N, 1298, 6.395, 35.688, 0.000
N, 1299, 8.526, 36.919, 0.000
N, 1300, 7.105, 36.919, 0.000
N, 1301, 9.237, 38.149, 0.000
N, 1302, 8.526, 39.380, 0.000
N, 1303, 10.658, 40.611, 0.000
N, 1304, 9.237, 40.611, 0.000
N, 1305, 11.368, 41.841, 0.000
N, 1306, 10.658, 43.072, 0.000
N, 1307, 12.789, 44.302, 0.000
N, 1308, 11.368, 44.302, 0.000
N, 1309, 13.500, 45.533, 0.000
N, 1310, 12.789, 46.764, 0.000
N, 1311, 14.921, 47.994, 0.000
N, 1312, 13.500, 47.994, 0.000
N, 1313, 15.631, 49.225, 0.000
N, 1314, 14.921, 50.456, 0.000
N, 1315, 17.052, 51.686, 0.000
N, 1316, 15.631, 51.686, 0.000
N, 1317, 17.763, 52.917, 0.000
N, 1318, 17.052, 54.147, 0.000
N, 1319, 19.184, 55.378, 0.000
N, 1320, 17.763, 55.378, 0.000
N, 1321, 19.894, 56.609, 0.000
N, 1322, 19.184, 57.839, 0.000
N, 1323, 19.894, 59.070, 0.000
N, 1324, 0.000, 17.229, 0.000
N, 1325, 0.711, 18.459, 0.000
N, 1326, 0.000, 19.690, 0.000
N, 1327, 2.132, 20.921, 0.000
N, 1328, 0.711, 20.921, 0.000
N, 1329, 2.842, 22.151, 0.000
N, 1330, 2.132, 23.382, 0.000
N, 1331, 4.263, 24.612, 0.000
N, 1332, 2.842, 24.612, 0.000
N, 1333, 4.974, 25.843, 0.000
N, 1334, 4.263, 27.074, 0.000
N, 1335, 6.395, 28.304, 0.000
N, 1336, 4.974, 28.304, 0.000
N, 1337, 7.105, 29.535, 0.000
N, 1338, 6.395, 30.766, 0.000
N, 1339, 8.526, 31.996, 0.000
N, 1340, 7.105, 31.996, 0.000
N, 1341, 9.237, 33.227, 0.000
N, 1342, 8.526, 34.457, 0.000
N, 1343, 10.658, 35.688, 0.000
N, 1344, 9.237, 35.688, 0.000
N, 1345, 11.368, 36.919, 0.000
N, 1346, 10.658, 38.149, 0.000
N, 1347, 12.789, 39.380, 0.000
N, 1348, 11.368, 39.380, 0.000
N, 1349, 13.500, 40.611, 0.000
N, 1350, 12.789, 41.841, 0.000
N, 1351, 14.921, 43.072, 0.000
N, 1352, 13.500, 43.072, 0.000
N, 1353, 15.631, 44.302, 0.000
N, 1354, 14.921, 45.533, 0.000
N, 1355, 17.052, 46.764, 0.000
N, 1356, 15.631, 46.764, 0.000
N, 1357, 17.763, 47.994, 0.000
N, 1358, 17.052, 49.225, 0.000
N, 1359, 19.184, 50.456, 0.000
N, 1360, 17.763, 50.456, 0.000
N, 1361, 19.894, 51.686, 0.000
N, 1362, 19.184, 52.917, 0.000
N, 1363, 19.894, 54.147, 0.000
N, 1364, 0.000, 12.306, 0.000
N, 1365, 0.711, 13.537, 0.000
N, 1366, 0.000, 14.767, 0.000
N, 1367, 2.132, 15.998, 0.000
N, 1368, 0.710, 15.998, 0.000
N, 1369, 2.842, 17.229, 0.000
N, 1370, 2.132, 18.459, 0.000
N, 1371, 4.263, 19.690, 0.000
N, 1372, 2.842, 19.690, 0.000
N, 1373, 4.974, 20.921, 0.000
N, 1374, 4.263, 22.151, 0.000
N, 1375, 6.395, 23.382, 0.000
N, 1376, 4.974, 23.382, 0.000
N, 1377, 7.105, 24.612, 0.000
N, 1378, 6.395, 25.843, 0.000
N, 1379, 8.526, 27.074, 0.000
N, 1380, 7.105, 27.074, 0.000
N, 1381, 9.237, 28.304, 0.000
N, 1382, 8.526, 29.535, 0.000
N, 1383, 10.658, 30.766, 0.000
N, 1384, 9.237, 30.766, 0.000
N, 1385, 11.368, 31.996, 0.000
N, 1386, 10.658, 33.227, 0.000
N, 1387, 12.789, 34.457, 0.000
N, 1388, 11.368, 34.457, 0.000
N, 1389, 13.500, 35.688, 0.000
N, 1390, 12.789, 36.919, 0.000
N, 1391, 14.921, 38.149, 0.000
N, 1392, 13.500, 38.149, 0.000
N, 1393, 15.631, 39.380, 0.000
N, 1394, 14.921, 40.611, 0.000
N, 1395, 17.052, 41.841, 0.000
N, 1396, 15.631, 41.841, 0.000
N, 1397, 17.763, 43.072, 0.000
N, 1398, 17.052, 44.302, 0.000
N, 1399, 19.184, 45.533, 0.000
N, 1400, 17.763, 45.533, 0.000
N, 1401, 19.894, 46.764, 0.000
N, 1402, 19.184, 47.994, 0.000
N, 1403, 21.315, 49.225, 0.000
N, 1404, 19.894, 49.225, 0.000
N, 1405, 0.000, 7.384, 0.000
N, 1406, 0.711, 8.614, 0.000
N, 1407, 0.000, 9.845, 0.000
N, 1408, 2.132, 11.076, 0.000
N, 1409, 0.711, 11.076, 0.000
N, 1410, 2.842, 12.306, 0.000
N, 1411, 2.132, 13.537, 0.000
N, 1412, 4.263, 14.767, 0.000
N, 1413, 2.842, 14.767, 0.000
N, 1414, 4.974, 15.998, 0.000
N, 1415, 4.263, 17.229, 0.000
N, 1416, 6.395, 18.459, 0.000
N, 1417, 4.974, 18.459, 0.000
N, 1418, 7.105, 19.690, 0.000
N, 1419, 6.395, 20.921, 0.000
N, 1420, 8.526, 22.151, 0.000
N, 1421, 7.105, 22.151, 0.000
N, 1422, 9.237, 23.382, 0.000
N, 1423, 8.526, 24.612, 0.000
N, 1424, 10.658, 25.843, 0.000
N, 1425, 9.237, 25.843, 0.000
N, 1426, 11.368, 27.074, 0.000
N, 1427, 10.658, 28.304, 0.000
N, 1428, 12.789, 29.535, 0.000
N, 1429, 11.368, 29.535, 0.000
N, 1430, 13.500, 30.766, 0.000
N, 1431, 12.789, 31.996, 0.000
N, 1432, 14.921, 33.227, 0.000
N, 1433, 13.500, 33.227, 0.000
N, 1434, 15.631, 34.457, 0.000
N, 1435, 14.921, 35.688, 0.000
N, 1436, 17.052, 36.919, 0.000
N, 1437, 15.631, 36.919, 0.000
N, 1438, 17.763, 38.149, 0.000
N, 1439, 17.052, 39.380, 0.000
N, 1440, 19.184, 40.611, 0.000
N, 1441, 17.763, 40.611, 0.000
N, 1442, 19.894, 41.841, 0.000
N, 1443, 19.184, 43.072, 0.000
N, 1444, 19.894, 44.302, 0.000
N, 1445, 21.315, 46.764, 0.000
N, 1446, 0.000, 2.461, 0.000
N, 1447, 0.711, 3.692, 0.000
N, 1448, 0.000, 4.922, 0.000
N, 1449, 2.132, 6.153, 0.000
N, 1450, 0.711, 6.153, 0.000
N, 1451, 2.842, 7.384, 0.000
N, 1452, 2.132, 8.614, 0.000
N, 1453, 4.263, 9.845, 0.000
N, 1454, 2.842, 9.845, 0.000
N, 1455, 4.974, 11.076, 0.000
N, 1456, 4.263, 12.306, 0.000
N, 1457, 6.395, 13.537, 0.000
N, 1458, 4.974, 13.537, 0.000
N, 1459, 7.105, 14.767, 0.000
N, 1460, 6.395, 15.998, 0.000
N, 1461, 8.526, 17.229, 0.000
N, 1462, 7.105, 17.229, 0.000
N, 1463, 9.237, 18.459, 0.000
N, 1464, 8.526, 19.690, 0.000
N, 1465, 10.658, 20.921, 0.000
N, 1466, 9.237, 20.921, 0.000
N, 1467, 11.368, 22.151, 0.000
N, 1468, 10.658, 23.382, 0.000
N, 1469, 12.789, 24.612, 0.000
N, 1470, 11.368, 24.612, 0.000
N, 1471, 13.500, 25.843, 0.000
N, 1472, 12.789, 27.074, 0.000
N, 1473, 14.921, 28.304, 0.000
N, 1474, 13.500, 28.304, 0.000
N, 1475, 15.631, 29.535, 0.000
N, 1476, 14.921, 30.766, 0.000
N, 1477, 17.052, 31.996, 0.000
N, 1478, 15.631, 31.996, 0.000
N, 1479, 17.763, 33.227, 0.000
N, 1480, 17.052, 34.457, 0.000
N, 1481, 19.184, 35.688, 0.000
N, 1482, 17.763, 35.688, 0.000
N, 1483, 19.894, 36.919, 0.000
N, 1484, 19.184, 38.149, 0.000
N, 1485, 19.894, 39.380, 0.000
N, 1486, 0.000, 0.000, 0.000
N, 1487, 2.132, 1.231, 0.000
N, 1488, 0.711, 1.231, 0.000
N, 1489, 2.842, 2.461, 0.000
N, 1490, 2.132, 3.692, 0.000
N, 1491, 4.263, 4.922, 0.000
N, 1492, 2.842, 4.922, 0.000
N, 1493, 4.974, 6.153, 0.000
N, 1494, 4.263, 7.384, 0.000
N, 1495, 6.395, 8.614, 0.000
N, 1496, 4.974, 8.614, 0.000
N, 1497, 7.105, 9.845, 0.000
N, 1498, 6.395, 11.076, 0.000
N, 1499, 8.526, 12.306, 0.000
N, 1500, 7.105, 12.306, 0.000
N, 1501, 9.237, 13.537, 0.000
N, 1502, 8.526, 14.767, 0.000
N, 1503, 10.658, 15.998, 0.000
N, 1504, 9.237, 15.998, 0.000
N, 1505, 11.368, 17.229, 0.000
N, 1506, 10.658, 18.459, 0.000
N, 1507, 12.789, 19.690, 0.000
N, 1508, 11.368, 19.690, 0.000
N, 1509, 13.500, 20.921, 0.000
N, 1510, 12.789, 22.151, 0.000
N, 1511, 14.921, 23.382, 0.000
N, 1512, 13.500, 23.382, 0.000
N, 1513, 15.631, 24.612, 0.000
N, 1514, 14.921, 25.843, 0.000
N, 1515, 17.052, 27.074, 0.000
N, 1516, 15.631, 27.074, 0.000
N, 1517, 17.763, 28.304, 0.000
N, 1518, 17.052, 29.535, 0.000
N, 1519, 19.184, 30.766, 0.000
N, 1520, 17.763, 30.766, 0.000
N, 1521, 19.894, 31.996, 0.000
N, 1522, 19.184, 33.227, 0.000
N, 1523, 19.894, 34.457, 0.000
N, 1524, 4.263, 0.000, 0.000
N, 1525, 2.842, 0.000, 0.000
N, 1526, 4.974, 1.231, 0.000
N, 1527, 4.263, 2.461, 0.000
N, 1528, 6.395, 3.692, 0.000
N, 1529, 4.974, 3.692, 0.000
N, 1530, 7.105, 4.922, 0.000
N, 1531, 6.395, 6.153, 0.000
N, 1532, 8.526, 7.384, 0.000
N, 1533, 7.105, 7.384, 0.000
N, 1534, 9.237, 8.614, 0.000
N, 1535, 8.526, 9.845, 0.000
N, 1536, 10.658, 11.076, 0.000
N, 1537, 9.237, 11.076, 0.000
N, 1538, 11.368, 12.306, 0.000
N, 1539, 10.658, 13.537, 0.000
N, 1540, 12.789, 14.767, 0.000
N, 1541, 11.368, 14.767, 0.000
N, 1542, 13.500, 15.998, 0.000
N, 1543, 12.789, 17.229, 0.000
N, 1544, 14.921, 18.459, 0.000
N, 1545, 13.500, 18.459, 0.000
N, 1546, 15.631, 19.690, 0.000
N, 1547, 14.921, 20.921, 0.000
N, 1548, 17.052, 22.151, 0.000
N, 1549, 15.631, 22.151, 0.000
N, 1550, 17.763, 23.382, 0.000
N, 1551, 17.052, 24.612, 0.000
N, 1552, 19.184, 25.843, 0.000
N, 1553, 17.763, 25.843, 0.000
N, 1554, 19.894, 27.074, 0.000
N, 1555, 19.184, 28.304, 0.000
N, 1556, 19.894, 29.535, 0.000
N, 1557, 7.105, 0.000, 0.000
N, 1558, 6.395, 1.231, 0.000
N, 1559, 8.526, 2.461, 0.000
N, 1560, 7.105, 2.461, 0.000
N, 1561, 9.237, 3.692, 0.000
N, 1562, 8.526, 4.922, 0.000
N, 1563, 10.658, 6.153, 0.000
N, 1564, 9.237, 6.153, 0.000
N, 1565, 11.368, 7.384, 0.000
N, 1566, 10.658, 8.614, 0.000
N, 1567, 12.789, 9.845, 0.000
N, 1568, 11.368, 9.845, 0.000
N, 1569, 13.500, 11.076, 0.000
N, 1570, 12.789, 12.306, 0.000
N, 1571, 14.921, 13.537, 0.000
N, 1572, 13.500, 13.537, 0.000
N, 1573, 15.631, 14.767, 0.000
N, 1574, 14.921, 15.998, 0.000
N, 1575, 17.052, 17.229, 0.000
N, 1576, 15.631, 17.229, 0.000
N, 1577, 17.763, 18.459, 0.000
N, 1578, 17.052, 19.690, 0.000
N, 1579, 19.184, 20.921, 0.000
N, 1580, 17.763, 20.921, 0.000
N, 1581, 19.894, 22.151, 0.000
N, 1582, 19.184, 23.382, 0.000
N, 1583, 19.894, 24.612, 0.000
N, 1584, 8.526, 0.000, 0.000
N, 1585, 10.658, 1.231, 0.000
N, 1586, 9.237, 1.231, 0.000
N, 1587, 11.368, 2.461, 0.000
N, 1588, 10.658, 3.692, 0.000
N, 1589, 12.789, 4.922, 0.000
N, 1590, 11.368, 4.922, 0.000
N, 1591, 13.500, 6.153, 0.000
N, 1592, 12.789, 7.384, 0.000
N, 1593, 14.921, 8.614, 0.000
N, 1594, 13.500, 8.614, 0.000
N, 1595, 15.631, 9.845, 0.000
N, 1596, 14.921, 11.076, 0.000
N, 1597, 17.052, 12.306, 0.000
N, 1598, 15.631, 12.306, 0.000
N, 1599, 17.763, 13.537, 0.000
N, 1600, 17.052, 14.767, 0.000
N, 1601, 19.184, 15.998, 0.000
N, 1602, 17.763, 15.998, 0.000
N, 1603, 19.894, 17.229, 0.000
N, 1604, 19.184, 18.459, 0.000
N, 1605, 21.315, 19.690, 0.000
N, 1606, 19.894, 19.690, 0.000
N, 1607, 21.315, 22.151, 0.000
N, 1608, 12.789, 0.000, 0.000
N, 1609, 11.368, 0.000, 0.000
N, 1610, 13.500, 1.231, 0.000
N, 1611, 12.789, 2.461, 0.000
N, 1612, 14.921, 3.692, 0.000
N, 1613, 13.500, 3.692, 0.000
N, 1614, 15.631, 4.922, 0.000
N, 1615, 14.921, 6.153, 0.000
N, 1616, 17.052, 7.384, 0.000
N, 1617, 15.631, 7.384, 0.000
N, 1618, 17.763, 8.614, 0.000
N, 1619, 17.052, 9.845, 0.000
N, 1620, 19.184, 11.076, 0.000
N, 1621, 17.763, 11.076, 0.000
N, 1622, 19.894, 12.306, 0.000
N, 1623, 19.184, 13.537, 0.000
N, 1624, 19.894, 14.767, 0.000
N, 1625, 21.315, 17.229, 0.000
N, 1626, 15.631, 0.000, 0.000
N, 1627, 14.921, 1.231, 0.000
N, 1628, 17.052, 2.461, 0.000
N, 1629, 15.631, 2.461, 0.000
N, 1630, 17.763, 3.692, 0.000
N, 1631, 17.052, 4.922, 0.000
N, 1632, 19.184, 6.153, 0.000
N, 1633, 17.763, 6.153, 0.000
N, 1634, 19.894, 7.384, 0.000
N, 1635, 19.184, 8.614, 0.000
N, 1636, 21.315, 9.845, 0.000
N, 1637, 19.894, 9.845, 0.000
N, 1638, 21.315, 12.306, 0.000
N, 1639, 17.052, 0.000, 0.000
N, 1640, 19.184, 1.231, 0.000
N, 1641, 17.763, 1.231, 0.000
N, 1642, 19.894, 2.461, 0.000
N, 1643, 19.184, 3.692, 0.000
N, 1644, 21.315, 4.922, 0.000
N, 1645, 19.894, 4.922, 0.000
N, 1646, 21.315, 7.384, 0.000
N, 1647, 21.315, 0.000, 0.000
N, 1648, 19.894, 0.000, 0.000
N, 1649, 21.315, 2.461, 0.000
