/PREP7
N,1,0.0,199.816,0.0
N,2,0.341,190.949,0.0
N,3,0.683,192.328,0.0
N,4,1.365,195.087,0.0
N,5,0.0,194.693,0.0
N,6,1.707,196.466,0.0
N,7,0.683,197.451,0.0
N,8,2.389,199.225,0.0
N,9,1.024,198.831,0.0
N,10,0.0,179.322,0.0
N,11,0.683,182.081,0.0
N,12,1.024,183.46,0.0
N,13,0.0,184.446,0.0
N,14,1.707,186.219,0.0
N,15,0.341,185.825,0.0
N,16,2.048,187.599,0.0
N,17,1.024,188.584,0.0
N,18,2.731,190.357,0.0
N,19,1.365,189.963,0.0
N,20,3.072,191.737,0.0
N,21,2.048,192.722,0.0
N,22,3.754,194.496,0.0
N,23,2.389,194.101,0.0
N,24,4.096,195.875,0.0
N,25,3.072,196.86,0.0
N,26,4.778,198.634,0.0
N,27,3.413,198.24,0.0
N,28,5.12,200.013,0.0
N,29,0.0,169.075,0.0
N,30,0.341,170.455,0.0
N,31,1.024,173.213,0.0
N,32,1.365,174.593,0.0
N,33,0.341,175.578,0.0
N,34,2.048,177.352,0.0
N,35,0.683,176.957,0.0
N,36,2.389,178.731,0.0
N,37,1.365,179.716,0.0
N,39,1.707,181.096,0.0
N,40,3.413,182.869,0.0
N,41,2.389,183.854,0.0
N,42,4.096,185.628,0.0
N,43,2.731,185.234,0.0
N,44,4.437,187.007,0.0
N,45,3.413,187.993,0.0
N,46,5.12,189.766,0.0
N,47,3.754,189.372,0.0
N,48,5.461,191.146,0.0
N,49,4.437,192.131,0.0
N,50,6.144,193.904,0.0
N,51,4.778,193.51,0.0
N,52,6.485,195.284,0.0
N,53,5.461,196.269,0.0
N,54,7.168,198.043,0.0
N,55,5.802,197.648,0.0
N,56,7.509,199.422,0.0
N,57,0.341,160.208,0.0
N,58,0.683,161.587,0.0
N,59,1.365,164.346,0.0
N,60,0.0,163.952,0.0
N,61,1.707,165.725,0.0
N,62,0.683,166.71,0.0
N,63,2.389,168.484,0.0
N,64,1.024,168.09,0.0
N,65,2.731,169.863,0.0
N,66,1.707,170.849,0.0
N,68,2.048,172.228,0.0
N,69,3.754,174.002,0.0
N,70,2.731,174.987,0.0
N,71,4.437,176.76,0.0
N,72,3.072,176.366,0.0
N,73,4.778,178.14,0.0
N,74,3.754,179.125,0.0
N,75,5.461,180.899,0.0
N,76,4.096,180.505,0.0
N,77,5.802,182.278,0.0
N,78,4.778,183.263,0.0
N,79,6.485,185.037,0.0
N,80,5.12,184.643,0.0
N,81,6.826,186.416,0.0
N,82,5.802,187.401,0.0
N,83,7.509,189.175,0.0
N,84,6.144,188.781,0.0
N,85,7.85,190.554,0.0
N,86,6.826,191.54,0.0
N,87,8.533,193.313,0.0
N,88,7.168,192.919,0.0
N,89,8.874,194.693,0.0
N,90,7.85,195.678,0.0
N,91,9.557,197.451,0.0
N,92,8.192,197.057,0.0
N,93,9.898,198.831,0.0
N,94,8.874,199.816,0.0
N,95,0.0,148.581,0.0
N,96,0.683,151.34,0.0
N,97,1.024,152.719,0.0
N,98,0.0,153.705,0.0
N,99,1.707,155.478,0.0
N,101,2.048,156.858,0.0
N,102,1.024,157.843,0.0
N,103,2.731,159.616,0.0
N,104,1.365,159.222,0.0
N,105,3.072,160.996,0.0
N,106,2.048,161.981,0.0
N,107,3.754,163.755,0.0
N,108,2.389,163.361,0.0
N,109,4.096,165.134,0.0
N,110,3.072,166.119,0.0
N,111,4.778,167.893,0.0
N,112,3.413,167.499,0.0
N,113,5.12,169.272,0.0
N,114,4.096,170.258,0.0
N,115,5.802,172.031,0.0
N,116,4.437,171.637,0.0
N,117,6.144,173.41,0.0
N,118,5.12,174.396,0.0
N,119,6.826,176.169,0.0
N,120,5.461,175.775,0.0
N,121,7.168,177.549,0.0
N,122,6.144,178.534,0.0
N,124,6.485,179.913,0.0
N,125,8.192,181.687,0.0
N,126,7.168,182.672,0.0
N,127,8.874,184.446,0.0
N,128,7.509,184.052,0.0
N,129,9.215,185.825,0.0
N,130,8.192,186.81,0.0
N,131,9.898,188.584,0.0
N,132,8.533,188.19,0.0
N,133,10.239,189.963,0.0
N,134,9.215,190.949,0.0
N,135,10.922,192.722,0.0
N,136,9.557,192.328,0.0
N,137,11.263,194.101,0.0
N,138,10.239,195.087,0.0
N,139,11.946,196.86,0.0
N,140,10.581,196.466,0.0
N,141,12.287,198.24,0.0
N,142,11.263,199.225,0.0
N,143,0.0,138.334,0.0
N,144,0.341,139.714,0.0
N,145,1.024,142.472,0.0
N,146,1.365,143.852,0.0
N,147,0.341,144.837,0.0
N,148,2.048,146.611,0.0
N,149,0.683,146.217,0.0
N,150,2.389,147.99,0.0
N,151,1.365,148.975,0.0
N,152,3.072,150.749,0.0
N,153,1.707,150.355,0.0
N,154,3.413,152.128,0.0
N,155,2.389,153.114,0.0
N,156,4.096,154.887,0.0
N,157,2.731,154.493,0.0
N,158,4.437,156.266,0.0
N,159,3.413,157.252,0.0
N,160,5.12,159.025,0.0
N,161,3.754,158.631,0.0
N,162,5.461,160.405,0.0
N,163,4.437,161.39,0.0
N,164,6.144,163.163,0.0
N,165,4.778,162.769,0.0
N,166,6.485,164.543,0.0
N,167,5.461,165.528,0.0
N,168,7.168,167.302,0.0
N,169,5.802,166.908,0.0
N,170,7.509,168.681,0.0
N,171,6.485,169.666,0.0
N,172,8.192,171.44,0.0
N,173,6.826,171.046,0.0
N,174,8.533,172.819,0.0
N,175,7.509,173.805,0.0
N,176,9.215,175.578,0.0
N,177,7.85,175.184,0.0
N,178,9.557,176.957,0.0
N,179,8.533,177.943,0.0
N,180,10.239,179.716,0.0
N,181,8.874,179.322,0.0
N,183,9.557,182.081,0.0
N,184,11.263,183.854,0.0
N,185,9.898,183.46,0.0
N,186,11.605,185.234,0.0
N,187,10.581,186.219,0.0
N,188,12.287,187.993,0.0
N,189,10.922,187.599,0.0
N,190,12.629,189.372,0.0
N,191,11.605,190.357,0.0
N,192,13.311,192.131,0.0
N,193,11.946,191.737,0.0
N,194,13.653,193.51,0.0
N,195,12.629,194.496,0.0
N,196,14.335,196.269,0.0
N,197,12.97,195.875,0.0
N,198,14.676,197.648,0.0
N,199,13.653,198.634,0.0
N,200,13.994,200.013,0.0
N,201,0.341,129.467,0.0
N,202,0.683,130.846,0.0
N,203,1.365,133.605,0.0
N,204,0.0,133.211,0.0
N,205,1.707,134.984,0.0
N,206,0.683,135.97,0.0
N,207,2.389,137.743,0.0
N,208,1.024,137.349,0.0
N,209,2.731,139.122,0.0
N,210,1.707,140.108,0.0
N,211,3.413,141.881,0.0
N,212,2.048,141.487,0.0
N,213,3.754,143.261,0.0
N,214,2.731,144.246,0.0
N,215,4.437,146.019,0.0
N,216,3.072,145.625,0.0
N,217,4.778,147.399,0.0
N,218,3.754,148.384,0.0
N,219,5.461,150.158,0.0
N,220,4.096,149.764,0.0
N,221,5.802,151.537,0.0
N,222,4.778,152.522,0.0
N,223,6.485,154.296,0.0
N,224,5.12,153.902,0.0
N,225,6.826,155.675,0.0
N,226,5.802,156.661,0.0
N,227,7.509,158.434,0.0
N,228,6.144,158.04,0.0
N,229,7.85,159.813,0.0
N,230,6.826,160.799,0.0
N,231,8.533,162.572,0.0
N,232,7.168,162.178,0.0
N,233,8.874,163.952,0.0
N,234,7.85,164.937,0.0
N,235,9.557,166.71,0.0
N,237,9.898,168.09,0.0
N,238,8.874,169.075,0.0
N,239,10.581,170.849,0.0
N,240,9.215,170.455,0.0
N,241,10.922,172.228,0.0
N,242,9.898,173.213,0.0
N,243,11.605,174.987,0.0
N,244,10.239,174.593,0.0
N,245,11.946,176.366,0.0
N,246,10.922,177.352,0.0
N,247,12.629,179.125,0.0
N,248,11.263,178.731,0.0
N,249,12.97,180.505,0.0
N,250,11.946,181.49,0.0
N,251,13.653,183.263,0.0
N,252,12.287,182.869,0.0
N,253,13.994,184.643,0.0
N,254,12.97,185.628,0.0
N,255,14.676,187.401,0.0
N,256,13.311,187.007,0.0
N,257,15.018,188.781,0.0
N,258,13.994,189.766,0.0
N,259,15.7,191.54,0.0
N,260,14.335,191.146,0.0
N,261,16.042,192.919,0.0
N,262,15.018,193.904,0.0
N,263,16.724,195.678,0.0
N,264,15.359,195.284,0.0
N,265,17.066,197.057,0.0
N,266,16.042,198.043,0.0
N,267,17.748,199.816,0.0
N,268,16.383,199.422,0.0
N,269,0.0,117.84,0.0
N,270,0.683,120.599,0.0
N,271,1.024,121.978,0.0
N,272,0.0,122.964,0.0
N,273,1.707,124.737,0.0
N,274,0.341,124.343,0.0
N,275,2.048,126.117,0.0
N,276,1.024,127.102,0.0
N,277,2.731,128.875,0.0
N,278,1.365,128.481,0.0
N,279,3.072,130.255,0.0
N,280,2.048,131.24,0.0
N,281,3.754,133.014,0.0
N,282,2.389,132.62,0.0
N,283,4.096,134.393,0.0
N,284,3.072,135.378,0.0
N,285,4.778,137.152,0.0
N,286,3.413,136.758,0.0
N,287,5.12,138.531,0.0
N,288,4.096,139.517,0.0
N,289,5.802,141.29,0.0
N,290,4.437,140.896,0.0
N,291,6.144,142.669,0.0
N,292,5.12,143.655,0.0
N,293,6.826,145.428,0.0
N,294,5.461,145.034,0.0
N,295,7.168,146.808,0.0
N,296,6.144,147.793,0.0
N,297,7.85,149.567,0.0
N,298,6.485,149.172,0.0
N,299,8.192,150.946,0.0
N,300,7.168,151.931,0.0
N,301,8.874,153.705,0.0
N,303,9.215,155.084,0.0
N,304,8.192,156.069,0.0
N,305,9.898,157.843,0.0
N,306,8.533,157.449,0.0
N,307,10.239,159.222,0.0
N,308,9.215,160.208,0.0
N,309,10.922,161.981,0.0
N,310,9.557,161.587,0.0
N,311,11.263,163.361,0.0
N,312,10.239,164.346,0.0
N,313,11.946,166.119,0.0
N,314,10.581,165.725,0.0
N,315,12.287,167.499,0.0
N,316,11.263,168.484,0.0
N,317,12.97,170.258,0.0
N,318,11.605,169.863,0.0
N,319,13.311,171.637,0.0
N,320,12.287,172.622,0.0
N,321,13.994,174.396,0.0
N,322,12.629,174.002,0.0
N,323,14.335,175.775,0.0
N,324,13.311,176.76,0.0
N,325,15.018,178.534,0.0
N,327,15.359,179.913,0.0
N,328,14.335,180.899,0.0
N,329,16.042,182.672,0.0
N,330,14.676,182.278,0.0
N,331,16.383,184.052,0.0
N,332,15.359,185.037,0.0
N,333,17.066,186.81,0.0
N,334,15.7,186.416,0.0
N,335,17.407,188.19,0.0
N,336,16.383,189.175,0.0
N,337,18.09,190.949,0.0
N,338,16.724,190.554,0.0
N,339,18.431,192.328,0.0
N,340,17.407,193.313,0.0
N,341,19.114,195.087,0.0
N,342,17.748,194.693,0.0
N,343,19.455,196.466,0.0
N,344,18.431,197.451,0.0
N,345,20.137,199.225,0.0
N,346,18.772,198.831,0.0
N,347,0.0,107.593,0.0
N,348,0.341,108.973,0.0
N,349,1.024,111.732,0.0
N,350,1.365,113.111,0.0
N,351,0.341,114.096,0.0
N,352,2.048,115.87,0.0
N,353,0.683,115.476,0.0
N,354,2.389,117.249,0.0
N,355,1.365,118.234,0.0
N,356,3.072,120.008,0.0
N,357,1.707,119.614,0.0
N,358,3.413,121.387,0.0
N,359,2.389,122.373,0.0
N,360,4.096,124.146,0.0
N,361,2.731,123.752,0.0
N,362,4.437,125.526,0.0
N,363,3.413,126.511,0.0
N,364,5.12,128.284,0.0
N,365,3.754,127.89,0.0
N,366,5.461,129.664,0.0
N,367,4.437,130.649,0.0
N,368,6.144,132.423,0.0
N,369,4.778,132.028,0.0
N,370,6.485,133.802,0.0
N,371,5.461,134.787,0.0
N,372,7.168,136.561,0.0
N,373,5.802,136.167,0.0
N,374,7.509,137.94,0.0
N,375,6.485,138.925,0.0
N,376,8.192,140.699,0.0
N,377,6.826,140.305,0.0
N,378,8.533,142.078,0.0
N,379,7.509,143.064,0.0
N,380,9.215,144.837,0.0
N,381,7.85,144.443,0.0
N,382,9.557,146.217,0.0
N,383,8.533,147.202,0.0
N,384,10.239,148.975,0.0
N,385,8.874,148.581,0.0
N,386,10.581,150.355,0.0
N,387,9.557,151.34,0.0
N,388,11.263,153.114,0.0
N,389,9.898,152.719,0.0
N,390,11.605,154.493,0.0
N,391,10.581,155.478,0.0
N,392,12.287,157.252,0.0
N,393,10.922,156.858,0.0
N,394,12.629,158.631,0.0
N,395,11.605,159.616,0.0
N,396,13.311,161.39,0.0
N,398,13.653,162.769,0.0
N,399,12.629,163.755,0.0
N,400,14.335,165.528,0.0
N,401,12.97,165.134,0.0
N,402,14.676,166.908,0.0
N,403,13.653,167.893,0.0
N,404,15.359,169.666,0.0
N,405,13.994,169.272,0.0
N,406,15.7,171.046,0.0
N,407,14.676,172.031,0.0
N,408,16.383,173.805,0.0
N,409,15.018,173.41,0.0
N,410,16.724,175.184,0.0
N,411,15.7,176.169,0.0
N,412,17.407,177.943,0.0
N,413,16.042,177.549,0.0
N,414,17.748,179.322,0.0
N,415,16.724,180.307,0.0
N,416,18.431,182.081,0.0
N,417,17.066,181.687,0.0
N,418,18.772,183.46,0.0
N,419,17.748,184.446,0.0
N,420,19.455,186.219,0.0
N,421,18.09,185.825,0.0
N,422,19.796,187.599,0.0
N,423,18.772,188.584,0.0
N,424,20.479,190.357,0.0
N,425,19.114,189.963,0.0
N,426,20.82,191.737,0.0
N,427,19.796,192.722,0.0
N,428,21.503,194.496,0.0
N,429,20.137,194.101,0.0
N,430,21.844,195.875,0.0
N,431,20.82,196.86,0.0
N,432,22.527,198.634,0.0
N,433,21.161,198.24,0.0
N,434,22.868,200.013,0.0
N,435,0.341,98.726,0.0
N,436,0.683,100.105,0.0
N,437,1.365,102.864,0.0
N,438,0.0,102.47,0.0
N,439,1.707,104.243,0.0
N,440,0.683,105.229,0.0
N,442,1.024,106.608,0.0
N,443,2.731,108.382,0.0
N,444,1.707,109.367,0.0
N,445,3.413,111.14,0.0
N,446,2.048,110.746,0.0
N,447,3.754,112.52,0.0
N,448,2.731,113.505,0.0
N,449,4.437,115.279,0.0
N,450,3.072,114.884,0.0
N,452,3.754,117.643,0.0
N,453,5.461,119.417,0.0
N,454,4.096,119.023,0.0
N,455,5.802,120.796,0.0
N,456,4.778,121.781,0.0
N,457,6.485,123.555,0.0
N,459,6.826,124.934,0.0
N,460,5.802,125.92,0.0
N,461,7.509,127.693,0.0
N,462,6.144,127.299,0.0
N,463,7.85,129.073,0.0
N,464,6.826,130.058,0.0
N,465,8.533,131.831,0.0
N,466,7.168,131.437,0.0
N,467,8.874,133.211,0.0
N,468,7.85,134.196,0.0
N,469,9.557,135.97,0.0
N,470,8.192,135.575,0.0
N,471,9.898,137.349,0.0
N,472,8.874,138.334,0.0
N,473,10.581,140.108,0.0
N,474,9.215,139.714,0.0
N,475,10.922,141.487,0.0
N,476,9.898,142.472,0.0
N,477,11.605,144.246,0.0
N,478,10.239,143.852,0.0
N,479,11.946,145.625,0.0
N,480,10.922,146.611,0.0
N,481,12.629,148.384,0.0
N,482,11.263,147.99,0.0
N,483,12.97,149.764,0.0
N,484,11.946,150.749,0.0
N,486,12.287,152.128,0.0
N,487,13.994,153.902,0.0
N,488,12.97,154.887,0.0
N,489,14.676,156.661,0.0
N,490,13.311,156.266,0.0
N,491,15.018,158.04,0.0
N,492,13.994,159.025,0.0
N,493,15.7,160.799,0.0
N,494,14.335,160.405,0.0
N,495,16.042,162.178,0.0
N,496,15.018,163.163,0.0
N,497,16.724,164.937,0.0
N,498,15.359,164.543,0.0
N,499,17.066,166.316,0.0
N,500,16.042,167.302,0.0
N,501,17.748,169.075,0.0
N,502,16.383,168.681,0.0
N,503,18.09,170.455,0.0
N,504,17.066,171.44,0.0
N,505,18.772,173.213,0.0
N,507,19.114,174.593,0.0
N,508,18.09,175.578,0.0
N,509,19.796,177.352,0.0
N,510,18.431,176.957,0.0
N,511,20.137,178.731,0.0
N,512,19.114,179.716,0.0
N,513,20.82,181.49,0.0
N,514,19.455,181.096,0.0
N,515,21.161,182.869,0.0
N,516,20.137,183.854,0.0
N,517,21.844,185.628,0.0
N,519,22.185,187.007,0.0
N,520,21.161,187.993,0.0
N,521,22.868,189.766,0.0
N,522,21.503,189.372,0.0
N,523,23.209,191.146,0.0
N,524,22.185,192.131,0.0
N,525,23.892,193.904,0.0
N,526,22.527,193.51,0.0
N,527,24.233,195.284,0.0
N,528,23.209,196.269,0.0
N,529,24.916,198.043,0.0
N,530,23.551,197.648,0.0
N,531,25.257,199.422,0.0
N,532,0.0,87.099,0.0
N,533,0.683,89.858,0.0
N,534,1.024,91.238,0.0
N,535,0.0,92.223,0.0
N,536,1.707,93.996,0.0
N,537,0.341,93.602,0.0
N,538,2.048,95.376,0.0
N,539,1.024,96.361,0.0
N,540,2.731,98.135,0.0
N,541,1.365,97.74,0.0
N,542,3.072,99.514,0.0
N,543,2.048,100.499,0.0
N,544,3.754,102.273,0.0
N,546,4.096,103.652,0.0
N,547,3.072,104.637,0.0
N,548,4.778,106.411,0.0
N,549,3.413,106.017,0.0
N,550,5.12,107.79,0.0
N,551,4.096,108.776,0.0
N,552,5.802,110.549,0.0
N,553,4.437,110.155,0.0
N,554,6.144,111.929,0.0
N,556,6.826,114.687,0.0
N,557,5.461,114.293,0.0
N,558,7.168,116.067,0.0
N,559,6.144,117.052,0.0
N,560,7.85,118.826,0.0
N,561,6.485,118.431,0.0
N,562,8.192,120.205,0.0
N,563,7.168,121.19,0.0
N,564,8.874,122.964,0.0
N,565,7.509,122.57,0.0
N,566,9.215,124.343,0.0
N,567,8.192,125.328,0.0
N,568,9.898,127.102,0.0
N,569,8.533,126.708,0.0
N,570,10.239,128.481,0.0
N,571,9.215,129.467,0.0
N,572,10.922,131.24,0.0
N,573,9.557,130.846,0.0
N,574,11.263,132.62,0.0
N,575,10.239,133.605,0.0
N,576,11.946,135.378,0.0
N,577,10.581,134.984,0.0
N,578,12.287,136.758,0.0
N,579,11.263,137.743,0.0
N,580,12.97,139.517,0.0
N,581,11.605,139.122,0.0
N,582,13.311,140.896,0.0
N,583,12.287,141.881,0.0
N,584,13.994,143.655,0.0
N,585,12.629,143.261,0.0
N,586,14.335,145.034,0.0
N,587,13.311,146.019,0.0
N,588,15.018,147.793,0.0
N,589,13.653,147.399,0.0
N,590,15.359,149.172,0.0
N,591,14.335,150.158,0.0
N,592,16.042,151.931,0.0
N,593,14.676,151.537,0.0
N,594,16.383,153.311,0.0
N,595,15.359,154.296,0.0
N,596,17.066,156.069,0.0
N,597,15.7,155.675,0.0
N,598,17.407,157.449,0.0
N,599,16.383,158.434,0.0
N,600,18.09,160.208,0.0
N,601,16.724,159.813,0.0
N,602,18.431,161.587,0.0
N,603,17.407,162.572,0.0
N,604,19.114,164.346,0.0
N,605,17.748,163.952,0.0
N,606,19.455,165.725,0.0
N,607,18.431,166.71,0.0
N,608,20.137,168.484,0.0
N,609,18.772,168.09,0.0
N,610,20.479,169.863,0.0
N,611,19.455,170.849,0.0
N,612,21.161,172.622,0.0
N,613,19.796,172.228,0.0
N,614,21.503,174.002,0.0
N,615,20.479,174.987,0.0
N,616,22.185,176.76,0.0
N,617,20.82,176.366,0.0
N,618,22.527,178.14,0.0
N,619,21.503,179.125,0.0
N,620,23.209,180.899,0.0
N,621,21.844,180.505,0.0
N,622,23.551,182.278,0.0
N,623,22.527,183.263,0.0
N,624,24.233,185.037,0.0
N,625,22.868,184.643,0.0
N,626,24.575,186.416,0.0
N,627,23.551,187.401,0.0
N,628,25.257,189.175,0.0
N,629,23.892,188.781,0.0
N,630,25.598,190.554,0.0
N,631,24.575,191.54,0.0
N,632,26.281,193.313,0.0
N,633,24.916,192.919,0.0
N,634,25.598,195.678,0.0
N,635,25.94,197.057,0.0
N,636,0.0,76.852,0.0
N,637,0.341,78.232,0.0
N,638,1.024,80.991,0.0
N,639,1.365,82.37,0.0
N,640,0.341,83.355,0.0
N,641,2.048,85.129,0.0
N,642,0.683,84.735,0.0
N,643,2.389,86.508,0.0
N,644,1.365,87.493,0.0
N,645,3.072,89.267,0.0
N,646,1.707,88.873,0.0
N,647,3.413,90.646,0.0
N,648,2.389,91.632,0.0
N,649,4.096,93.405,0.0
N,650,2.731,93.011,0.0
N,651,4.437,94.785,0.0
N,652,3.413,95.77,0.0
N,653,5.12,97.543,0.0
N,654,3.754,97.149,0.0
N,655,5.461,98.923,0.0
N,656,4.437,99.908,0.0
N,657,6.144,101.682,0.0
N,658,4.778,101.287,0.0
N,659,6.485,103.061,0.0
N,660,5.461,104.046,0.0
N,661,7.168,105.82,0.0
N,662,5.802,105.426,0.0
N,663,7.509,107.199,0.0
N,664,6.485,108.184,0.0
N,665,8.192,109.958,0.0
N,666,6.826,109.564,0.0
N,667,8.533,111.337,0.0
N,668,7.509,112.323,0.0
N,669,9.215,114.096,0.0
N,670,7.85,113.702,0.0
N,671,9.557,115.476,0.0
N,672,8.533,116.461,0.0
N,673,10.239,118.234,0.0
N,674,8.874,117.84,0.0
N,675,10.581,119.614,0.0
N,676,9.557,120.599,0.0
N,677,11.263,122.373,0.0
N,678,9.898,121.978,0.0
N,679,11.605,123.752,0.0
N,680,10.581,124.737,0.0
N,681,12.287,126.511,0.0
N,682,10.922,126.117,0.0
N,683,12.629,127.89,0.0
N,684,11.605,128.875,0.0
N,685,13.311,130.649,0.0
N,686,11.946,130.255,0.0
N,687,13.653,132.028,0.0
N,688,12.629,133.014,0.0
N,689,14.335,134.787,0.0
N,690,12.97,134.393,0.0
N,691,14.676,136.167,0.0
N,692,13.653,137.152,0.0
N,693,15.359,138.925,0.0
N,694,13.994,138.531,0.0
N,695,15.7,140.305,0.0
N,696,14.676,141.29,0.0
N,697,16.383,143.064,0.0
N,698,15.018,142.669,0.0
N,699,16.724,144.443,0.0
N,700,15.7,145.428,0.0
N,701,17.407,147.202,0.0
N,702,16.042,146.808,0.0
N,703,17.748,148.581,0.0
N,704,16.724,149.567,0.0
N,705,18.431,151.34,0.0
N,706,17.066,150.946,0.0
N,707,18.772,152.719,0.0
N,708,17.748,153.705,0.0
N,709,19.455,155.478,0.0
N,710,18.09,155.084,0.0
N,711,19.796,156.858,0.0
N,712,18.772,157.843,0.0
N,713,20.479,159.616,0.0
N,714,19.114,159.222,0.0
N,715,20.82,160.996,0.0
N,716,19.796,161.981,0.0
N,717,21.503,163.755,0.0
N,718,20.137,163.361,0.0
N,719,21.844,165.134,0.0
N,720,20.82,166.119,0.0
N,721,22.527,167.893,0.0
N,722,21.161,167.499,0.0
N,723,22.868,169.272,0.0
N,724,21.844,170.258,0.0
N,725,23.551,172.031,0.0
N,726,22.185,171.637,0.0
N,727,23.892,173.41,0.0
N,728,22.868,174.396,0.0
N,729,24.575,176.169,0.0
N,730,23.209,175.775,0.0
N,731,24.916,177.549,0.0
N,732,23.892,178.534,0.0
N,733,25.598,180.307,0.0
N,734,24.233,179.913,0.0
N,735,25.94,181.687,0.0
N,736,24.916,182.672,0.0
N,737,25.257,184.052,0.0
N,739,26.281,188.19,0.0
N,740,0.341,67.985,0.0
N,741,0.683,69.364,0.0
N,742,1.365,72.123,0.0
N,743,0.0,71.729,0.0
N,744,1.707,73.502,0.0
N,745,0.683,74.488,0.0
N,746,2.389,76.261,0.0
N,747,1.024,75.867,0.0
N,748,2.731,77.641,0.0
N,749,1.707,78.626,0.0
N,750,3.413,80.399,0.0
N,751,2.048,80.005,0.0
N,752,3.754,81.779,0.0
N,753,2.731,82.764,0.0
N,754,4.437,84.538,0.0
N,755,3.072,84.143,0.0
N,756,4.778,85.917,0.0
N,757,3.754,86.902,0.0
N,758,5.461,88.676,0.0
N,759,4.096,88.282,0.0
N,760,5.802,90.055,0.0
N,761,4.778,91.04,0.0
N,762,6.485,92.814,0.0
N,763,5.12,92.42,0.0
N,764,6.826,94.193,0.0
N,765,5.802,95.179,0.0
N,766,7.509,96.952,0.0
N,767,6.144,96.558,0.0
N,768,7.85,98.332,0.0
N,769,6.826,99.317,0.0
N,770,8.533,101.09,0.0
N,771,7.168,100.696,0.0
N,772,8.874,102.47,0.0
N,773,7.85,103.455,0.0
N,774,9.557,105.229,0.0
N,775,8.192,104.834,0.0
N,776,9.898,106.608,0.0
N,777,8.874,107.593,0.0
N,778,10.581,109.367,0.0
N,779,9.215,108.973,0.0
N,780,10.922,110.746,0.0
N,781,9.898,111.732,0.0
N,782,11.605,113.505,0.0
N,783,10.239,113.111,0.0
N,784,11.946,114.884,0.0
N,785,10.922,115.87,0.0
N,786,12.629,117.643,0.0
N,787,11.263,117.249,0.0
N,788,12.97,119.023,0.0
N,789,11.946,120.008,0.0
N,790,13.653,121.781,0.0
N,791,12.287,121.387,0.0
N,792,13.994,123.161,0.0
N,793,12.97,124.146,0.0
N,794,14.676,125.92,0.0
N,795,13.311,125.526,0.0
N,796,15.018,127.299,0.0
N,797,13.994,128.284,0.0
N,798,15.7,130.058,0.0
N,799,14.335,129.664,0.0
N,800,16.042,131.437,0.0
N,801,15.018,132.423,0.0
N,802,16.724,134.196,0.0
N,803,15.359,133.802,0.0
N,805,16.042,136.561,0.0
N,806,17.748,138.334,0.0
N,807,16.383,137.94,0.0
N,808,18.09,139.714,0.0
N,809,17.066,140.699,0.0
N,810,18.772,142.472,0.0
N,811,17.407,142.078,0.0
N,812,19.114,143.852,0.0
N,813,18.09,144.837,0.0
N,814,19.796,146.611,0.0
N,815,18.431,146.217,0.0
N,816,20.137,147.99,0.0
N,817,19.114,148.975,0.0
N,818,20.82,150.749,0.0
N,819,19.455,150.355,0.0
N,820,21.161,152.128,0.0
N,821,20.137,153.114,0.0
N,823,20.479,154.493,0.0
N,824,22.185,156.266,0.0
N,825,21.161,157.252,0.0
N,826,22.868,159.025,0.0
N,827,21.503,158.631,0.0
N,828,23.209,160.405,0.0
N,829,22.185,161.39,0.0
N,830,23.892,163.163,0.0
N,831,22.527,162.769,0.0
N,832,24.233,164.543,0.0
N,833,23.209,165.528,0.0
N,834,24.916,167.302,0.0
N,835,23.551,166.908,0.0
N,836,25.257,168.681,0.0
N,837,24.233,169.666,0.0
N,838,25.94,171.44,0.0
N,839,24.575,171.046,0.0
N,840,26.281,172.819,0.0
N,841,25.257,173.805,0.0
N,842,25.598,175.184,0.0
N,843,26.281,177.943,0.0
N,844,0.0,56.358,0.0
N,845,0.683,59.117,0.0
N,846,1.024,60.497,0.0
N,847,0.0,61.482,0.0
N,848,1.707,63.255,0.0
N,849,0.341,62.861,0.0
N,850,2.048,64.635,0.0
N,851,1.024,65.62,0.0
N,852,2.731,67.394,0.0
N,853,1.365,66.999,0.0
N,854,3.072,68.773,0.0
N,855,2.048,69.758,0.0
N,856,3.754,71.532,0.0
N,857,2.389,71.138,0.0
N,858,4.096,72.911,0.0
N,859,3.072,73.896,0.0
N,860,4.778,75.67,0.0
N,861,3.413,75.276,0.0
N,862,5.12,77.049,0.0
N,863,4.096,78.035,0.0
N,864,5.802,79.808,0.0
N,865,4.437,79.414,0.0
N,866,6.144,81.188,0.0
N,867,5.12,82.173,0.0
N,868,6.826,83.946,0.0
N,869,5.461,83.552,0.0
N,870,7.168,85.326,0.0
N,871,6.144,86.311,0.0
N,872,7.85,88.085,0.0
N,873,6.485,87.69,0.0
N,874,8.192,89.464,0.0
N,875,7.168,90.449,0.0
N,876,8.874,92.223,0.0
N,877,7.509,91.829,0.0
N,878,9.215,93.602,0.0
N,879,8.192,94.587,0.0
N,880,9.898,96.361,0.0
N,881,8.533,95.967,0.0
N,882,10.239,97.74,0.0
N,883,9.215,98.726,0.0
N,884,10.922,100.499,0.0
N,885,9.557,100.105,0.0
N,886,11.263,101.879,0.0
N,887,10.239,102.864,0.0
N,888,11.946,104.637,0.0
N,889,10.581,104.243,0.0
N,890,12.287,106.017,0.0
N,891,11.263,107.002,0.0
N,892,12.97,108.776,0.0
N,893,11.605,108.382,0.0
N,894,13.311,110.155,0.0
N,895,12.287,111.14,0.0
N,896,13.994,112.914,0.0
N,897,12.629,112.52,0.0
N,898,14.335,114.293,0.0
N,899,13.311,115.279,0.0
N,900,15.018,117.052,0.0
N,901,13.653,116.658,0.0
N,902,15.359,118.431,0.0
N,903,14.335,119.417,0.0
N,904,16.042,121.19,0.0
N,905,14.676,120.796,0.0
N,906,16.383,122.57,0.0
N,907,15.359,123.555,0.0
N,908,17.066,125.328,0.0
N,910,17.407,126.708,0.0
N,911,16.383,127.693,0.0
N,912,18.09,129.467,0.0
N,913,16.724,129.073,0.0
N,914,18.431,130.846,0.0
N,915,17.407,131.831,0.0
N,916,19.114,133.605,0.0
N,917,17.748,133.211,0.0
N,918,19.455,134.984,0.0
N,919,18.431,135.97,0.0
N,920,20.137,137.743,0.0
N,921,18.772,137.349,0.0
N,922,20.479,139.122,0.0
N,923,19.455,140.108,0.0
N,924,21.161,141.881,0.0
N,925,19.796,141.487,0.0
N,926,21.503,143.261,0.0
N,927,20.479,144.246,0.0
N,928,22.185,146.019,0.0
N,929,20.82,145.625,0.0
N,930,22.527,147.399,0.0
N,931,21.503,148.384,0.0
N,932,23.209,150.158,0.0
N,933,21.844,149.764,0.0
N,934,23.551,151.537,0.0
N,935,22.527,152.522,0.0
N,936,24.233,154.296,0.0
N,937,22.868,153.902,0.0
N,938,24.575,155.675,0.0
N,939,23.551,156.661,0.0
N,940,25.257,158.434,0.0
N,941,23.892,158.04,0.0
N,942,25.598,159.813,0.0
N,943,24.575,160.799,0.0
N,944,26.281,162.572,0.0
N,945,24.916,162.178,0.0
N,946,25.598,164.937,0.0
N,947,25.94,166.316,0.0
N,948,0.0,46.111,0.0
N,949,0.341,47.491,0.0
N,950,1.024,50.25,0.0
N,952,0.341,52.614,0.0
N,953,2.048,54.388,0.0
N,954,0.683,53.994,0.0
N,955,2.389,55.767,0.0
N,956,1.365,56.752,0.0
N,957,3.072,58.526,0.0
N,958,1.707,58.132,0.0
N,959,3.413,59.905,0.0
N,960,2.389,60.891,0.0
N,961,4.096,62.664,0.0
N,962,2.731,62.27,0.0
N,963,4.437,64.044,0.0
N,964,3.413,65.029,0.0
N,965,5.12,66.802,0.0
N,966,3.754,66.408,0.0
N,967,5.461,68.182,0.0
N,968,4.437,69.167,0.0
N,969,6.144,70.941,0.0
N,970,4.778,70.546,0.0
N,971,6.485,72.32,0.0
N,972,5.461,73.305,0.0
N,973,7.168,75.079,0.0
N,974,5.802,74.685,0.0
N,975,7.509,76.458,0.0
N,976,6.485,77.444,0.0
N,977,8.192,79.217,0.0
N,978,6.826,78.823,0.0
N,979,8.533,80.596,0.0
N,980,7.509,81.582,0.0
N,981,9.215,83.355,0.0
N,982,7.85,82.961,0.0
N,984,8.533,85.72,0.0
N,985,10.239,87.493,0.0
N,986,8.874,87.099,0.0
N,987,10.581,88.873,0.0
N,988,9.557,89.858,0.0
N,989,11.263,91.632,0.0
N,990,9.898,91.238,0.0
N,991,11.605,93.011,0.0
N,992,10.581,93.996,0.0
N,993,12.287,95.77,0.0
N,994,10.922,95.376,0.0
N,995,12.629,97.149,0.0
N,996,11.605,98.135,0.0
N,997,13.311,99.908,0.0
N,998,11.946,99.514,0.0
N,999,13.653,101.287,0.0
N,1000,12.629,102.273,0.0
N,1001,14.335,104.046,0.0
N,1002,12.97,103.652,0.0
N,1003,14.676,105.426,0.0
N,1004,13.653,106.411,0.0
N,1005,15.359,108.184,0.0
N,1006,13.994,107.79,0.0
N,1007,15.7,109.564,0.0
N,1008,14.676,110.549,0.0
N,1009,16.383,112.323,0.0
N,1010,15.018,111.929,0.0
N,1011,16.724,113.702,0.0
N,1012,15.7,114.687,0.0
N,1013,17.407,116.461,0.0
N,1014,16.042,116.067,0.0
N,1015,17.748,117.84,0.0
N,1016,16.724,118.826,0.0
N,1017,18.431,120.599,0.0
N,1018,17.066,120.205,0.0
N,1019,18.772,121.978,0.0
N,1020,17.748,122.964,0.0
N,1021,19.455,124.737,0.0
N,1022,18.09,124.343,0.0
N,1023,19.796,126.117,0.0
N,1024,18.772,127.102,0.0
N,1025,20.479,128.875,0.0
N,1026,19.114,128.481,0.0
N,1027,20.82,130.255,0.0
N,1028,19.796,131.24,0.0
N,1029,21.503,133.014,0.0
N,1030,20.137,132.62,0.0
N,1031,21.844,134.393,0.0
N,1032,20.82,135.378,0.0
N,1033,22.527,137.152,0.0
N,1034,21.161,136.758,0.0
N,1035,22.868,138.531,0.0
N,1036,21.844,139.517,0.0
N,1037,23.551,141.29,0.0
N,1038,22.185,140.896,0.0
N,1039,23.892,142.669,0.0
N,1040,22.868,143.655,0.0
N,1041,24.575,145.428,0.0
N,1042,23.209,145.034,0.0
N,1043,24.916,146.808,0.0
N,1044,23.892,147.793,0.0
N,1045,25.598,149.567,0.0
N,1046,24.233,149.172,0.0
N,1047,25.94,150.946,0.0
N,1048,24.916,151.931,0.0
N,1049,25.257,153.311,0.0
N,1050,25.94,156.069,0.0
N,1051,26.281,157.449,0.0
N,1052,0.341,37.244,0.0
N,1053,0.683,38.623,0.0
N,1054,1.365,41.382,0.0
N,1055,0.0,40.988,0.0
N,1056,1.707,42.761,0.0
N,1057,0.683,43.747,0.0
N,1058,2.389,45.52,0.0
N,1059,1.024,45.126,0.0
N,1060,2.731,46.9,0.0
N,1061,1.707,47.885,0.0
N,1062,3.413,49.658,0.0
N,1063,2.048,49.264,0.0
N,1064,3.754,51.038,0.0
N,1065,2.731,52.023,0.0
N,1066,4.437,53.797,0.0
N,1067,3.072,53.403,0.0
N,1068,4.778,55.176,0.0
N,1069,3.754,56.161,0.0
N,1071,4.096,57.541,0.0
N,1072,5.802,59.314,0.0
N,1073,4.778,60.3,0.0
N,1074,6.485,62.073,0.0
N,1075,5.12,61.679,0.0
N,1076,6.826,63.452,0.0
N,1077,5.802,64.438,0.0
N,1078,7.509,66.211,0.0
N,1079,6.144,65.817,0.0
N,1080,7.85,67.591,0.0
N,1081,6.826,68.576,0.0
N,1082,8.533,70.349,0.0
N,1083,7.168,69.955,0.0
N,1085,7.85,72.714,0.0
N,1086,9.557,74.488,0.0
N,1087,8.192,74.094,0.0
N,1088,9.898,75.867,0.0
N,1089,8.874,76.852,0.0
N,1090,10.581,78.626,0.0
N,1091,9.215,78.232,0.0
N,1092,10.922,80.005,0.0
N,1093,9.898,80.991,0.0
N,1094,11.605,82.764,0.0
N,1095,10.239,82.37,0.0
N,1096,11.946,84.143,0.0
N,1097,10.922,85.129,0.0
N,1098,12.629,86.902,0.0
N,1099,11.263,86.508,0.0
N,1100,12.97,88.282,0.0
N,1101,11.946,89.267,0.0
N,1102,13.653,91.04,0.0
N,1103,12.287,90.646,0.0
N,1104,13.994,92.42,0.0
N,1105,12.97,93.405,0.0
N,1106,14.676,95.179,0.0
N,1107,13.311,94.785,0.0
N,1108,15.018,96.558,0.0
N,1109,13.994,97.543,0.0
N,1110,15.7,99.317,0.0
N,1111,14.335,98.923,0.0
N,1112,16.042,100.696,0.0
N,1113,15.018,101.682,0.0
N,1114,16.724,103.455,0.0
N,1115,15.359,103.061,0.0
N,1116,17.066,104.834,0.0
N,1117,16.042,105.82,0.0
N,1118,17.748,107.593,0.0
N,1119,16.383,107.199,0.0
N,1120,18.09,108.973,0.0
N,1121,17.066,109.958,0.0
N,1122,18.772,111.732,0.0
N,1123,17.407,111.337,0.0
N,1124,19.114,113.111,0.0
N,1125,18.09,114.096,0.0
N,1126,19.796,115.87,0.0
N,1127,18.431,115.476,0.0
N,1128,20.137,117.249,0.0
N,1129,19.114,118.234,0.0
N,1130,20.82,120.008,0.0
N,1131,19.455,119.614,0.0
N,1132,21.161,121.387,0.0
N,1133,20.137,122.373,0.0
N,1134,21.844,124.146,0.0
N,1135,20.479,123.752,0.0
N,1136,22.185,125.526,0.0
N,1137,21.161,126.511,0.0
N,1138,22.868,128.284,0.0
N,1139,21.503,127.89,0.0
N,1140,23.209,129.664,0.0
N,1141,22.185,130.649,0.0
N,1142,23.892,132.423,0.0
N,1143,22.527,132.028,0.0
N,1144,24.233,133.802,0.0
N,1145,23.209,134.787,0.0
N,1147,23.551,136.167,0.0
N,1148,25.257,137.94,0.0
N,1149,24.233,138.925,0.0
N,1150,25.94,140.699,0.0
N,1151,24.575,140.305,0.0
N,1152,26.281,142.078,0.0
N,1153,25.257,143.064,0.0
N,1154,25.598,144.443,0.0
N,1155,26.281,147.202,0.0
N,1156,0.0,25.617,0.0
N,1158,1.024,29.756,0.0
N,1159,0.0,30.741,0.0
N,1160,1.707,32.514,0.0
N,1161,0.341,32.12,0.0
N,1162,2.048,33.894,0.0
N,1163,1.024,34.879,0.0
N,1164,2.731,36.653,0.0
N,1165,1.365,36.259,0.0
N,1166,3.072,38.032,0.0
N,1167,2.048,39.017,0.0
N,1168,3.754,40.791,0.0
N,1169,2.389,40.397,0.0
N,1170,4.096,42.17,0.0
N,1171,3.072,43.156,0.0
N,1172,4.778,44.929,0.0
N,1173,3.413,44.535,0.0
N,1174,5.12,46.308,0.0
N,1175,4.096,47.294,0.0
N,1176,5.802,49.067,0.0
N,1177,4.437,48.673,0.0
N,1178,6.144,50.447,0.0
N,1179,5.12,51.432,0.0
N,1181,5.461,52.811,0.0
N,1182,7.168,54.585,0.0
N,1183,6.144,55.57,0.0
N,1184,7.85,57.344,0.0
N,1185,6.485,56.95,0.0
N,1187,7.168,59.708,0.0
N,1188,8.874,61.482,0.0
N,1189,7.509,61.088,0.0
N,1190,9.215,62.861,0.0
N,1191,8.192,63.847,0.0
N,1192,9.898,65.62,0.0
N,1193,8.533,65.226,0.0
N,1194,10.239,66.999,0.0
N,1195,9.215,67.985,0.0
N,1196,10.922,69.758,0.0
N,1197,9.557,69.364,0.0
N,1198,11.263,71.138,0.0
N,1199,10.239,72.123,0.0
N,1200,11.946,73.896,0.0
N,1201,10.581,73.502,0.0
N,1202,12.287,75.276,0.0
N,1203,11.263,76.261,0.0
N,1204,12.97,78.035,0.0
N,1205,11.605,77.641,0.0
N,1206,13.311,79.414,0.0
N,1207,12.287,80.399,0.0
N,1208,13.994,82.173,0.0
N,1209,12.629,81.779,0.0
N,1210,14.335,83.552,0.0
N,1211,13.311,84.538,0.0
N,1212,15.018,86.311,0.0
N,1213,13.653,85.917,0.0
N,1214,15.359,87.69,0.0
N,1215,14.335,88.676,0.0
N,1216,16.042,90.449,0.0
N,1217,14.676,90.055,0.0
N,1218,16.383,91.829,0.0
N,1219,15.359,92.814,0.0
N,1220,17.066,94.587,0.0
N,1221,15.7,94.193,0.0
N,1222,17.407,95.967,0.0
N,1223,16.383,96.952,0.0
N,1224,18.09,98.726,0.0
N,1225,16.724,98.332,0.0
N,1226,18.431,100.105,0.0
N,1227,17.407,101.09,0.0
N,1228,19.114,102.864,0.0
N,1229,17.748,102.47,0.0
N,1230,19.455,104.243,0.0
N,1231,18.431,105.229,0.0
N,1232,20.137,107.002,0.0
N,1233,18.772,106.608,0.0
N,1234,20.479,108.382,0.0
N,1235,19.455,109.367,0.0
N,1236,21.161,111.14,0.0
N,1237,19.796,110.746,0.0
N,1238,21.503,112.52,0.0
N,1239,20.479,113.505,0.0
N,1240,22.185,115.279,0.0
N,1241,20.82,114.884,0.0
N,1242,22.527,116.658,0.0
N,1243,21.503,117.643,0.0
N,1244,23.209,119.417,0.0
N,1245,21.844,119.023,0.0
N,1246,23.551,120.796,0.0
N,1247,22.527,121.781,0.0
N,1248,24.233,123.555,0.0
N,1249,22.868,123.161,0.0
N,1250,24.575,124.934,0.0
N,1251,23.551,125.92,0.0
N,1252,25.257,127.693,0.0
N,1253,23.892,127.299,0.0
N,1254,25.598,129.073,0.0
N,1255,24.575,130.058,0.0
N,1256,26.281,131.831,0.0
N,1257,24.916,131.437,0.0
N,1258,25.598,134.196,0.0
N,1259,25.94,135.575,0.0
N,1260,0.0,15.37,0.0
N,1261,0.341,16.75,0.0
N,1262,1.024,19.509,0.0
N,1263,1.365,20.888,0.0
N,1264,0.341,21.873,0.0
N,1265,2.048,23.647,0.0
N,1266,0.683,23.253,0.0
N,1267,2.389,25.026,0.0
N,1268,1.365,26.012,0.0
N,1269,3.072,27.785,0.0
N,1270,1.707,27.391,0.0
N,1271,3.413,29.164,0.0
N,1272,2.389,30.15,0.0
N,1273,4.096,31.923,0.0
N,1274,2.731,31.529,0.0
N,1275,4.437,33.303,0.0
N,1276,3.413,34.288,0.0
N,1277,5.12,36.061,0.0
N,1278,3.754,35.667,0.0
N,1279,5.461,37.441,0.0
N,1280,4.437,38.426,0.0
N,1281,6.144,40.2,0.0
N,1282,4.778,39.806,0.0
N,1283,6.485,41.579,0.0
N,1284,5.461,42.564,0.0
N,1286,5.802,43.944,0.0
N,1287,7.509,45.717,0.0
N,1288,6.485,46.703,0.0
N,1289,8.192,48.476,0.0
N,1290,6.826,48.082,0.0
N,1291,8.533,49.855,0.0
N,1292,7.509,50.841,0.0
N,1293,9.215,52.614,0.0
N,1294,7.85,52.22,0.0
N,1295,9.557,53.994,0.0
N,1296,8.533,54.979,0.0
N,1297,10.239,56.752,0.0
N,1298,8.874,56.358,0.0
N,1299,10.581,58.132,0.0
N,1300,9.557,59.117,0.0
N,1301,11.263,60.891,0.0
N,1302,9.898,60.497,0.0
N,1303,11.605,62.27,0.0
N,1304,10.581,63.255,0.0
N,1305,12.287,65.029,0.0
N,1306,10.922,64.635,0.0
N,1307,12.629,66.408,0.0
N,1308,11.605,67.394,0.0
N,1309,13.311,69.167,0.0
N,1310,11.946,68.773,0.0
N,1311,13.653,70.546,0.0
N,1312,12.629,71.532,0.0
N,1313,14.335,73.305,0.0
N,1314,12.97,72.911,0.0
N,1315,14.676,74.685,0.0
N,1316,13.653,75.67,0.0
N,1317,15.359,77.444,0.0
N,1318,13.994,77.049,0.0
N,1319,15.7,78.823,0.0
N,1320,14.676,79.808,0.0
N,1321,16.383,81.582,0.0
N,1322,15.018,81.188,0.0
N,1323,16.724,82.961,0.0
N,1324,15.7,83.946,0.0
N,1325,17.407,85.72,0.0
N,1326,16.042,85.326,0.0
N,1327,17.748,87.099,0.0
N,1328,16.724,88.085,0.0
N,1329,18.431,89.858,0.0
N,1330,17.066,89.464,0.0
N,1331,18.772,91.238,0.0
N,1332,17.748,92.223,0.0
N,1333,19.455,93.996,0.0
N,1334,18.09,93.602,0.0
N,1335,19.796,95.376,0.0
N,1336,18.772,96.361,0.0
N,1337,20.479,98.135,0.0
N,1338,19.114,97.74,0.0
N,1339,20.82,99.514,0.0
N,1340,19.796,100.499,0.0
N,1341,21.503,102.273,0.0
N,1342,20.137,101.879,0.0
N,1343,21.844,103.652,0.0
N,1344,20.82,104.637,0.0
N,1345,22.527,106.411,0.0
N,1346,21.161,106.017,0.0
N,1347,22.868,107.79,0.0
N,1348,21.844,108.776,0.0
N,1349,23.551,110.549,0.0
N,1350,22.185,110.155,0.0
N,1351,23.892,111.929,0.0
N,1352,22.868,112.914,0.0
N,1353,24.575,114.687,0.0
N,1354,23.209,114.293,0.0
N,1355,24.916,116.067,0.0
N,1356,23.892,117.052,0.0
N,1357,25.598,118.826,0.0
N,1358,24.233,118.431,0.0
N,1359,25.94,120.205,0.0
N,1360,24.916,121.19,0.0
N,1361,25.257,122.57,0.0
N,1362,25.94,125.328,0.0
N,1363,26.281,126.708,0.0
N,1365,0.683,7.882,0.0
N,1366,1.365,10.641,0.0
N,1367,0.0,10.247,0.0
N,1368,1.707,12.02,0.0
N,1369,0.683,13.006,0.0
N,1370,2.389,14.779,0.0
N,1371,1.024,14.385,0.0
N,1372,2.731,16.159,0.0
N,1373,1.707,17.144,0.0
N,1374,3.413,18.918,0.0
N,1375,2.048,18.523,0.0
N,1376,3.754,20.297,0.0
N,1377,2.731,21.282,0.0
N,1378,4.437,23.056,0.0
N,1379,3.072,22.662,0.0
N,1380,4.778,24.435,0.0
N,1381,3.754,25.42,0.0
N,1382,5.461,27.194,0.0
N,1383,4.096,26.8,0.0
N,1384,5.802,28.573,0.0
N,1385,4.778,29.559,0.0
N,1386,6.485,31.332,0.0
N,1387,5.12,30.938,0.0
N,1388,6.826,32.712,0.0
N,1389,5.802,33.697,0.0
N,1390,7.509,35.47,0.0
N,1391,6.144,35.076,0.0
N,1392,7.85,36.85,0.0
N,1393,6.826,37.835,0.0
N,1394,8.533,39.609,0.0
N,1395,7.168,39.214,0.0
N,1396,8.874,40.988,0.0
N,1397,7.85,41.973,0.0
N,1398,9.557,43.747,0.0
N,1399,8.192,43.353,0.0
N,1400,9.898,45.126,0.0
N,1401,8.874,46.111,0.0
N,1402,10.581,47.885,0.0
N,1403,9.215,47.491,0.0
N,1404,10.922,49.264,0.0
N,1405,9.898,50.25,0.0
N,1406,11.605,52.023,0.0
N,1407,10.239,51.629,0.0
N,1408,11.946,53.403,0.0
N,1409,10.922,54.388,0.0
N,1410,12.629,56.161,0.0
N,1411,11.263,55.767,0.0
N,1412,12.97,57.541,0.0
N,1413,11.946,58.526,0.0
N,1414,13.653,60.3,0.0
N,1415,12.287,59.905,0.0
N,1416,13.994,61.679,0.0
N,1417,12.97,62.664,0.0
N,1418,14.676,64.438,0.0
N,1419,13.311,64.044,0.0
N,1420,15.018,65.817,0.0
N,1421,13.994,66.802,0.0
N,1422,15.7,68.576,0.0
N,1423,14.335,68.182,0.0
N,1424,16.042,69.955,0.0
N,1425,15.018,70.941,0.0
N,1426,16.724,72.714,0.0
N,1427,15.359,72.32,0.0
N,1428,17.066,74.094,0.0
N,1429,16.042,75.079,0.0
N,1430,17.748,76.852,0.0
N,1431,16.383,76.458,0.0
N,1432,18.09,78.232,0.0
N,1433,17.066,79.217,0.0
N,1434,18.772,80.991,0.0
N,1435,17.407,80.596,0.0
N,1436,19.114,82.37,0.0
N,1437,18.09,83.355,0.0
N,1438,19.796,85.129,0.0
N,1439,18.431,84.735,0.0
N,1440,20.137,86.508,0.0
N,1441,19.114,87.493,0.0
N,1442,20.82,89.267,0.0
N,1443,19.455,88.873,0.0
N,1444,21.161,90.646,0.0
N,1445,20.137,91.632,0.0
N,1446,21.844,93.405,0.0
N,1447,20.479,93.011,0.0
N,1448,22.185,94.785,0.0
N,1449,21.161,95.77,0.0
N,1450,22.868,97.543,0.0
N,1451,21.503,97.149,0.0
N,1452,23.209,98.923,0.0
N,1453,22.185,99.908,0.0
N,1454,23.892,101.682,0.0
N,1455,22.527,101.287,0.0
N,1456,24.233,103.061,0.0
N,1457,23.209,104.046,0.0
N,1458,24.916,105.82,0.0
N,1459,23.551,105.426,0.0
N,1460,25.257,107.199,0.0
N,1461,24.233,108.184,0.0
N,1462,25.94,109.958,0.0
N,1463,24.575,109.564,0.0
N,1464,26.281,111.337,0.0
N,1465,25.257,112.323,0.0
N,1466,25.598,113.702,0.0
N,1467,26.281,116.461,0.0
N,1468,26.622,117.84,0.0
N,1469,0.0,0.0,0.0
N,1470,1.707,1.774,0.0
N,1471,0.341,1.379,0.0
N,1472,2.048,3.153,0.0
N,1474,2.731,5.912,0.0
N,1475,1.365,5.518,0.0
N,1476,3.072,7.291,0.0
N,1477,2.048,8.276,0.0
N,1478,3.754,10.05,0.0
N,1479,2.389,9.656,0.0
N,1480,4.096,11.429,0.0
N,1481,3.072,12.415,0.0
N,1482,4.778,14.188,0.0
N,1483,3.413,13.794,0.0
N,1485,4.096,16.553,0.0
N,1486,5.802,18.326,0.0
N,1487,4.437,17.932,0.0
N,1488,6.144,19.706,0.0
N,1489,5.12,20.691,0.0
N,1490,6.826,22.465,0.0
N,1491,5.461,22.07,0.0
N,1492,7.168,23.844,0.0
N,1493,6.144,24.829,0.0
N,1494,7.85,26.603,0.0
N,1495,6.485,26.209,0.0
N,1496,8.192,27.982,0.0
N,1497,7.168,28.967,0.0
N,1498,8.874,30.741,0.0
N,1499,7.509,30.347,0.0
N,1500,9.215,32.12,0.0
N,1501,8.192,33.106,0.0
N,1502,9.898,34.879,0.0
N,1503,8.533,34.485,0.0
N,1504,10.239,36.259,0.0
N,1505,9.215,37.244,0.0
N,1506,10.922,39.017,0.0
N,1507,9.557,38.623,0.0
N,1508,11.263,40.397,0.0
N,1509,10.239,41.382,0.0
N,1510,11.946,43.156,0.0
N,1511,10.581,42.761,0.0
N,1512,12.287,44.535,0.0
N,1513,11.263,45.52,0.0
N,1514,12.97,47.294,0.0
N,1515,11.605,46.9,0.0
N,1516,13.311,48.673,0.0
N,1517,12.287,49.658,0.0
N,1518,13.994,51.432,0.0
N,1519,12.629,51.038,0.0
N,1520,14.335,52.811,0.0
N,1521,13.311,53.797,0.0
N,1522,15.018,55.57,0.0
N,1523,13.653,55.176,0.0
N,1524,15.359,56.95,0.0
N,1525,14.335,57.935,0.0
N,1526,16.042,59.708,0.0
N,1527,14.676,59.314,0.0
N,1529,15.359,62.073,0.0
N,1530,17.066,63.847,0.0
N,1531,15.7,63.452,0.0
N,1532,17.407,65.226,0.0
N,1533,16.383,66.211,0.0
N,1534,18.09,67.985,0.0
N,1535,16.724,67.591,0.0
N,1536,18.431,69.364,0.0
N,1537,17.407,70.349,0.0
N,1538,19.114,72.123,0.0
N,1539,17.748,71.729,0.0
N,1540,19.455,73.502,0.0
N,1541,18.431,74.488,0.0
N,1542,20.137,76.261,0.0
N,1543,18.772,75.867,0.0
N,1544,20.479,77.641,0.0
N,1545,19.455,78.626,0.0
N,1546,21.161,80.399,0.0
N,1547,19.796,80.005,0.0
N,1548,21.503,81.779,0.0
N,1549,20.479,82.764,0.0
N,1550,22.185,84.538,0.0
N,1551,20.82,84.143,0.0
N,1552,22.527,85.917,0.0
N,1553,21.503,86.902,0.0
N,1554,23.209,88.676,0.0
N,1555,21.844,88.282,0.0
N,1556,23.551,90.055,0.0
N,1557,22.527,91.04,0.0
N,1558,24.233,92.814,0.0
N,1559,22.868,92.42,0.0
N,1560,24.575,94.193,0.0
N,1561,23.551,95.179,0.0
N,1562,25.257,96.952,0.0
N,1563,23.892,96.558,0.0
N,1564,25.598,98.332,0.0
N,1565,24.575,99.317,0.0
N,1566,26.281,101.09,0.0
N,1567,24.916,100.696,0.0
N,1568,26.622,102.47,0.0
N,1569,25.598,103.455,0.0
N,1570,25.94,104.834,0.0
N,1571,4.096,1.182,0.0
N,1572,2.731,0.788,0.0
N,1573,4.437,2.562,0.0
N,1574,3.413,3.547,0.0
N,1575,5.12,5.321,0.0
N,1576,3.754,4.926,0.0
N,1577,5.461,6.7,0.0
N,1578,4.437,7.685,0.0
N,1579,6.144,9.459,0.0
N,1580,4.778,9.065,0.0
N,1581,6.485,10.838,0.0
N,1582,5.461,11.823,0.0
N,1583,7.168,13.597,0.0
N,1584,5.802,13.203,0.0
N,1585,7.509,14.976,0.0
N,1586,6.485,15.962,0.0
N,1587,8.192,17.735,0.0
N,1588,6.826,17.341,0.0
N,1589,8.533,19.115,0.0
N,1590,7.509,20.1,0.0
N,1591,9.215,21.873,0.0
N,1592,7.85,21.479,0.0
N,1593,9.557,23.253,0.0
N,1594,8.533,24.238,0.0
N,1595,10.239,26.012,0.0
N,1596,8.874,25.617,0.0
N,1597,10.581,27.391,0.0
N,1598,9.557,28.376,0.0
N,1599,11.263,30.15,0.0
N,1600,9.898,29.756,0.0
N,1601,11.605,31.529,0.0
N,1602,10.581,32.514,0.0
N,1603,12.287,34.288,0.0
N,1604,10.922,33.894,0.0
N,1605,12.629,35.667,0.0
N,1606,11.605,36.653,0.0
N,1607,13.311,38.426,0.0
N,1608,11.946,38.032,0.0
N,1609,13.653,39.806,0.0
N,1610,12.629,40.791,0.0
N,1611,14.335,42.564,0.0
N,1612,12.97,42.17,0.0
N,1613,14.676,43.944,0.0
N,1614,13.653,44.929,0.0
N,1615,15.359,46.703,0.0
N,1616,13.994,46.308,0.0
N,1617,15.7,48.082,0.0
N,1618,14.676,49.067,0.0
N,1619,16.383,50.841,0.0
N,1620,15.018,50.447,0.0
N,1621,16.724,52.22,0.0
N,1622,15.7,53.205,0.0
N,1623,17.407,54.979,0.0
N,1624,16.042,54.585,0.0
N,1625,17.748,56.358,0.0
N,1626,16.724,57.344,0.0
N,1627,18.431,59.117,0.0
N,1628,17.066,58.723,0.0
N,1629,18.772,60.497,0.0
N,1630,17.748,61.482,0.0
N,1631,19.455,63.255,0.0
N,1632,18.09,62.861,0.0
N,1633,19.796,64.635,0.0
N,1634,18.772,65.62,0.0
N,1635,20.479,67.394,0.0
N,1636,19.114,66.999,0.0
N,1637,20.82,68.773,0.0
N,1638,19.796,69.758,0.0
N,1639,21.503,71.532,0.0
N,1640,20.137,71.138,0.0
N,1641,21.844,72.911,0.0
N,1642,20.82,73.896,0.0
N,1643,22.527,75.67,0.0
N,1644,21.161,75.276,0.0
N,1645,22.868,77.049,0.0
N,1646,21.844,78.035,0.0
N,1647,23.551,79.808,0.0
N,1648,22.185,79.414,0.0
N,1649,23.892,81.188,0.0
N,1650,22.868,82.173,0.0
N,1651,24.575,83.946,0.0
N,1652,23.209,83.552,0.0
N,1653,24.916,85.326,0.0
N,1654,23.892,86.311,0.0
N,1655,25.598,88.085,0.0
N,1657,25.94,89.464,0.0
N,1658,24.916,90.449,0.0
N,1659,25.257,91.829,0.0
N,1660,25.94,94.587,0.0
N,1661,26.281,95.967,0.0
N,1662,6.485,0.591,0.0
N,1663,5.12,0.197,0.0
N,1664,6.826,1.971,0.0
N,1665,5.802,2.956,0.0
N,1666,7.509,4.729,0.0
N,1667,6.144,4.335,0.0
N,1668,7.85,6.109,0.0
N,1669,6.826,7.094,0.0
N,1670,8.533,8.868,0.0
N,1671,7.168,8.473,0.0
N,1672,8.874,10.247,0.0
N,1673,7.85,11.232,0.0
N,1674,9.557,13.006,0.0
N,1675,8.192,12.612,0.0
N,1676,9.898,14.385,0.0
N,1677,8.874,15.37,0.0
N,1678,10.581,17.144,0.0
N,1679,9.215,16.75,0.0
N,1680,10.922,18.523,0.0
N,1681,9.898,19.509,0.0
N,1682,11.605,21.282,0.0
N,1683,10.239,20.888,0.0
N,1684,11.946,22.662,0.0
N,1685,10.922,23.647,0.0
N,1686,12.629,25.42,0.0
N,1687,11.263,25.026,0.0
N,1688,12.97,26.8,0.0
N,1689,11.946,27.785,0.0
N,1690,13.653,29.559,0.0
N,1691,12.287,29.164,0.0
N,1692,13.994,30.938,0.0
N,1694,14.676,33.697,0.0
N,1695,13.311,33.303,0.0
N,1696,15.018,35.076,0.0
N,1697,13.994,36.061,0.0
N,1698,15.7,37.835,0.0
N,1699,14.335,37.441,0.0
N,1700,16.042,39.214,0.0
N,1701,15.018,40.2,0.0
N,1702,16.724,41.973,0.0
N,1703,15.359,41.579,0.0
N,1704,17.066,43.353,0.0
N,1705,16.042,44.338,0.0
N,1706,17.748,46.111,0.0
N,1707,16.383,45.717,0.0
N,1708,18.09,47.491,0.0
N,1709,17.066,48.476,0.0
N,1710,18.772,50.25,0.0
N,1711,17.407,49.855,0.0
N,1712,19.114,51.629,0.0
N,1713,18.09,52.614,0.0
N,1714,19.796,54.388,0.0
N,1715,18.431,53.994,0.0
N,1716,20.137,55.767,0.0
N,1717,19.114,56.752,0.0
N,1718,20.82,58.526,0.0
N,1719,19.455,58.132,0.0
N,1720,21.161,59.905,0.0
N,1721,20.137,60.891,0.0
N,1722,21.844,62.664,0.0
N,1723,20.479,62.27,0.0
N,1724,22.185,64.044,0.0
N,1725,21.161,65.029,0.0
N,1726,22.868,66.802,0.0
N,1727,21.503,66.408,0.0
N,1728,23.209,68.182,0.0
N,1729,22.185,69.167,0.0
N,1730,23.892,70.941,0.0
N,1731,22.527,70.546,0.0
N,1732,24.233,72.32,0.0
N,1733,23.209,73.305,0.0
N,1734,24.916,75.079,0.0
N,1735,23.551,74.685,0.0
N,1736,25.257,76.458,0.0
N,1737,24.233,77.444,0.0
N,1738,25.94,79.217,0.0
N,1739,24.575,78.823,0.0
N,1740,26.281,80.596,0.0
N,1741,25.257,81.582,0.0
N,1742,25.598,82.961,0.0
N,1743,26.281,85.72,0.0
N,1744,8.874,0.0,0.0
N,1745,9.215,1.379,0.0
N,1746,8.192,2.365,0.0
N,1747,9.898,4.138,0.0
N,1748,8.533,3.744,0.0
N,1749,10.239,5.518,0.0
N,1750,9.215,6.503,0.0
N,1751,10.922,8.276,0.0
N,1752,9.557,7.882,0.0
N,1753,11.263,9.656,0.0
N,1754,10.239,10.641,0.0
N,1755,11.946,12.415,0.0
N,1756,10.581,12.02,0.0
N,1757,12.287,13.794,0.0
N,1758,11.263,14.779,0.0
N,1759,12.97,16.553,0.0
N,1760,11.605,16.159,0.0
N,1761,13.311,17.932,0.0
N,1762,12.287,18.918,0.0
N,1763,13.994,20.691,0.0
N,1764,12.629,20.297,0.0
N,1765,14.335,22.07,0.0
N,1766,13.311,23.056,0.0
N,1767,15.018,24.829,0.0
N,1768,13.653,24.435,0.0
N,1769,15.359,26.209,0.0
N,1770,14.335,27.194,0.0
N,1771,16.042,28.967,0.0
N,1772,14.676,28.573,0.0
N,1773,16.383,30.347,0.0
N,1774,15.359,31.332,0.0
N,1775,17.066,33.106,0.0
N,1776,15.7,32.712,0.0
N,1777,17.407,34.485,0.0
N,1778,16.383,35.47,0.0
N,1779,18.09,37.244,0.0
N,1780,16.724,36.85,0.0
N,1781,18.431,38.623,0.0
N,1782,17.407,39.609,0.0
N,1783,19.114,41.382,0.0
N,1784,17.748,40.988,0.0
N,1785,19.455,42.761,0.0
N,1786,18.431,43.747,0.0
N,1787,20.137,45.52,0.0
N,1788,18.772,45.126,0.0
N,1789,20.479,46.9,0.0
N,1790,19.455,47.885,0.0
N,1791,21.161,49.658,0.0
N,1792,19.796,49.264,0.0
N,1793,21.503,51.038,0.0
N,1794,20.479,52.023,0.0
N,1795,22.185,53.797,0.0
N,1797,22.527,55.176,0.0
N,1798,21.503,56.161,0.0
N,1799,23.209,57.935,0.0
N,1800,21.844,57.541,0.0
N,1801,23.551,59.314,0.0
N,1802,22.527,60.3,0.0
N,1803,24.233,62.073,0.0
N,1804,22.868,61.679,0.0
N,1805,24.575,63.452,0.0
N,1806,23.551,64.438,0.0
N,1807,25.257,66.211,0.0
N,1808,23.892,65.817,0.0
N,1809,25.598,67.591,0.0
N,1810,24.575,68.576,0.0
N,1811,26.281,70.349,0.0
N,1812,24.916,69.955,0.0
N,1813,26.622,71.729,0.0
N,1814,25.598,72.714,0.0
N,1815,25.94,74.094,0.0
N,1816,11.605,0.788,0.0
N,1817,10.581,1.774,0.0
N,1818,12.287,3.547,0.0
N,1819,10.922,3.153,0.0
N,1820,12.629,4.926,0.0
N,1821,11.605,5.912,0.0
N,1822,13.311,7.685,0.0
N,1823,11.946,7.291,0.0
N,1824,13.653,9.065,0.0
N,1825,12.629,10.05,0.0
N,1826,14.335,11.823,0.0
N,1827,12.97,11.429,0.0
N,1828,14.676,13.203,0.0
N,1829,13.653,14.188,0.0
N,1830,15.359,15.962,0.0
N,1831,13.994,15.568,0.0
N,1832,15.7,17.341,0.0
N,1833,14.676,18.326,0.0
N,1834,16.383,20.1,0.0
N,1835,15.018,19.706,0.0
N,1836,16.724,21.479,0.0
N,1837,15.7,22.465,0.0
N,1838,17.407,24.238,0.0
N,1839,16.042,23.844,0.0
N,1840,17.748,25.617,0.0
N,1841,16.724,26.603,0.0
N,1842,18.431,28.376,0.0
N,1843,17.066,27.982,0.0
N,1844,18.772,29.756,0.0
N,1845,17.748,30.741,0.0
N,1846,19.455,32.514,0.0
N,1847,18.09,32.12,0.0
N,1848,19.796,33.894,0.0
N,1849,18.772,34.879,0.0
N,1850,20.479,36.653,0.0
N,1851,19.114,36.259,0.0
N,1852,20.82,38.032,0.0
N,1853,19.796,39.017,0.0
N,1854,21.503,40.791,0.0
N,1855,20.137,40.397,0.0
N,1856,21.844,42.17,0.0
N,1857,20.82,43.156,0.0
N,1858,22.527,44.929,0.0
N,1859,21.161,44.535,0.0
N,1860,22.868,46.308,0.0
N,1861,21.844,47.294,0.0
N,1862,23.551,49.067,0.0
N,1863,22.185,48.673,0.0
N,1864,23.892,50.447,0.0
N,1865,22.868,51.432,0.0
N,1866,24.575,53.205,0.0
N,1867,23.209,52.811,0.0
N,1868,24.916,54.585,0.0
N,1869,23.892,55.57,0.0
N,1870,25.598,57.344,0.0
N,1871,24.233,56.95,0.0
N,1872,25.94,58.723,0.0
N,1873,24.916,59.708,0.0
N,1874,25.257,61.088,0.0
N,1875,25.94,63.847,0.0
N,1876,26.281,65.226,0.0
N,1877,13.994,0.197,0.0
N,1878,12.97,1.182,0.0
N,1879,14.676,2.956,0.0
N,1880,13.311,2.562,0.0
N,1881,15.018,4.335,0.0
N,1882,13.994,5.321,0.0
N,1883,15.7,7.094,0.0
N,1884,14.335,6.7,0.0
N,1885,16.042,8.473,0.0
N,1886,15.018,9.459,0.0
N,1888,15.359,10.838,0.0
N,1889,17.066,12.612,0.0
N,1890,16.042,13.597,0.0
N,1891,17.748,15.37,0.0
N,1893,18.09,16.75,0.0
N,1894,17.066,17.735,0.0
N,1895,18.772,19.509,0.0
N,1896,17.407,19.115,0.0
N,1897,19.114,20.888,0.0
N,1898,18.09,21.873,0.0
N,1899,19.796,23.647,0.0
N,1900,18.431,23.253,0.0
N,1901,20.137,25.026,0.0
N,1902,19.114,26.012,0.0
N,1903,20.82,27.785,0.0
N,1904,19.455,27.391,0.0
N,1905,21.161,29.164,0.0
N,1906,20.137,30.15,0.0
N,1907,21.844,31.923,0.0
N,1908,20.479,31.529,0.0
N,1909,22.185,33.303,0.0
N,1910,21.161,34.288,0.0
N,1911,22.868,36.061,0.0
N,1912,21.503,35.667,0.0
N,1913,23.209,37.441,0.0
N,1914,22.185,38.426,0.0
N,1915,23.892,40.2,0.0
N,1916,22.527,39.806,0.0
N,1917,24.233,41.579,0.0
N,1918,23.209,42.564,0.0
N,1919,24.916,44.338,0.0
N,1920,23.551,43.944,0.0
N,1921,25.257,45.717,0.0
N,1922,24.233,46.703,0.0
N,1923,25.94,48.476,0.0
N,1924,24.575,48.082,0.0
N,1925,26.281,49.855,0.0
N,1926,25.257,50.841,0.0
N,1927,25.598,52.22,0.0
N,1928,26.281,54.979,0.0
N,1929,15.359,0.591,0.0
N,1930,17.066,2.365,0.0
N,1931,15.7,1.971,0.0
N,1932,17.407,3.744,0.0
N,1933,16.383,4.729,0.0
N,1934,18.09,6.503,0.0
N,1935,16.724,6.109,0.0
N,1936,18.431,7.882,0.0
N,1937,17.407,8.868,0.0
N,1938,19.114,10.641,0.0
N,1939,17.748,10.247,0.0
N,1940,19.455,12.02,0.0
N,1941,18.431,13.006,0.0
N,1942,20.137,14.779,0.0
N,1943,18.772,14.385,0.0
N,1944,20.479,16.159,0.0
N,1945,19.455,17.144,0.0
N,1946,21.161,18.918,0.0
N,1947,19.796,18.523,0.0
N,1948,21.503,20.297,0.0
N,1949,20.479,21.282,0.0
N,1950,22.185,23.056,0.0
N,1951,20.82,22.662,0.0
N,1952,22.527,24.435,0.0
N,1953,21.503,25.42,0.0
N,1954,23.209,27.194,0.0
N,1955,21.844,26.8,0.0
N,1956,23.551,28.573,0.0
N,1957,22.527,29.559,0.0
N,1958,24.233,31.332,0.0
N,1959,22.868,30.938,0.0
N,1960,24.575,32.712,0.0
N,1961,23.551,33.697,0.0
N,1962,25.257,35.47,0.0
N,1963,23.892,35.076,0.0
N,1964,25.598,36.85,0.0
N,1965,24.575,37.835,0.0
N,1966,26.281,39.609,0.0
N,1967,24.916,39.214,0.0
N,1968,25.598,41.973,0.0
N,1969,25.94,43.353,0.0
N,1970,26.622,46.111,0.0
N,1971,17.748,0.0,0.0
N,1973,18.09,1.379,0.0
N,1974,19.796,3.153,0.0
N,1975,18.772,4.138,0.0
N,1976,20.479,5.912,0.0
N,1977,19.114,5.518,0.0
N,1978,20.82,7.291,0.0
N,1979,19.796,8.276,0.0
N,1980,21.503,10.05,0.0
N,1981,20.137,9.656,0.0
N,1982,21.844,11.429,0.0
N,1983,20.82,12.415,0.0
N,1984,22.527,14.188,0.0
N,1985,21.161,13.794,0.0
N,1986,22.868,15.568,0.0
N,1987,21.844,16.553,0.0
N,1988,23.551,18.326,0.0
N,1989,22.185,17.932,0.0
N,1990,23.892,19.706,0.0
N,1991,22.868,20.691,0.0
N,1992,24.575,22.465,0.0
N,1993,23.209,22.07,0.0
N,1994,24.916,23.844,0.0
N,1995,23.892,24.829,0.0
N,1996,25.598,26.603,0.0
N,1997,24.233,26.209,0.0
N,1998,25.94,27.982,0.0
N,1999,24.916,28.967,0.0
N,2000,26.622,30.741,0.0
N,2001,25.257,30.347,0.0
N,2002,25.94,33.106,0.0
N,2003,26.281,34.485,0.0
N,2004,21.844,1.182,0.0
N,2005,20.479,0.788,0.0
N,2006,22.185,2.562,0.0
N,2007,21.161,3.547,0.0
N,2008,22.868,5.321,0.0
N,2009,21.503,4.926,0.0
N,2010,23.209,6.7,0.0
N,2011,22.185,7.685,0.0
N,2012,23.892,9.459,0.0
N,2013,22.527,9.065,0.0
N,2014,24.233,10.838,0.0
N,2015,23.209,11.823,0.0
N,2016,24.916,13.597,0.0
N,2017,23.551,13.203,0.0
N,2018,25.257,14.976,0.0
N,2019,24.233,15.962,0.0
N,2020,25.94,17.735,0.0
N,2021,24.575,17.341,0.0
N,2022,26.281,19.115,0.0
N,2023,25.257,20.1,0.0
N,2024,25.598,21.479,0.0
N,2025,26.281,24.238,0.0
N,2026,26.622,25.617,0.0
N,2027,24.233,0.591,0.0
N,2029,24.575,1.971,0.0
N,2030,23.551,2.956,0.0
N,2031,25.257,4.729,0.0
N,2032,23.892,4.335,0.0
N,2033,25.598,6.109,0.0
N,2034,24.575,7.094,0.0
N,2035,26.281,8.868,0.0
N,2036,24.916,8.473,0.0
N,2037,26.622,10.247,0.0
N,2038,25.598,11.232,0.0
N,2039,25.94,12.612,0.0
N,2040,26.622,0.0,0.0
N,2041,25.94,2.365,0.0
N,2042,26.281,3.744,0.0
