/PREP7
N,1,0.0,0.0,0.0
N,2,1.231,2.132,0.0
N,3,0.0,1.421,0.0
N,4,1.231,3.553,0.0
N,5,0.0,4.263,0.0
N,6,1.231,6.395,0.0
N,7,0.0,5.684,0.0
N,9,0.0,8.526,0.0
N,10,1.231,10.658,0.0
N,11,0.0,9.947,0.0
N,13,0.0,12.789,0.0
N,14,1.231,14.921,0.0
N,16,1.231,16.342,0.0
N,17,0.0,17.052,0.0
N,18,1.231,19.184,0.0
N,19,0.0,18.473,0.0
N,20,1.231,20.605,0.0
N,21,0.0,21.315,0.0
N,22,1.231,23.447,0.0
N,23,0.0,22.736,0.0
N,24,1.231,24.868,0.0
N,25,0.0,25.578,0.0
N,26,1.231,27.71,0.0
N,27,0.0,26.999,0.0
N,28,1.231,29.131,0.0
N,29,0.0,29.841,0.0
N,30,1.231,31.973,0.0
N,31,0.0,31.262,0.0
N,32,1.231,33.394,0.0
N,33,0.0,34.104,0.0
N,34,1.231,36.236,0.0
N,35,0.0,35.525,0.0
N,36,1.231,37.657,0.0
N,37,0.0,38.367,0.0
N,38,1.231,40.499,0.0
N,39,0.0,39.788,0.0
N,40,1.231,41.92,0.0
N,41,0.0,42.63,0.0
N,42,1.231,44.762,0.0
N,43,0.0,44.051,0.0
N,44,1.231,46.183,0.0
N,45,0.0,46.893,0.0
N,46,1.231,49.025,0.0
N,47,0.0,48.314,0.0
N,48,1.231,50.446,0.0
N,49,0.0,51.156,0.0
N,50,1.231,53.288,0.0
N,51,0.0,52.577,0.0
N,52,1.231,54.709,0.0
N,53,0.0,55.419,0.0
N,54,1.231,57.551,0.0
N,55,0.0,56.84,0.0
N,56,1.231,58.972,0.0
N,57,0.0,59.682,0.0
N,58,1.231,61.814,0.0
N,59,0.0,61.103,0.0
N,60,1.231,63.235,0.0
N,61,0.0,63.945,0.0
N,62,1.231,66.077,0.0
N,63,0.0,65.366,0.0
N,65,0.0,68.208,0.0
N,66,1.231,70.34,0.0
N,67,0.0,69.629,0.0
N,68,1.231,71.761,0.0
N,69,0.0,72.471,0.0
N,70,1.231,74.603,0.0
N,71,0.0,73.892,0.0
N,72,1.231,76.024,0.0
N,73,0.0,76.734,0.0
N,74,1.231,78.866,0.0
N,75,0.0,78.155,0.0
N,76,1.231,80.287,0.0
N,77,0.0,80.997,0.0
N,78,1.231,83.129,0.0
N,79,0.0,82.418,0.0
N,80,1.231,84.55,0.0
N,81,0.0,85.26,0.0
N,82,1.231,87.392,0.0
N,83,0.0,86.681,0.0
N,84,1.231,88.813,0.0
N,85,0.0,89.523,0.0
N,86,1.231,91.655,0.0
N,87,0.0,90.944,0.0
N,88,1.231,93.076,0.0
N,89,0.0,93.786,0.0
N,90,1.231,95.918,0.0
N,91,0.0,95.207,0.0
N,92,1.231,97.339,0.0
N,93,0.0,98.049,0.0
N,94,1.231,100.181,0.0
N,95,0.0,99.47,0.0
N,96,1.231,101.602,0.0
N,97,0.0,102.312,0.0
N,98,1.231,104.444,0.0
N,99,0.0,103.733,0.0
N,100,1.231,105.865,0.0
N,101,0.0,106.575,0.0
N,102,1.231,108.707,0.0
N,103,0.0,107.996,0.0
N,104,1.231,110.128,0.0
N,105,0.0,110.838,0.0
N,106,1.231,112.97,0.0
N,107,0.0,112.259,0.0
N,108,1.231,114.391,0.0
N,109,0.0,115.101,0.0
N,110,1.231,117.233,0.0
N,111,0.0,116.522,0.0
N,112,1.231,118.654,0.0
N,113,0.0,119.364,0.0
N,114,1.231,121.496,0.0
N,115,0.0,120.785,0.0
N,116,1.231,122.917,0.0
N,117,0.0,123.627,0.0
N,118,1.231,125.759,0.0
N,119,0.0,125.048,0.0
N,120,1.231,127.18,0.0
N,121,0.0,127.89,0.0
N,122,1.231,130.022,0.0
N,123,0.0,129.311,0.0
N,124,1.231,131.443,0.0
N,125,0.0,132.153,0.0
N,126,1.231,134.285,0.0
N,127,0.0,133.574,0.0
N,128,1.231,135.706,0.0
N,129,0.0,136.416,0.0
N,130,1.231,138.548,0.0
N,131,0.0,137.837,0.0
N,132,1.231,139.969,0.0
N,133,0.0,140.679,0.0
N,134,1.231,142.811,0.0
N,135,0.0,142.1,0.0
N,136,1.231,144.232,0.0
N,137,0.0,144.942,0.0
N,138,1.231,147.074,0.0
N,139,0.0,146.363,0.0
N,140,1.231,148.495,0.0
N,141,0.0,149.205,0.0
N,142,1.231,151.337,0.0
N,143,0.0,150.626,0.0
N,144,1.231,152.758,0.0
N,145,0.0,153.468,0.0
N,146,1.231,155.6,0.0
N,147,0.0,154.889,0.0
N,148,1.231,157.021,0.0
N,149,0.0,157.731,0.0
N,151,0.0,159.152,0.0
N,152,1.231,161.284,0.0
N,153,0.0,161.994,0.0
N,154,1.231,164.126,0.0
N,155,0.0,163.415,0.0
N,156,1.231,165.547,0.0
N,157,0.0,166.257,0.0
N,158,1.231,168.389,0.0
N,159,0.0,167.678,0.0
N,160,1.231,169.81,0.0
N,161,0.0,170.52,0.0
N,162,1.231,172.652,0.0
N,163,0.0,171.941,0.0
N,164,1.231,174.073,0.0
N,165,0.0,174.783,0.0
N,166,1.231,176.915,0.0
N,169,0.0,179.046,0.0
N,170,1.231,181.178,0.0
N,171,0.0,180.467,0.0
N,172,1.231,182.599,0.0
N,173,0.0,183.309,0.0
N,174,1.231,185.441,0.0
N,175,0.0,184.73,0.0
N,176,1.231,186.862,0.0
N,177,0.0,187.572,0.0
N,178,1.231,189.704,0.0
N,179,0.0,188.993,0.0
N,180,1.231,191.125,0.0
N,181,0.0,191.835,0.0
N,182,1.231,193.967,0.0
N,183,0.0,193.256,0.0
N,184,1.231,195.388,0.0
N,185,0.0,196.098,0.0
N,186,1.231,198.23,0.0
N,187,0.0,197.519,0.0
N,188,1.231,199.651,0.0
N,189,2.461,0.0,0.0
N,190,3.692,2.132,0.0
N,191,2.461,1.421,0.0
N,192,3.692,3.553,0.0
N,193,2.461,4.263,0.0
N,194,3.692,6.395,0.0
N,195,2.461,5.684,0.0
N,196,3.692,7.816,0.0
N,197,2.461,8.526,0.0
N,198,3.692,10.658,0.0
N,199,2.461,9.947,0.0
N,200,3.692,12.079,0.0
N,201,2.461,12.789,0.0
N,202,3.692,14.921,0.0
N,203,2.461,14.21,0.0
N,204,3.692,16.342,0.0
N,206,3.692,19.184,0.0
N,207,2.461,18.473,0.0
N,208,3.692,20.605,0.0
N,209,2.461,21.315,0.0
N,210,3.692,23.447,0.0
N,211,2.461,22.736,0.0
N,212,3.692,24.868,0.0
N,213,2.461,25.578,0.0
N,214,3.692,27.71,0.0
N,215,2.461,26.999,0.0
N,216,3.692,29.131,0.0
N,217,2.461,29.841,0.0
N,218,3.692,31.973,0.0
N,219,2.461,31.262,0.0
N,220,3.692,33.394,0.0
N,221,2.461,34.104,0.0
N,222,3.692,36.236,0.0
N,223,2.461,35.525,0.0
N,224,3.692,37.657,0.0
N,225,2.461,38.367,0.0
N,226,3.692,40.499,0.0
N,227,2.461,39.788,0.0
N,228,3.692,41.92,0.0
N,229,2.461,42.63,0.0
N,230,3.692,44.762,0.0
N,231,2.461,44.051,0.0
N,232,3.692,46.183,0.0
N,233,2.461,46.893,0.0
N,234,3.692,49.025,0.0
N,235,2.461,48.314,0.0
N,236,3.692,50.446,0.0
N,237,2.461,51.156,0.0
N,239,2.461,52.577,0.0
N,240,3.692,54.709,0.0
N,241,2.461,55.419,0.0
N,242,3.692,57.551,0.0
N,243,2.461,56.84,0.0
N,244,3.692,58.972,0.0
N,245,2.461,59.682,0.0
N,246,3.692,61.814,0.0
N,247,2.461,61.103,0.0
N,248,3.692,63.235,0.0
N,249,2.461,63.945,0.0
N,250,3.692,66.077,0.0
N,251,2.461,65.366,0.0
N,252,3.692,67.498,0.0
N,253,2.461,68.208,0.0
N,254,3.692,70.34,0.0
N,255,2.461,69.629,0.0
N,256,3.692,71.761,0.0
N,257,2.461,72.471,0.0
N,258,3.692,74.603,0.0
N,259,2.461,73.892,0.0
N,260,3.692,76.024,0.0
N,261,2.461,76.734,0.0
N,262,3.692,78.866,0.0
N,263,2.461,78.155,0.0
N,264,3.692,80.287,0.0
N,265,2.461,80.997,0.0
N,266,3.692,83.129,0.0
N,267,2.461,82.418,0.0
N,268,3.692,84.55,0.0
N,269,2.461,85.26,0.0
N,270,3.692,87.392,0.0
N,271,2.461,86.681,0.0
N,272,3.692,88.813,0.0
N,273,2.461,89.523,0.0
N,274,3.692,91.655,0.0
N,275,2.461,90.944,0.0
N,276,3.692,93.076,0.0
N,277,2.461,93.786,0.0
N,278,3.692,95.918,0.0
N,279,2.461,95.207,0.0
N,281,2.461,98.049,0.0
N,282,3.692,100.181,0.0
N,283,2.461,99.47,0.0
N,284,3.692,101.602,0.0
N,285,2.461,102.312,0.0
N,286,3.692,104.444,0.0
N,287,2.461,103.733,0.0
N,288,3.692,105.865,0.0
N,289,2.461,106.575,0.0
N,290,3.692,108.707,0.0
N,291,2.461,107.996,0.0
N,292,3.692,110.128,0.0
N,293,2.461,110.838,0.0
N,294,3.692,112.97,0.0
N,295,2.461,112.259,0.0
N,296,3.692,114.391,0.0
N,297,2.461,115.101,0.0
N,298,3.692,117.233,0.0
N,299,2.461,116.522,0.0
N,300,3.692,118.654,0.0
N,301,2.461,119.364,0.0
N,302,3.692,121.496,0.0
N,303,2.461,120.785,0.0
N,304,3.692,122.917,0.0
N,305,2.461,123.627,0.0
N,306,3.692,125.759,0.0
N,307,2.461,125.048,0.0
N,308,3.692,127.18,0.0
N,309,2.461,127.89,0.0
N,310,3.692,130.022,0.0
N,311,2.461,129.311,0.0
N,312,3.692,131.443,0.0
N,313,2.461,132.153,0.0
N,314,3.692,134.285,0.0
N,315,2.461,133.574,0.0
N,316,3.692,135.706,0.0
N,317,2.461,136.416,0.0
N,318,3.692,138.548,0.0
N,319,2.461,137.837,0.0
N,321,2.461,140.679,0.0
N,322,3.692,142.811,0.0
N,323,2.461,142.1,0.0
N,325,2.461,144.942,0.0
N,326,3.692,147.074,0.0
N,327,2.461,146.363,0.0
N,328,3.692,148.495,0.0
N,329,2.461,149.205,0.0
N,330,3.692,151.337,0.0
N,331,2.461,150.626,0.0
N,332,3.692,152.758,0.0
N,333,2.461,153.468,0.0
N,335,2.461,154.889,0.0
N,336,3.692,157.021,0.0
N,337,2.461,157.731,0.0
N,338,3.692,159.863,0.0
N,339,2.461,159.152,0.0
N,340,3.692,161.284,0.0
N,341,2.461,161.994,0.0
N,342,3.692,164.126,0.0
N,343,2.461,163.415,0.0
N,344,3.692,165.547,0.0
N,345,2.461,166.257,0.0
N,346,3.692,168.389,0.0
N,347,2.461,167.678,0.0
N,348,3.692,169.81,0.0
N,349,2.461,170.52,0.0
N,350,3.692,172.652,0.0
N,351,2.461,171.941,0.0
N,352,3.692,174.073,0.0
N,353,2.461,174.783,0.0
N,354,3.692,176.915,0.0
N,355,2.461,176.204,0.0
N,356,3.692,178.336,0.0
N,357,2.461,179.046,0.0
N,359,2.461,180.467,0.0
N,360,3.692,182.599,0.0
N,361,2.461,183.309,0.0
N,362,3.692,185.441,0.0
N,363,2.461,184.73,0.0
N,364,3.692,186.862,0.0
N,365,2.461,187.572,0.0
N,366,3.692,189.704,0.0
N,367,2.461,188.993,0.0
N,368,3.692,191.125,0.0
N,369,2.461,191.835,0.0
N,370,3.692,193.967,0.0
N,371,2.461,193.256,0.0
N,372,3.692,195.388,0.0
N,373,2.461,196.098,0.0
N,375,2.461,197.519,0.0
N,376,3.692,199.651,0.0
N,377,4.922,0.0,0.0
N,378,6.153,2.132,0.0
N,379,4.922,1.421,0.0
N,380,6.153,3.553,0.0
N,381,4.922,4.263,0.0
N,382,6.153,6.395,0.0
N,383,4.922,5.684,0.0
N,384,6.153,7.816,0.0
N,385,4.922,8.526,0.0
N,386,6.153,10.658,0.0
N,387,4.922,9.947,0.0
N,388,6.153,12.079,0.0
N,389,4.922,12.789,0.0
N,390,6.153,14.921,0.0
N,391,4.922,14.21,0.0
N,392,6.153,16.342,0.0
N,393,4.922,17.052,0.0
N,394,6.153,19.184,0.0
N,395,4.922,18.473,0.0
N,396,6.153,20.605,0.0
N,397,4.922,21.315,0.0
N,398,6.153,23.447,0.0
N,399,4.922,22.736,0.0
N,400,6.153,24.868,0.0
N,401,4.922,25.578,0.0
N,402,6.153,27.71,0.0
N,403,4.922,26.999,0.0
N,404,6.153,29.131,0.0
N,405,4.922,29.841,0.0
N,406,6.153,31.973,0.0
N,407,4.922,31.262,0.0
N,408,6.153,33.394,0.0
N,409,4.922,34.104,0.0
N,410,6.153,36.236,0.0
N,411,4.922,35.525,0.0
N,412,6.153,37.657,0.0
N,413,4.922,38.367,0.0
N,414,6.153,40.499,0.0
N,415,4.922,39.788,0.0
N,416,6.153,41.92,0.0
N,417,4.922,42.63,0.0
N,418,6.153,44.762,0.0
N,419,4.922,44.051,0.0
N,421,4.922,46.893,0.0
N,422,6.153,49.025,0.0
N,423,4.922,48.314,0.0
N,424,6.153,50.446,0.0
N,425,4.922,51.156,0.0
N,426,6.153,53.288,0.0
N,427,4.922,52.577,0.0
N,428,6.153,54.709,0.0
N,429,4.922,55.419,0.0
N,430,6.153,57.551,0.0
N,431,4.922,56.84,0.0
N,432,6.153,58.972,0.0
N,433,4.922,59.682,0.0
N,434,6.153,61.814,0.0
N,435,4.922,61.103,0.0
N,436,6.153,63.235,0.0
N,437,4.922,63.945,0.0
N,438,6.153,66.077,0.0
N,439,4.922,65.366,0.0
N,440,6.153,67.498,0.0
N,441,4.922,68.208,0.0
N,442,6.153,70.34,0.0
N,443,4.922,69.629,0.0
N,444,6.153,71.761,0.0
N,445,4.922,72.471,0.0
N,446,6.153,74.603,0.0
N,447,4.922,73.892,0.0
N,448,6.153,76.024,0.0
N,449,4.922,76.734,0.0
N,450,6.153,78.866,0.0
N,451,4.922,78.155,0.0
N,452,6.153,80.287,0.0
N,453,4.922,80.997,0.0
N,454,6.153,83.129,0.0
N,455,4.922,82.418,0.0
N,456,6.153,84.55,0.0
N,457,4.922,85.26,0.0
N,458,6.153,87.392,0.0
N,459,4.922,86.681,0.0
N,460,6.153,88.813,0.0
N,461,4.922,89.523,0.0
N,462,6.153,91.655,0.0
N,463,4.922,90.944,0.0
N,464,6.153,93.076,0.0
N,465,4.922,93.786,0.0
N,466,6.153,95.918,0.0
N,467,4.922,95.207,0.0
N,468,6.153,97.339,0.0
N,469,4.922,98.049,0.0
N,470,6.153,100.181,0.0
N,471,4.922,99.47,0.0
N,472,6.153,101.602,0.0
N,473,4.922,102.312,0.0
N,474,6.153,104.444,0.0
N,475,4.922,103.733,0.0
N,476,6.153,105.865,0.0
N,477,4.922,106.575,0.0
N,478,6.153,108.707,0.0
N,479,4.922,107.996,0.0
N,480,6.153,110.128,0.0
N,481,4.922,110.838,0.0
N,482,6.153,112.97,0.0
N,483,4.922,112.259,0.0
N,484,6.153,114.391,0.0
N,485,4.922,115.101,0.0
N,486,6.153,117.233,0.0
N,487,4.922,116.522,0.0
N,488,6.153,118.654,0.0
N,489,4.922,119.364,0.0
N,490,6.153,121.496,0.0
N,491,4.922,120.785,0.0
N,492,6.153,122.917,0.0
N,493,4.922,123.627,0.0
N,494,6.153,125.759,0.0
N,495,4.922,125.048,0.0
N,496,6.153,127.18,0.0
N,497,4.922,127.89,0.0
N,498,6.153,130.022,0.0
N,499,4.922,129.311,0.0
N,500,6.153,131.443,0.0
N,501,4.922,132.153,0.0
N,502,6.153,134.285,0.0
N,503,4.922,133.574,0.0
N,504,6.153,135.706,0.0
N,505,4.922,136.416,0.0
N,506,6.153,138.548,0.0
N,507,4.922,137.837,0.0
N,508,6.153,139.969,0.0
N,509,4.922,140.679,0.0
N,510,6.153,142.811,0.0
N,511,4.922,142.1,0.0
N,512,6.153,144.232,0.0
N,513,4.922,144.942,0.0
N,514,6.153,147.074,0.0
N,515,4.922,146.363,0.0
N,516,6.153,148.495,0.0
N,517,4.922,149.205,0.0
N,519,4.922,150.626,0.0
N,520,6.153,152.758,0.0
N,521,4.922,153.468,0.0
N,522,6.153,155.6,0.0
N,523,4.922,154.889,0.0
N,524,6.153,157.021,0.0
N,525,4.922,157.731,0.0
N,526,6.153,159.863,0.0
N,527,4.922,159.152,0.0
N,528,6.153,161.284,0.0
N,529,4.922,161.994,0.0
N,530,6.153,164.126,0.0
N,531,4.922,163.415,0.0
N,532,6.153,165.547,0.0
N,533,4.922,166.257,0.0
N,534,6.153,168.389,0.0
N,535,4.922,167.678,0.0
N,536,6.153,169.81,0.0
N,537,4.922,170.52,0.0
N,538,6.153,172.652,0.0
N,539,4.922,171.941,0.0
N,540,6.153,174.073,0.0
N,541,4.922,174.783,0.0
N,542,6.153,176.915,0.0
N,543,4.922,176.204,0.0
N,544,6.153,178.336,0.0
N,545,4.922,179.046,0.0
N,546,6.153,181.178,0.0
N,547,4.922,180.467,0.0
N,548,6.153,182.599,0.0
N,549,4.922,183.309,0.0
N,550,6.153,185.441,0.0
N,551,4.922,184.73,0.0
N,552,6.153,186.862,0.0
N,553,4.922,187.572,0.0
N,554,6.153,189.704,0.0
N,555,4.922,188.993,0.0
N,556,6.153,191.125,0.0
N,557,4.922,191.835,0.0
N,558,6.153,193.967,0.0
N,559,4.922,193.256,0.0
N,560,6.153,195.388,0.0
N,561,4.922,196.098,0.0
N,562,6.153,198.23,0.0
N,563,4.922,197.519,0.0
N,564,6.153,199.651,0.0
N,565,7.384,0.0,0.0
N,566,8.614,2.132,0.0
N,567,7.384,1.421,0.0
N,568,8.614,3.553,0.0
N,569,7.384,4.263,0.0
N,570,8.614,6.395,0.0
N,571,7.384,5.684,0.0
N,572,8.614,7.816,0.0
N,573,7.384,8.526,0.0
N,574,8.614,10.658,0.0
N,575,7.384,9.947,0.0
N,576,8.614,12.079,0.0
N,578,8.614,14.921,0.0
N,579,7.384,14.21,0.0
N,580,8.614,16.342,0.0
N,581,7.384,17.052,0.0
N,582,8.614,19.184,0.0
N,583,7.384,18.473,0.0
N,584,8.614,20.605,0.0
N,585,7.384,21.315,0.0
N,586,8.614,23.447,0.0
N,587,7.384,22.736,0.0
N,588,8.614,24.868,0.0
N,589,7.384,25.578,0.0
N,590,8.614,27.71,0.0
N,591,7.384,26.999,0.0
N,592,8.614,29.131,0.0
N,593,7.384,29.841,0.0
N,594,8.614,31.973,0.0
N,595,7.384,31.262,0.0
N,596,8.614,33.394,0.0
N,597,7.384,34.104,0.0
N,598,8.614,36.236,0.0
N,599,7.384,35.525,0.0
N,600,8.614,37.657,0.0
N,601,7.384,38.367,0.0
N,602,8.614,40.499,0.0
N,603,7.384,39.788,0.0
N,604,8.614,41.92,0.0
N,605,7.384,42.63,0.0
N,606,8.614,44.762,0.0
N,607,7.384,44.051,0.0
N,608,8.614,46.183,0.0
N,609,7.384,46.893,0.0
N,610,8.614,49.025,0.0
N,611,7.384,48.314,0.0
N,612,8.614,50.446,0.0
N,613,7.384,51.156,0.0
N,614,8.614,53.288,0.0
N,615,7.384,52.577,0.0
N,616,8.614,54.709,0.0
N,617,7.384,55.419,0.0
N,618,8.614,57.551,0.0
N,619,7.384,56.84,0.0
N,620,8.614,58.972,0.0
N,621,7.384,59.682,0.0
N,622,8.614,61.814,0.0
N,623,7.384,61.103,0.0
N,624,8.614,63.235,0.0
N,625,7.384,63.945,0.0
N,626,8.614,66.077,0.0
N,627,7.384,65.366,0.0
N,628,8.614,67.498,0.0
N,629,7.384,68.208,0.0
N,630,8.614,70.34,0.0
N,631,7.384,69.629,0.0
N,632,8.614,71.761,0.0
N,633,7.384,72.471,0.0
N,634,8.614,74.603,0.0
N,635,7.384,73.892,0.0
N,636,8.614,76.024,0.0
N,637,7.384,76.734,0.0
N,638,8.614,78.866,0.0
N,639,7.384,78.155,0.0
N,640,8.614,80.287,0.0
N,641,7.384,80.997,0.0
N,642,8.614,83.129,0.0
N,643,7.384,82.418,0.0
N,644,8.614,84.55,0.0
N,645,7.384,85.26,0.0
N,646,8.614,87.392,0.0
N,647,7.384,86.681,0.0
N,648,8.614,88.813,0.0
N,649,7.384,89.523,0.0
N,650,8.614,91.655,0.0
N,651,7.384,90.944,0.0
N,652,8.614,93.076,0.0
N,653,7.384,93.786,0.0
N,654,8.614,95.918,0.0
N,655,7.384,95.207,0.0
N,656,8.614,97.339,0.0
N,657,7.384,98.049,0.0
N,658,8.614,100.181,0.0
N,659,7.384,99.47,0.0
N,660,8.614,101.602,0.0
N,661,7.384,102.312,0.0
N,662,8.614,104.444,0.0
N,663,7.384,103.733,0.0
N,664,8.614,105.865,0.0
N,665,7.384,106.575,0.0
N,666,8.614,108.707,0.0
N,667,7.384,107.996,0.0
N,668,8.614,110.128,0.0
N,669,7.384,110.838,0.0
N,670,8.614,112.97,0.0
N,671,7.384,112.259,0.0
N,672,8.614,114.391,0.0
N,673,7.384,115.101,0.0
N,674,8.614,117.233,0.0
N,675,7.384,116.522,0.0
N,676,8.614,118.654,0.0
N,677,7.384,119.364,0.0
N,678,8.614,121.496,0.0
N,679,7.384,120.785,0.0
N,680,8.614,122.917,0.0
N,681,7.384,123.627,0.0
N,682,8.614,125.759,0.0
N,683,7.384,125.048,0.0
N,684,8.614,127.18,0.0
N,685,7.384,127.89,0.0
N,687,7.384,129.311,0.0
N,688,8.614,131.443,0.0
N,689,7.384,132.153,0.0
N,690,8.614,134.285,0.0
N,691,7.384,133.574,0.0
N,692,8.614,135.706,0.0
N,693,7.384,136.416,0.0
N,694,8.614,138.548,0.0
N,695,7.384,137.837,0.0
N,696,8.614,139.969,0.0
N,697,7.384,140.679,0.0
N,698,8.614,142.811,0.0
N,699,7.384,142.1,0.0
N,700,8.614,144.232,0.0
N,701,7.384,144.942,0.0
N,702,8.614,147.074,0.0
N,703,7.384,146.363,0.0
N,704,8.614,148.495,0.0
N,705,7.384,149.205,0.0
N,706,8.614,151.337,0.0
N,707,7.384,150.626,0.0
N,708,8.614,152.758,0.0
N,709,7.384,153.468,0.0
N,710,8.614,155.6,0.0
N,711,7.384,154.889,0.0
N,712,8.614,157.021,0.0
N,713,7.384,157.731,0.0
N,714,8.614,159.863,0.0
N,715,7.384,159.152,0.0
N,716,8.614,161.284,0.0
N,717,7.384,161.994,0.0
N,718,8.614,164.126,0.0
N,719,7.384,163.415,0.0
N,720,8.614,165.547,0.0
N,721,7.384,166.257,0.0
N,722,8.614,168.389,0.0
N,723,7.384,167.678,0.0
N,724,8.614,169.81,0.0
N,725,7.384,170.52,0.0
N,726,8.614,172.652,0.0
N,727,7.384,171.941,0.0
N,728,8.614,174.073,0.0
N,729,7.384,174.783,0.0
N,730,8.614,176.915,0.0
N,731,7.384,176.204,0.0
N,732,8.614,178.336,0.0
N,733,7.384,179.046,0.0
N,734,8.614,181.178,0.0
N,735,7.384,180.467,0.0
N,736,8.614,182.599,0.0
N,737,7.384,183.309,0.0
N,738,8.614,185.441,0.0
N,739,7.384,184.73,0.0
N,740,8.614,186.862,0.0
N,741,7.384,187.572,0.0
N,742,8.614,189.704,0.0
N,743,7.384,188.993,0.0
N,744,8.614,191.125,0.0
N,745,7.384,191.835,0.0
N,746,8.614,193.967,0.0
N,747,7.384,193.256,0.0
N,748,8.614,195.388,0.0
N,749,7.384,196.098,0.0
N,750,8.614,198.23,0.0
N,751,7.384,197.519,0.0
N,752,8.614,199.651,0.0
N,753,9.845,0.0,0.0
N,754,11.076,2.132,0.0
N,755,9.845,1.421,0.0
N,756,11.076,3.553,0.0
N,757,9.845,4.263,0.0
N,758,11.076,6.395,0.0
N,759,9.845,5.684,0.0
N,760,11.076,7.816,0.0
N,761,9.845,8.526,0.0
N,763,9.845,9.947,0.0
N,764,11.076,12.079,0.0
N,765,9.845,12.789,0.0
N,766,11.076,14.921,0.0
N,768,11.076,16.342,0.0
N,769,9.845,17.052,0.0
N,770,11.076,19.184,0.0
N,771,9.845,18.473,0.0
N,772,11.076,20.605,0.0
N,773,9.845,21.315,0.0
N,774,11.076,23.447,0.0
N,775,9.845,22.736,0.0
N,776,11.076,24.868,0.0
N,777,9.845,25.578,0.0
N,778,11.076,27.71,0.0
N,779,9.845,26.999,0.0
N,780,11.076,29.131,0.0
N,781,9.845,29.841,0.0
N,782,11.076,31.973,0.0
N,783,9.845,31.262,0.0
N,784,11.076,33.394,0.0
N,785,9.845,34.104,0.0
N,786,11.076,36.236,0.0
N,787,9.845,35.525,0.0
N,788,11.076,37.657,0.0
N,789,9.845,38.367,0.0
N,790,11.076,40.499,0.0
N,791,9.845,39.788,0.0
N,792,11.076,41.92,0.0
N,793,9.845,42.63,0.0
N,794,11.076,44.762,0.0
N,795,9.845,44.051,0.0
N,796,11.076,46.183,0.0
N,797,9.845,46.893,0.0
N,798,11.076,49.025,0.0
N,799,9.845,48.314,0.0
N,800,11.076,50.446,0.0
N,801,9.845,51.156,0.0
N,802,11.076,53.288,0.0
N,803,9.845,52.577,0.0
N,804,11.076,54.709,0.0
N,805,9.845,55.419,0.0
N,806,11.076,57.551,0.0
N,807,9.845,56.84,0.0
N,808,11.076,58.972,0.0
N,809,9.845,59.682,0.0
N,810,11.076,61.814,0.0
N,811,9.845,61.103,0.0
N,812,11.076,63.235,0.0
N,813,9.845,63.945,0.0
N,814,11.076,66.077,0.0
N,815,9.845,65.366,0.0
N,816,11.076,67.498,0.0
N,817,9.845,68.208,0.0
N,818,11.076,70.34,0.0
N,819,9.845,69.629,0.0
N,820,11.076,71.761,0.0
N,821,9.845,72.471,0.0
N,822,11.076,74.603,0.0
N,823,9.845,73.892,0.0
N,824,11.076,76.024,0.0
N,825,9.845,76.734,0.0
N,826,11.076,78.866,0.0
N,827,9.845,78.155,0.0
N,828,11.076,80.287,0.0
N,829,9.845,80.997,0.0
N,830,11.076,83.129,0.0
N,831,9.845,82.418,0.0
N,832,11.076,84.55,0.0
N,833,9.845,85.26,0.0
N,834,11.076,87.392,0.0
N,835,9.845,86.681,0.0
N,836,11.076,88.813,0.0
N,837,9.845,89.523,0.0
N,838,11.076,91.655,0.0
N,839,9.845,90.944,0.0
N,840,11.076,93.076,0.0
N,841,9.845,93.786,0.0
N,842,11.076,95.918,0.0
N,843,9.845,95.207,0.0
N,844,11.076,97.339,0.0
N,845,9.845,98.049,0.0
N,846,11.076,100.181,0.0
N,847,9.845,99.47,0.0
N,848,11.076,101.602,0.0
N,849,9.845,102.312,0.0
N,850,11.076,104.444,0.0
N,851,9.845,103.733,0.0
N,852,11.076,105.865,0.0
N,853,9.845,106.575,0.0
N,854,11.076,108.707,0.0
N,855,9.845,107.996,0.0
N,856,11.076,110.128,0.0
N,857,9.845,110.838,0.0
N,858,11.076,112.97,0.0
N,859,9.845,112.259,0.0
N,860,11.076,114.391,0.0
N,861,9.845,115.101,0.0
N,862,11.076,117.233,0.0
N,863,9.845,116.522,0.0
N,864,11.076,118.654,0.0
N,865,9.845,119.364,0.0
N,866,11.076,121.496,0.0
N,867,9.845,120.785,0.0
N,868,11.076,122.917,0.0
N,869,9.845,123.627,0.0
N,870,11.076,125.759,0.0
N,871,9.845,125.048,0.0
N,872,11.076,127.18,0.0
N,873,9.845,127.89,0.0
N,874,11.076,130.022,0.0
N,875,9.845,129.311,0.0
N,876,11.076,131.443,0.0
N,878,11.076,134.285,0.0
N,879,9.845,133.574,0.0
N,881,9.845,136.416,0.0
N,882,11.076,138.548,0.0
N,883,9.845,137.837,0.0
N,884,11.076,139.969,0.0
N,885,9.845,140.679,0.0
N,886,11.076,142.811,0.0
N,887,9.845,142.1,0.0
N,889,9.845,144.942,0.0
N,890,11.076,147.074,0.0
N,891,9.845,146.363,0.0
N,893,9.845,149.205,0.0
N,894,11.076,151.337,0.0
N,895,9.845,150.626,0.0
N,896,11.076,152.758,0.0
N,897,9.845,153.468,0.0
N,898,11.076,155.6,0.0
N,899,9.845,154.889,0.0
N,900,11.076,157.021,0.0
N,901,9.845,157.731,0.0
N,902,11.076,159.863,0.0
N,904,11.076,161.284,0.0
N,905,9.845,161.994,0.0
N,906,11.076,164.126,0.0
N,907,9.845,163.415,0.0
N,908,11.076,165.547,0.0
N,909,9.845,166.257,0.0
N,910,11.076,168.389,0.0
N,911,9.845,167.678,0.0
N,912,11.076,169.81,0.0
N,913,9.845,170.52,0.0
N,914,11.076,172.652,0.0
N,915,9.845,171.941,0.0
N,916,11.076,174.073,0.0
N,917,9.845,174.783,0.0
N,918,11.076,176.915,0.0
N,919,9.845,176.204,0.0
N,920,11.076,178.336,0.0
N,921,9.845,179.046,0.0
N,922,11.076,181.178,0.0
N,923,9.845,180.467,0.0
N,924,11.076,182.599,0.0
N,925,9.845,183.309,0.0
N,926,11.076,185.441,0.0
N,927,9.845,184.73,0.0
N,928,11.076,186.862,0.0
N,929,9.845,187.572,0.0
N,930,11.076,189.704,0.0
N,931,9.845,188.993,0.0
N,932,11.076,191.125,0.0
N,933,9.845,191.835,0.0
N,934,11.076,193.967,0.0
N,935,9.845,193.256,0.0
N,936,11.076,195.388,0.0
N,937,9.845,196.098,0.0
N,938,11.076,198.23,0.0
N,939,9.845,197.519,0.0
N,940,11.076,199.651,0.0
N,941,12.306,0.0,0.0
N,942,13.537,2.132,0.0
N,943,12.306,1.421,0.0
N,944,13.537,3.553,0.0
N,945,12.306,4.263,0.0
N,946,13.537,6.395,0.0
N,947,12.306,5.684,0.0
N,948,13.537,7.816,0.0
N,949,12.306,8.526,0.0
N,950,13.537,10.658,0.0
N,951,12.306,9.947,0.0
N,952,13.537,12.079,0.0
N,953,12.306,12.789,0.0
N,954,13.537,14.921,0.0
N,955,12.306,14.21,0.0
N,956,13.537,16.342,0.0
N,957,12.306,17.052,0.0
N,958,13.537,19.184,0.0
N,959,12.306,18.473,0.0
N,960,13.537,20.605,0.0
N,962,13.537,23.447,0.0
N,963,12.306,22.736,0.0
N,964,13.537,24.868,0.0
N,965,12.306,25.578,0.0
N,966,13.537,27.71,0.0
N,967,12.306,26.999,0.0
N,968,13.537,29.131,0.0
N,969,12.306,29.841,0.0
N,970,13.537,31.973,0.0
N,971,12.306,31.262,0.0
N,972,13.537,33.394,0.0
N,973,12.306,34.104,0.0
N,974,13.537,36.236,0.0
N,975,12.306,35.525,0.0
N,976,13.537,37.657,0.0
N,977,12.306,38.367,0.0
N,978,13.537,40.499,0.0
N,979,12.306,39.788,0.0
N,980,13.537,41.92,0.0
N,981,12.306,42.63,0.0
N,982,13.537,44.762,0.0
N,983,12.306,44.051,0.0
N,984,13.537,46.183,0.0
N,986,13.537,49.025,0.0
N,987,12.306,48.314,0.0
N,988,13.537,50.446,0.0
N,989,12.306,51.156,0.0
N,990,13.537,53.288,0.0
N,991,12.306,52.577,0.0
N,992,13.537,54.709,0.0
N,993,12.306,55.419,0.0
N,994,13.537,57.551,0.0
N,995,12.306,56.84,0.0
N,996,13.537,58.972,0.0
N,997,12.306,59.682,0.0
N,998,13.537,61.814,0.0
N,999,12.306,61.103,0.0
N,1000,13.537,63.235,0.0
N,1001,12.306,63.945,0.0
N,1002,13.537,66.077,0.0
N,1003,12.306,65.366,0.0
N,1004,13.537,67.498,0.0
N,1005,12.306,68.208,0.0
N,1006,13.537,70.34,0.0
N,1007,12.306,69.629,0.0
N,1008,13.537,71.761,0.0
N,1009,12.306,72.471,0.0
N,1010,13.537,74.603,0.0
N,1011,12.306,73.892,0.0
N,1012,13.537,76.024,0.0
N,1013,12.306,76.734,0.0
N,1014,13.537,78.866,0.0
N,1015,12.306,78.155,0.0
N,1016,13.537,80.287,0.0
N,1017,12.306,80.997,0.0
N,1018,13.537,83.129,0.0
N,1019,12.306,82.418,0.0
N,1020,13.537,84.55,0.0
N,1021,12.306,85.26,0.0
N,1022,13.537,87.392,0.0
N,1024,13.537,88.813,0.0
N,1025,12.306,89.523,0.0
N,1026,13.537,91.655,0.0
N,1027,12.306,90.944,0.0
N,1028,13.537,93.076,0.0
N,1029,12.306,93.786,0.0
N,1030,13.537,95.918,0.0
N,1031,12.306,95.207,0.0
N,1032,13.537,97.339,0.0
N,1033,12.306,98.049,0.0
N,1034,13.537,100.181,0.0
N,1035,12.306,99.47,0.0
N,1036,13.537,101.602,0.0
N,1037,12.306,102.312,0.0
N,1038,13.537,104.444,0.0
N,1039,12.306,103.733,0.0
N,1040,13.537,105.865,0.0
N,1041,12.306,106.575,0.0
N,1042,13.537,108.707,0.0
N,1043,12.306,107.996,0.0
N,1044,13.537,110.128,0.0
N,1045,12.306,110.838,0.0
N,1046,13.537,112.97,0.0
N,1047,12.306,112.259,0.0
N,1048,13.537,114.391,0.0
N,1049,12.306,115.101,0.0
N,1050,13.537,117.233,0.0
N,1051,12.306,116.522,0.0
N,1052,13.537,118.654,0.0
N,1053,12.306,119.364,0.0
N,1054,13.537,121.496,0.0
N,1055,12.306,120.785,0.0
N,1056,13.537,122.917,0.0
N,1057,12.306,123.627,0.0
N,1058,13.537,125.759,0.0
N,1059,12.306,125.048,0.0
N,1060,13.537,127.18,0.0
N,1061,12.306,127.89,0.0
N,1062,13.537,130.022,0.0
N,1063,12.306,129.311,0.0
N,1064,13.537,131.443,0.0
N,1065,12.306,132.153,0.0
N,1066,13.537,134.285,0.0
N,1067,12.306,133.574,0.0
N,1068,13.537,135.706,0.0
N,1069,12.306,136.416,0.0
N,1071,12.306,137.837,0.0
N,1072,13.537,139.969,0.0
N,1073,12.306,140.679,0.0
N,1074,13.537,142.811,0.0
N,1075,12.306,142.1,0.0
N,1076,13.537,144.232,0.0
N,1077,12.306,144.942,0.0
N,1078,13.537,147.074,0.0
N,1079,12.306,146.363,0.0
N,1080,13.537,148.495,0.0
N,1081,12.306,149.205,0.0
N,1082,13.537,151.337,0.0
N,1083,12.306,150.626,0.0
N,1084,13.537,152.758,0.0
N,1085,12.306,153.468,0.0
N,1086,13.537,155.6,0.0
N,1087,12.306,154.889,0.0
N,1088,13.537,157.021,0.0
N,1089,12.306,157.731,0.0
N,1090,13.537,159.863,0.0
N,1091,12.306,159.152,0.0
N,1092,13.537,161.284,0.0
N,1093,12.306,161.994,0.0
N,1094,13.537,164.126,0.0
N,1095,12.306,163.415,0.0
N,1096,13.537,165.547,0.0
N,1097,12.306,166.257,0.0
N,1098,13.537,168.389,0.0
N,1099,12.306,167.678,0.0
N,1100,13.537,169.81,0.0
N,1101,12.306,170.52,0.0
N,1102,13.537,172.652,0.0
N,1103,12.306,171.941,0.0
N,1104,13.537,174.073,0.0
N,1105,12.306,174.783,0.0
N,1106,13.537,176.915,0.0
N,1107,12.306,176.204,0.0
N,1108,13.537,178.336,0.0
N,1109,12.306,179.046,0.0
N,1111,12.306,180.467,0.0
N,1112,13.537,182.599,0.0
N,1113,12.306,183.309,0.0
N,1114,13.537,185.441,0.0
N,1115,12.306,184.73,0.0
N,1116,13.537,186.862,0.0
N,1117,12.306,187.572,0.0
N,1118,13.537,189.704,0.0
N,1119,12.306,188.993,0.0
N,1120,13.537,191.125,0.0
N,1121,12.306,191.835,0.0
N,1122,13.537,193.967,0.0
N,1123,12.306,193.256,0.0
N,1124,13.537,195.388,0.0
N,1126,13.537,198.23,0.0
N,1127,12.306,197.519,0.0
N,1128,13.537,199.651,0.0
N,1129,14.767,0.0,0.0
N,1130,15.998,2.132,0.0
N,1131,14.767,1.421,0.0
N,1132,15.998,3.553,0.0
N,1134,15.998,6.395,0.0
N,1135,14.767,5.684,0.0
N,1136,15.998,7.816,0.0
N,1137,14.767,8.526,0.0
N,1138,15.998,10.658,0.0
N,1139,14.767,9.947,0.0
N,1140,15.998,12.079,0.0
N,1141,14.767,12.789,0.0
N,1142,15.998,14.921,0.0
N,1143,14.767,14.21,0.0
N,1144,15.998,16.342,0.0
N,1145,14.767,17.052,0.0
N,1146,15.998,19.184,0.0
N,1147,14.767,18.473,0.0
N,1148,15.998,20.605,0.0
N,1149,14.767,21.315,0.0
N,1150,15.998,23.447,0.0
N,1151,14.767,22.736,0.0
N,1152,15.998,24.868,0.0
N,1153,14.767,25.578,0.0
N,1155,14.767,26.999,0.0
N,1156,15.998,29.131,0.0
N,1157,14.767,29.841,0.0
N,1158,15.998,31.973,0.0
N,1159,14.767,31.262,0.0
N,1160,15.998,33.394,0.0
N,1161,14.767,34.104,0.0
N,1163,14.767,35.525,0.0
N,1164,15.998,37.657,0.0
N,1165,14.767,38.367,0.0
N,1166,15.998,40.499,0.0
N,1167,14.767,39.788,0.0
N,1168,15.998,41.92,0.0
N,1169,14.767,42.63,0.0
N,1170,15.998,44.762,0.0
N,1171,14.767,44.051,0.0
N,1172,15.998,46.183,0.0
N,1173,14.767,46.893,0.0
N,1174,15.998,49.025,0.0
N,1175,14.767,48.314,0.0
N,1176,15.998,50.446,0.0
N,1177,14.767,51.156,0.0
N,1178,15.998,53.288,0.0
N,1179,14.767,52.577,0.0
N,1180,15.998,54.709,0.0
N,1181,14.767,55.419,0.0
N,1183,14.767,56.84,0.0
N,1184,15.998,58.972,0.0
N,1185,14.767,59.682,0.0
N,1186,15.998,61.814,0.0
N,1187,14.767,61.103,0.0
N,1188,15.998,63.235,0.0
N,1189,14.767,63.945,0.0
N,1190,15.998,66.077,0.0
N,1191,14.767,65.366,0.0
N,1192,15.998,67.498,0.0
N,1193,14.767,68.208,0.0
N,1194,15.998,70.34,0.0
N,1195,14.767,69.629,0.0
N,1196,15.998,71.761,0.0
N,1197,14.767,72.471,0.0
N,1198,15.998,74.603,0.0
N,1199,14.767,73.892,0.0
N,1200,15.998,76.024,0.0
N,1201,14.767,76.734,0.0
N,1202,15.998,78.866,0.0
N,1203,14.767,78.155,0.0
N,1204,15.998,80.287,0.0
N,1205,14.767,80.997,0.0
N,1206,15.998,83.129,0.0
N,1207,14.767,82.418,0.0
N,1208,15.998,84.55,0.0
N,1209,14.767,85.26,0.0
N,1210,15.998,87.392,0.0
N,1211,14.767,86.681,0.0
N,1212,15.998,88.813,0.0
N,1213,14.767,89.523,0.0
N,1214,15.998,91.655,0.0
N,1215,14.767,90.944,0.0
N,1216,15.998,93.076,0.0
N,1217,14.767,93.786,0.0
N,1219,14.767,95.207,0.0
N,1220,15.998,97.339,0.0
N,1221,14.767,98.049,0.0
N,1222,15.998,100.181,0.0
N,1223,14.767,99.47,0.0
N,1224,15.998,101.602,0.0
N,1225,14.767,102.312,0.0
N,1226,15.998,104.444,0.0
N,1227,14.767,103.733,0.0
N,1228,15.998,105.865,0.0
N,1229,14.767,106.575,0.0
N,1230,15.998,108.707,0.0
N,1231,14.767,107.996,0.0
N,1232,15.998,110.128,0.0
N,1233,14.767,110.838,0.0
N,1234,15.998,112.97,0.0
N,1235,14.767,112.259,0.0
N,1236,15.998,114.391,0.0
N,1237,14.767,115.101,0.0
N,1238,15.998,117.233,0.0
N,1239,14.767,116.522,0.0
N,1240,15.998,118.654,0.0
N,1241,14.767,119.364,0.0
N,1242,15.998,121.496,0.0
N,1243,14.767,120.785,0.0
N,1244,15.998,122.917,0.0
N,1245,14.767,123.627,0.0
N,1246,15.998,125.759,0.0
N,1247,14.767,125.048,0.0
N,1248,15.998,127.18,0.0
N,1249,14.767,127.89,0.0
N,1250,15.998,130.022,0.0
N,1251,14.767,129.311,0.0
N,1252,15.998,131.443,0.0
N,1253,14.767,132.153,0.0
N,1254,15.998,134.285,0.0
N,1255,14.767,133.574,0.0
N,1256,15.998,135.706,0.0
N,1257,14.767,136.416,0.0
N,1258,15.998,138.548,0.0
N,1259,14.767,137.837,0.0
N,1260,15.998,139.969,0.0
N,1261,14.767,140.679,0.0
N,1262,15.998,142.811,0.0
N,1263,14.767,142.1,0.0
N,1264,15.998,144.232,0.0
N,1265,14.767,144.942,0.0
N,1266,15.998,147.074,0.0
N,1267,14.767,146.363,0.0
N,1268,15.998,148.495,0.0
N,1269,14.767,149.205,0.0
N,1270,15.998,151.337,0.0
N,1271,14.767,150.626,0.0
N,1272,15.998,152.758,0.0
N,1273,14.767,153.468,0.0
N,1274,15.998,155.6,0.0
N,1275,14.767,154.889,0.0
N,1276,15.998,157.021,0.0
N,1277,14.767,157.731,0.0
N,1278,15.998,159.863,0.0
N,1279,14.767,159.152,0.0
N,1280,15.998,161.284,0.0
N,1281,14.767,161.994,0.0
N,1282,15.998,164.126,0.0
N,1283,14.767,163.415,0.0
N,1284,15.998,165.547,0.0
N,1285,14.767,166.257,0.0
N,1286,15.998,168.389,0.0
N,1287,14.767,167.678,0.0
N,1288,15.998,169.81,0.0
N,1289,14.767,170.52,0.0
N,1290,15.998,172.652,0.0
N,1291,14.767,171.941,0.0
N,1292,15.998,174.073,0.0
N,1293,14.767,174.783,0.0
N,1294,15.998,176.915,0.0
N,1295,14.767,176.204,0.0
N,1296,15.998,178.336,0.0
N,1297,14.767,179.046,0.0
N,1298,15.998,181.178,0.0
N,1299,14.767,180.467,0.0
N,1300,15.998,182.599,0.0
N,1301,14.767,183.309,0.0
N,1302,15.998,185.441,0.0
N,1303,14.767,184.73,0.0
N,1304,15.998,186.862,0.0
N,1305,14.767,187.572,0.0
N,1306,15.998,189.704,0.0
N,1307,14.767,188.993,0.0
N,1308,15.998,191.125,0.0
N,1309,14.767,191.835,0.0
N,1310,15.998,193.967,0.0
N,1311,14.767,193.256,0.0
N,1312,15.998,195.388,0.0
N,1313,14.767,196.098,0.0
N,1314,15.998,198.23,0.0
N,1315,14.767,197.519,0.0
N,1316,15.998,199.651,0.0
N,1317,17.229,0.0,0.0
N,1318,18.459,2.132,0.0
N,1319,17.229,1.421,0.0
N,1320,18.459,3.553,0.0
N,1321,17.229,4.263,0.0
N,1322,18.459,6.395,0.0
N,1323,17.229,5.684,0.0
N,1324,18.459,7.816,0.0
N,1325,17.229,8.526,0.0
N,1326,18.459,10.658,0.0
N,1327,17.229,9.947,0.0
N,1328,18.459,12.079,0.0
N,1329,17.229,12.789,0.0
N,1330,18.459,14.921,0.0
N,1331,17.229,14.21,0.0
N,1332,18.459,16.342,0.0
N,1333,17.229,17.052,0.0
N,1334,18.459,19.184,0.0
N,1335,17.229,18.473,0.0
N,1336,18.459,20.605,0.0
N,1337,17.229,21.315,0.0
N,1338,18.459,23.447,0.0
N,1339,17.229,22.736,0.0
N,1340,18.459,24.868,0.0
N,1341,17.229,25.578,0.0
N,1342,18.459,27.71,0.0
N,1343,17.229,26.999,0.0
N,1344,18.459,29.131,0.0
N,1345,17.229,29.841,0.0
N,1346,18.459,31.973,0.0
N,1347,17.229,31.262,0.0
N,1348,18.459,33.394,0.0
N,1349,17.229,34.104,0.0
N,1350,18.459,36.236,0.0
N,1351,17.229,35.525,0.0
N,1352,18.459,37.657,0.0
N,1353,17.229,38.367,0.0
N,1354,18.459,40.499,0.0
N,1355,17.229,39.788,0.0
N,1356,18.459,41.92,0.0
N,1357,17.229,42.63,0.0
N,1358,18.459,44.762,0.0
N,1359,17.229,44.051,0.0
N,1360,18.459,46.183,0.0
N,1361,17.229,46.893,0.0
N,1362,18.459,49.025,0.0
N,1363,17.229,48.314,0.0
N,1364,18.459,50.446,0.0
N,1365,17.229,51.156,0.0
N,1366,18.459,53.288,0.0
N,1367,17.229,52.577,0.0
N,1368,18.459,54.709,0.0
N,1369,17.229,55.419,0.0
N,1370,18.459,57.551,0.0
N,1371,17.229,56.84,0.0
N,1372,18.459,58.972,0.0
N,1373,17.229,59.682,0.0
N,1374,18.459,61.814,0.0
N,1375,17.229,61.103,0.0
N,1376,18.459,63.235,0.0
N,1377,17.229,63.945,0.0
N,1378,18.459,66.077,0.0
N,1379,17.229,65.366,0.0
N,1380,18.459,67.498,0.0
N,1381,17.229,68.208,0.0
N,1382,18.459,70.34,0.0
N,1383,17.229,69.629,0.0
N,1384,18.459,71.761,0.0
N,1385,17.229,72.471,0.0
N,1386,18.459,74.603,0.0
N,1387,17.229,73.892,0.0
N,1388,18.459,76.024,0.0
N,1389,17.229,76.734,0.0
N,1390,18.459,78.866,0.0
N,1391,17.229,78.155,0.0
N,1393,17.229,80.997,0.0
N,1394,18.459,83.129,0.0
N,1395,17.229,82.418,0.0
N,1397,17.229,85.26,0.0
N,1398,18.459,87.392,0.0
N,1399,17.229,86.681,0.0
N,1400,18.459,88.813,0.0
N,1401,17.229,89.523,0.0
N,1402,18.459,91.655,0.0
N,1403,17.229,90.944,0.0
N,1404,18.459,93.076,0.0
N,1405,17.229,93.786,0.0
N,1406,18.459,95.918,0.0
N,1407,17.229,95.207,0.0
N,1408,18.459,97.339,0.0
N,1409,17.229,98.049,0.0
N,1410,18.459,100.181,0.0
N,1411,17.229,99.47,0.0
N,1412,18.459,101.602,0.0
N,1413,17.229,102.312,0.0
N,1414,18.459,104.444,0.0
N,1415,17.229,103.733,0.0
N,1416,18.459,105.865,0.0
N,1417,17.229,106.575,0.0
N,1418,18.459,108.707,0.0
N,1419,17.229,107.996,0.0
N,1420,18.459,110.128,0.0
N,1421,17.229,110.838,0.0
N,1422,18.459,112.97,0.0
N,1423,17.229,112.259,0.0
N,1424,18.459,114.391,0.0
N,1425,17.229,115.101,0.0
N,1426,18.459,117.233,0.0
N,1427,17.229,116.522,0.0
N,1428,18.459,118.654,0.0
N,1429,17.229,119.364,0.0
N,1430,18.459,121.496,0.0
N,1431,17.229,120.785,0.0
N,1432,18.459,122.917,0.0
N,1433,17.229,123.627,0.0
N,1434,18.459,125.759,0.0
N,1435,17.229,125.048,0.0
N,1436,18.459,127.18,0.0
N,1437,17.229,127.89,0.0
N,1438,18.459,130.022,0.0
N,1439,17.229,129.311,0.0
N,1440,18.459,131.443,0.0
N,1441,17.229,132.153,0.0
N,1442,18.459,134.285,0.0
N,1443,17.229,133.574,0.0
N,1444,18.459,135.706,0.0
N,1445,17.229,136.416,0.0
N,1446,18.459,138.548,0.0
N,1447,17.229,137.837,0.0
N,1448,18.459,139.969,0.0
N,1449,17.229,140.679,0.0
N,1450,18.459,142.811,0.0
N,1451,17.229,142.1,0.0
N,1452,18.459,144.232,0.0
N,1453,17.229,144.942,0.0
N,1454,18.459,147.074,0.0
N,1455,17.229,146.363,0.0
N,1457,17.229,149.205,0.0
N,1458,18.459,151.337,0.0
N,1459,17.229,150.626,0.0
N,1460,18.459,152.758,0.0
N,1461,17.229,153.468,0.0
N,1462,18.459,155.6,0.0
N,1463,17.229,154.889,0.0
N,1464,18.459,157.021,0.0
N,1466,18.459,159.863,0.0
N,1467,17.229,159.152,0.0
N,1468,18.459,161.284,0.0
N,1469,17.229,161.994,0.0
N,1470,18.459,164.126,0.0
N,1471,17.229,163.415,0.0
N,1472,18.459,165.547,0.0
N,1473,17.229,166.257,0.0
N,1474,18.459,168.389,0.0
N,1475,17.229,167.678,0.0
N,1476,18.459,169.81,0.0
N,1477,17.229,170.52,0.0
N,1478,18.459,172.652,0.0
N,1479,17.229,171.941,0.0
N,1480,18.459,174.073,0.0
N,1481,17.229,174.783,0.0
N,1482,18.459,176.915,0.0
N,1483,17.229,176.204,0.0
N,1484,18.459,178.336,0.0
N,1485,17.229,179.046,0.0
N,1486,18.459,181.178,0.0
N,1487,17.229,180.467,0.0
N,1488,18.459,182.599,0.0
N,1489,17.229,183.309,0.0
N,1490,18.459,185.441,0.0
N,1491,17.229,184.73,0.0
N,1492,18.459,186.862,0.0
N,1493,17.229,187.572,0.0
N,1494,18.459,189.704,0.0
N,1495,17.229,188.993,0.0
N,1496,18.459,191.125,0.0
N,1497,17.229,191.835,0.0
N,1498,18.459,193.967,0.0
N,1499,17.229,193.256,0.0
N,1500,18.459,195.388,0.0
N,1501,17.229,196.098,0.0
N,1502,18.459,198.23,0.0
N,1503,17.229,197.519,0.0
N,1504,18.459,199.651,0.0
N,1505,19.69,0.0,0.0
N,1506,20.921,2.132,0.0
N,1507,19.69,1.421,0.0
N,1508,20.921,3.553,0.0
N,1509,19.69,4.263,0.0
N,1510,20.921,6.395,0.0
N,1511,19.69,5.684,0.0
N,1512,20.921,7.816,0.0
N,1513,19.69,8.526,0.0
N,1514,20.921,10.658,0.0
N,1515,19.69,9.947,0.0
N,1516,20.921,12.079,0.0
N,1517,19.69,12.789,0.0
N,1518,20.921,14.921,0.0
N,1519,19.69,14.21,0.0
N,1520,20.921,16.342,0.0
N,1521,19.69,17.052,0.0
N,1522,20.921,19.184,0.0
N,1523,19.69,18.473,0.0
N,1524,20.921,20.605,0.0
N,1525,19.69,21.315,0.0
N,1526,20.921,23.447,0.0
N,1527,19.69,22.736,0.0
N,1528,20.921,24.868,0.0
N,1529,19.69,25.578,0.0
N,1531,19.69,26.999,0.0
N,1532,20.921,29.131,0.0
N,1534,20.921,31.973,0.0
N,1535,19.69,31.262,0.0
N,1536,20.921,33.394,0.0
N,1537,19.69,34.104,0.0
N,1538,20.921,36.236,0.0
N,1539,19.69,35.525,0.0
N,1540,20.921,37.657,0.0
N,1541,19.69,38.367,0.0
N,1542,20.921,40.499,0.0
N,1543,19.69,39.788,0.0
N,1544,20.921,41.92,0.0
N,1545,19.69,42.63,0.0
N,1546,20.921,44.762,0.0
N,1547,19.69,44.051,0.0
N,1548,20.921,46.183,0.0
N,1549,19.69,46.893,0.0
N,1550,20.921,49.025,0.0
N,1551,19.69,48.314,0.0
N,1552,20.921,50.446,0.0
N,1553,19.69,51.156,0.0
N,1554,20.921,53.288,0.0
N,1555,19.69,52.577,0.0
N,1556,20.921,54.709,0.0
N,1557,19.69,55.419,0.0
N,1558,20.921,57.551,0.0
N,1559,19.69,56.84,0.0
N,1560,20.921,58.972,0.0
N,1561,19.69,59.682,0.0
N,1562,20.921,61.814,0.0
N,1563,19.69,61.103,0.0
N,1564,20.921,63.235,0.0
N,1565,19.69,63.945,0.0
N,1566,20.921,66.077,0.0
N,1567,19.69,65.366,0.0
N,1568,20.921,67.498,0.0
N,1569,19.69,68.208,0.0
N,1570,20.921,70.34,0.0
N,1571,19.69,69.629,0.0
N,1572,20.921,71.761,0.0
N,1573,19.69,72.471,0.0
N,1574,20.921,74.603,0.0
N,1575,19.69,73.892,0.0
N,1576,20.921,76.024,0.0
N,1577,19.69,76.734,0.0
N,1578,20.921,78.866,0.0
N,1579,19.69,78.155,0.0
N,1581,19.69,80.997,0.0
N,1582,20.921,83.129,0.0
N,1583,19.69,82.418,0.0
N,1584,20.921,84.55,0.0
N,1585,19.69,85.26,0.0
N,1586,20.921,87.392,0.0
N,1587,19.69,86.681,0.0
N,1588,20.921,88.813,0.0
N,1589,19.69,89.523,0.0
N,1590,20.921,91.655,0.0
N,1591,19.69,90.944,0.0
N,1593,19.69,93.786,0.0
N,1594,20.921,95.918,0.0
N,1595,19.69,95.207,0.0
N,1596,20.921,97.339,0.0
N,1597,19.69,98.049,0.0
N,1598,20.921,100.181,0.0
N,1599,19.69,99.47,0.0
N,1600,20.921,101.602,0.0
N,1601,19.69,102.312,0.0
N,1603,19.69,103.733,0.0
N,1604,20.921,105.865,0.0
N,1605,19.69,106.575,0.0
N,1606,20.921,108.707,0.0
N,1607,19.69,107.996,0.0
N,1608,20.921,110.128,0.0
N,1609,19.69,110.838,0.0
N,1610,20.921,112.97,0.0
N,1611,19.69,112.259,0.0
N,1612,20.921,114.391,0.0
N,1613,19.69,115.101,0.0
N,1614,20.921,117.233,0.0
N,1615,19.69,116.522,0.0
N,1616,20.921,118.654,0.0
N,1617,19.69,119.364,0.0
N,1618,20.921,121.496,0.0
N,1619,19.69,120.785,0.0
N,1620,20.921,122.917,0.0
N,1621,19.69,123.627,0.0
N,1622,20.921,125.759,0.0
N,1623,19.69,125.048,0.0
N,1624,20.921,127.18,0.0
N,1625,19.69,127.89,0.0
N,1626,20.921,130.022,0.0
N,1627,19.69,129.311,0.0
N,1628,20.921,131.443,0.0
N,1629,19.69,132.153,0.0
N,1630,20.921,134.285,0.0
N,1631,19.69,133.574,0.0
N,1633,19.69,136.416,0.0
N,1634,20.921,138.548,0.0
N,1635,19.69,137.837,0.0
N,1636,20.921,139.969,0.0
N,1637,19.69,140.679,0.0
N,1638,20.921,142.811,0.0
N,1640,20.921,144.232,0.0
N,1641,19.69,144.942,0.0
N,1642,20.921,147.074,0.0
N,1643,19.69,146.363,0.0
N,1644,20.921,148.495,0.0
N,1645,19.69,149.205,0.0
N,1646,20.921,151.337,0.0
N,1647,19.69,150.626,0.0
N,1648,20.921,152.758,0.0
N,1649,19.69,153.468,0.0
N,1650,20.921,155.6,0.0
N,1651,19.69,154.889,0.0
N,1652,20.921,157.021,0.0
N,1653,19.69,157.731,0.0
N,1654,20.921,159.863,0.0
N,1655,19.69,159.152,0.0
N,1656,20.921,161.284,0.0
N,1657,19.69,161.994,0.0
N,1658,20.921,164.126,0.0
N,1660,20.921,165.547,0.0
N,1661,19.69,166.257,0.0
N,1662,20.921,168.389,0.0
N,1663,19.69,167.678,0.0
N,1664,20.921,169.81,0.0
N,1665,19.69,170.52,0.0
N,1666,20.921,172.652,0.0
N,1667,19.69,171.941,0.0
N,1668,20.921,174.073,0.0
N,1669,19.69,174.783,0.0
N,1670,20.921,176.915,0.0
N,1671,19.69,176.204,0.0
N,1672,20.921,178.336,0.0
N,1673,19.69,179.046,0.0
N,1674,20.921,181.178,0.0
N,1675,19.69,180.467,0.0
N,1676,20.921,182.599,0.0
N,1678,20.921,185.441,0.0
N,1679,19.69,184.73,0.0
N,1680,20.921,186.862,0.0
N,1681,19.69,187.572,0.0
N,1682,20.921,189.704,0.0
N,1683,19.69,188.993,0.0
N,1684,20.921,191.125,0.0
N,1685,19.69,191.835,0.0
N,1686,20.921,193.967,0.0
N,1688,20.921,195.388,0.0
N,1689,19.69,196.098,0.0
N,1690,20.921,198.23,0.0
N,1691,19.69,197.519,0.0
N,1692,20.921,199.651,0.0
N,1693,22.151,0.0,0.0
N,1694,23.382,2.132,0.0
N,1695,22.151,1.421,0.0
N,1696,23.382,3.553,0.0
N,1697,22.151,4.263,0.0
N,1698,23.382,6.395,0.0
N,1700,23.382,7.816,0.0
N,1701,22.151,8.526,0.0
N,1702,23.382,10.658,0.0
N,1704,23.382,12.079,0.0
N,1705,22.151,12.789,0.0
N,1706,23.382,14.921,0.0
N,1707,22.151,14.21,0.0
N,1708,23.382,16.342,0.0
N,1709,22.151,17.052,0.0
N,1710,23.382,19.184,0.0
N,1711,22.151,18.473,0.0
N,1712,23.382,20.605,0.0
N,1713,22.151,21.315,0.0
N,1714,23.382,23.447,0.0
N,1715,22.151,22.736,0.0
N,1716,23.382,24.868,0.0
N,1717,22.151,25.578,0.0
N,1718,23.382,27.71,0.0
N,1719,22.151,26.999,0.0
N,1720,23.382,29.131,0.0
N,1722,23.382,31.973,0.0
N,1723,22.151,31.262,0.0
N,1724,23.382,33.394,0.0
N,1725,22.151,34.104,0.0
N,1726,23.382,36.236,0.0
N,1727,22.151,35.525,0.0
N,1728,23.382,37.657,0.0
N,1729,22.151,38.367,0.0
N,1730,23.382,40.499,0.0
N,1731,22.151,39.788,0.0
N,1732,23.382,41.92,0.0
N,1733,22.151,42.63,0.0
N,1734,23.382,44.762,0.0
N,1735,22.151,44.051,0.0
N,1736,23.382,46.183,0.0
N,1737,22.151,46.893,0.0
N,1738,23.382,49.025,0.0
N,1739,22.151,48.314,0.0
N,1740,23.382,50.446,0.0
N,1741,22.151,51.156,0.0
N,1742,23.382,53.288,0.0
N,1743,22.151,52.577,0.0
N,1744,23.382,54.709,0.0
N,1745,22.151,55.419,0.0
N,1746,23.382,57.551,0.0
N,1747,22.151,56.84,0.0
N,1748,23.382,58.972,0.0
N,1749,22.151,59.682,0.0
N,1750,23.382,61.814,0.0
N,1751,22.151,61.103,0.0
N,1752,23.382,63.235,0.0
N,1753,22.151,63.945,0.0
N,1754,23.382,66.077,0.0
N,1755,22.151,65.366,0.0
N,1756,23.382,67.498,0.0
N,1757,22.151,68.208,0.0
N,1758,23.382,70.34,0.0
N,1759,22.151,69.629,0.0
N,1760,23.382,71.761,0.0
N,1761,22.151,72.471,0.0
N,1762,23.382,74.603,0.0
N,1763,22.151,73.892,0.0
N,1764,23.382,76.024,0.0
N,1765,22.151,76.734,0.0
N,1766,23.382,78.866,0.0
N,1767,22.151,78.155,0.0
N,1768,23.382,80.287,0.0
N,1769,22.151,80.997,0.0
N,1770,23.382,83.129,0.0
N,1771,22.151,82.418,0.0
N,1772,23.382,84.55,0.0
N,1773,22.151,85.26,0.0
N,1774,23.382,87.392,0.0
N,1775,22.151,86.681,0.0
N,1776,23.382,88.813,0.0
N,1777,22.151,89.523,0.0
N,1778,23.382,91.655,0.0
N,1779,22.151,90.944,0.0
N,1780,23.382,93.076,0.0
N,1781,22.151,93.786,0.0
N,1782,23.382,95.918,0.0
N,1783,22.151,95.207,0.0
N,1784,23.382,97.339,0.0
N,1785,22.151,98.049,0.0
N,1786,23.382,100.181,0.0
N,1787,22.151,99.47,0.0
N,1788,23.382,101.602,0.0
N,1789,22.151,102.312,0.0
N,1790,23.382,104.444,0.0
N,1791,22.151,103.733,0.0
N,1792,23.382,105.865,0.0
N,1793,22.151,106.575,0.0
N,1794,23.382,108.707,0.0
N,1795,22.151,107.996,0.0
N,1796,23.382,110.128,0.0
N,1797,22.151,110.838,0.0
N,1798,23.382,112.97,0.0
N,1799,22.151,112.259,0.0
N,1801,22.151,115.101,0.0
N,1802,23.382,117.233,0.0
N,1803,22.151,116.522,0.0
N,1804,23.382,118.654,0.0
N,1805,22.151,119.364,0.0
N,1806,23.382,121.496,0.0
N,1807,22.151,120.785,0.0
N,1808,23.382,122.917,0.0
N,1809,22.151,123.627,0.0
N,1810,23.382,125.759,0.0
N,1811,22.151,125.048,0.0
N,1812,23.382,127.18,0.0
N,1813,22.151,127.89,0.0
N,1814,23.382,130.022,0.0
N,1815,22.151,129.311,0.0
N,1816,23.382,131.443,0.0
N,1817,22.151,132.153,0.0
N,1818,23.382,134.285,0.0
N,1819,22.151,133.574,0.0
N,1820,23.382,135.706,0.0
N,1821,22.151,136.416,0.0
N,1822,23.382,138.548,0.0
N,1823,22.151,137.837,0.0
N,1824,23.382,139.969,0.0
N,1825,22.151,140.679,0.0
N,1826,23.382,142.811,0.0
N,1827,22.151,142.1,0.0
N,1828,23.382,144.232,0.0
N,1829,22.151,144.942,0.0
N,1830,23.382,147.074,0.0
N,1831,22.151,146.363,0.0
N,1832,23.382,148.495,0.0
N,1833,22.151,149.205,0.0
N,1834,23.382,151.337,0.0
N,1835,22.151,150.626,0.0
N,1836,23.382,152.758,0.0
N,1837,22.151,153.468,0.0
N,1838,23.382,155.6,0.0
N,1839,22.151,154.889,0.0
N,1840,23.382,157.021,0.0
N,1841,22.151,157.731,0.0
N,1842,23.382,159.863,0.0
N,1843,22.151,159.152,0.0
N,1844,23.382,161.284,0.0
N,1845,22.151,161.994,0.0
N,1846,23.382,164.126,0.0
N,1847,22.151,163.415,0.0
N,1848,23.382,165.547,0.0
N,1849,22.151,166.257,0.0
N,1850,23.382,168.389,0.0
N,1851,22.151,167.678,0.0
N,1852,23.382,169.81,0.0
N,1853,22.151,170.52,0.0
N,1854,23.382,172.652,0.0
N,1855,22.151,171.941,0.0
N,1856,23.382,174.073,0.0
N,1858,23.382,176.915,0.0
N,1859,22.151,176.204,0.0
N,1860,23.382,178.336,0.0
N,1861,22.151,179.046,0.0
N,1862,23.382,181.178,0.0
N,1863,22.151,180.467,0.0
N,1864,23.382,182.599,0.0
N,1865,22.151,183.309,0.0
N,1866,23.382,185.441,0.0
N,1867,22.151,184.73,0.0
N,1868,23.382,186.862,0.0
N,1869,22.151,187.572,0.0
N,1870,23.382,189.704,0.0
N,1871,22.151,188.993,0.0
N,1872,23.382,191.125,0.0
N,1873,22.151,191.835,0.0
N,1874,23.382,193.967,0.0
N,1875,22.151,193.256,0.0
N,1876,23.382,195.388,0.0
N,1877,22.151,196.098,0.0
N,1878,23.382,198.23,0.0
N,1879,22.151,197.519,0.0
N,1880,23.382,199.651,0.0
N,1881,24.612,0.0,0.0
N,1882,25.843,2.132,0.0
N,1883,24.612,1.421,0.0
N,1884,25.843,3.553,0.0
N,1885,24.612,4.263,0.0
N,1886,25.843,6.395,0.0
N,1887,24.612,5.684,0.0
N,1888,25.843,7.816,0.0
N,1889,24.612,8.526,0.0
N,1890,25.843,10.658,0.0
N,1891,24.612,9.947,0.0
N,1892,25.843,12.079,0.0
N,1893,24.612,12.789,0.0
N,1894,25.843,14.921,0.0
N,1895,24.612,14.21,0.0
N,1896,25.843,16.342,0.0
N,1897,24.612,17.052,0.0
N,1898,25.843,19.184,0.0
N,1899,24.612,18.473,0.0
N,1900,25.843,20.605,0.0
N,1901,24.612,21.315,0.0
N,1902,25.843,23.447,0.0
N,1903,24.612,22.736,0.0
N,1904,25.843,24.868,0.0
N,1905,24.612,25.578,0.0
N,1906,25.843,27.71,0.0
N,1907,24.612,26.999,0.0
N,1908,25.843,29.131,0.0
N,1909,24.612,29.841,0.0
N,1910,25.843,31.973,0.0
N,1911,24.612,31.262,0.0
N,1912,25.843,33.394,0.0
N,1913,24.612,34.104,0.0
N,1914,25.843,36.236,0.0
N,1915,24.612,35.525,0.0
N,1916,25.843,37.657,0.0
N,1917,24.612,38.367,0.0
N,1918,25.843,40.499,0.0
N,1919,24.612,39.788,0.0
N,1921,24.612,42.63,0.0
N,1922,25.843,44.762,0.0
N,1923,24.612,44.051,0.0
N,1924,25.843,46.183,0.0
N,1925,24.612,46.893,0.0
N,1926,25.843,49.025,0.0
N,1927,24.612,48.314,0.0
N,1928,25.843,50.446,0.0
N,1929,24.612,51.156,0.0
N,1930,25.843,53.288,0.0
N,1931,24.612,52.577,0.0
N,1933,24.612,55.419,0.0
N,1934,25.843,57.551,0.0
N,1935,24.612,56.84,0.0
N,1936,25.843,58.972,0.0
N,1937,24.612,59.682,0.0
N,1938,25.843,61.814,0.0
N,1939,24.612,61.103,0.0
N,1940,25.843,63.235,0.0
N,1941,24.612,63.945,0.0
N,1942,25.843,66.077,0.0
N,1943,24.612,65.366,0.0
N,1944,25.843,67.498,0.0
N,1945,24.612,68.208,0.0
N,1946,25.843,70.34,0.0
N,1947,24.612,69.629,0.0
N,1948,25.843,71.761,0.0
N,1949,24.612,72.471,0.0
N,1950,25.843,74.603,0.0
N,1951,24.612,73.892,0.0
N,1952,25.843,76.024,0.0
N,1953,24.612,76.734,0.0
N,1954,25.843,78.866,0.0
N,1955,24.612,78.155,0.0
N,1956,25.843,80.287,0.0
N,1957,24.612,80.997,0.0
N,1958,25.843,83.129,0.0
N,1959,24.612,82.418,0.0
N,1960,25.843,84.55,0.0
N,1961,24.612,85.26,0.0
N,1962,25.843,87.392,0.0
N,1963,24.612,86.681,0.0
N,1964,25.843,88.813,0.0
N,1965,24.612,89.523,0.0
N,1966,25.843,91.655,0.0
N,1967,24.612,90.944,0.0
N,1968,25.843,93.076,0.0
N,1969,24.612,93.786,0.0
N,1970,25.843,95.918,0.0
N,1971,24.612,95.207,0.0
N,1972,25.843,97.339,0.0
N,1973,24.612,98.049,0.0
N,1974,25.843,100.181,0.0
N,1975,24.612,99.47,0.0
N,1976,25.843,101.602,0.0
N,1977,24.612,102.312,0.0
N,1978,25.843,104.444,0.0
N,1979,24.612,103.733,0.0
N,1980,25.843,105.865,0.0
N,1981,24.612,106.575,0.0
N,1982,25.843,108.707,0.0
N,1983,24.612,107.996,0.0
N,1984,25.843,110.128,0.0
N,1985,24.612,110.838,0.0
N,1986,25.843,112.97,0.0
N,1987,24.612,112.259,0.0
N,1988,25.843,114.391,0.0
N,1989,24.612,115.101,0.0
N,1990,25.843,117.233,0.0
N,1991,24.612,116.522,0.0
N,1992,25.843,118.654,0.0
N,1993,24.612,119.364,0.0
N,1994,25.843,121.496,0.0
N,1995,24.612,120.785,0.0
N,1996,25.843,122.917,0.0
N,1997,24.612,123.627,0.0
N,1998,25.843,125.759,0.0
N,1999,24.612,125.048,0.0
N,2000,25.843,127.18,0.0
N,2001,24.612,127.89,0.0
N,2002,25.843,130.022,0.0
N,2003,24.612,129.311,0.0
N,2004,25.843,131.443,0.0
N,2005,24.612,132.153,0.0
N,2006,25.843,134.285,0.0
N,2007,24.612,133.574,0.0
N,2009,24.612,136.416,0.0
N,2010,25.843,138.548,0.0
N,2011,24.612,137.837,0.0
N,2012,25.843,139.969,0.0
N,2013,24.612,140.679,0.0
N,2014,25.843,142.811,0.0
N,2015,24.612,142.1,0.0
N,2016,25.843,144.232,0.0
N,2017,24.612,144.942,0.0
N,2018,25.843,147.074,0.0
N,2019,24.612,146.363,0.0
N,2020,25.843,148.495,0.0
N,2021,24.612,149.205,0.0
N,2022,25.843,151.337,0.0
N,2023,24.612,150.626,0.0
N,2024,25.843,152.758,0.0
N,2025,24.612,153.468,0.0
N,2026,25.843,155.6,0.0
N,2027,24.612,154.889,0.0
N,2028,25.843,157.021,0.0
N,2029,24.612,157.731,0.0
N,2030,25.843,159.863,0.0
N,2031,24.612,159.152,0.0
N,2032,25.843,161.284,0.0
N,2033,24.612,161.994,0.0
N,2034,25.843,164.126,0.0
N,2035,24.612,163.415,0.0
N,2036,25.843,165.547,0.0
N,2037,24.612,166.257,0.0
N,2038,25.843,168.389,0.0
N,2039,24.612,167.678,0.0
N,2040,25.843,169.81,0.0
N,2042,25.843,172.652,0.0
N,2043,24.612,171.941,0.0
N,2044,25.843,174.073,0.0
N,2045,24.612,174.783,0.0
N,2046,25.843,176.915,0.0
N,2047,24.612,176.204,0.0
N,2048,25.843,178.336,0.0
N,2049,24.612,179.046,0.0
N,2050,25.843,181.178,0.0
N,2051,24.612,180.467,0.0
N,2052,25.843,182.599,0.0
N,2053,24.612,183.309,0.0
N,2054,25.843,185.441,0.0
N,2055,24.612,184.73,0.0
N,2056,25.843,186.862,0.0
N,2057,24.612,187.572,0.0
N,2058,25.843,189.704,0.0
N,2059,24.612,188.993,0.0
N,2060,25.843,191.125,0.0
N,2061,24.612,191.835,0.0
N,2062,25.843,193.967,0.0
N,2063,24.612,193.256,0.0
N,2064,25.843,195.388,0.0
N,2065,24.612,196.098,0.0
N,2066,25.843,198.23,0.0
N,2067,24.612,197.519,0.0
N,2068,25.843,199.651,0.0
N,2069,27.074,0.0,0.0
N,2070,28.304,2.132,0.0
N,2071,27.074,1.421,0.0
N,2072,28.304,3.553,0.0
N,2073,27.074,4.263,0.0
N,2074,28.304,6.395,0.0
N,2075,27.074,5.684,0.0
N,2076,28.304,7.816,0.0
N,2077,27.074,8.526,0.0
N,2078,28.304,10.658,0.0
N,2079,27.074,9.947,0.0
N,2081,27.074,12.789,0.0
N,2082,28.304,14.921,0.0
N,2083,27.074,14.21,0.0
N,2084,28.304,16.342,0.0
N,2085,27.074,17.052,0.0
N,2086,28.304,19.184,0.0
N,2087,27.074,18.473,0.0
N,2088,28.304,20.605,0.0
N,2089,27.074,21.315,0.0
N,2090,28.304,23.447,0.0
N,2091,27.074,22.736,0.0
N,2092,28.304,24.868,0.0
N,2093,27.074,25.578,0.0
N,2094,28.304,27.71,0.0
N,2095,27.074,26.999,0.0
N,2096,28.304,29.131,0.0
N,2097,27.074,29.841,0.0
N,2098,28.304,31.973,0.0
N,2099,27.074,31.262,0.0
N,2100,28.304,33.394,0.0
N,2101,27.074,34.104,0.0
N,2102,28.304,36.236,0.0
N,2103,27.074,35.525,0.0
N,2104,28.304,37.657,0.0
N,2105,27.074,38.367,0.0
N,2106,28.304,40.499,0.0
N,2107,27.074,39.788,0.0
N,2108,28.304,41.92,0.0
N,2109,27.074,42.63,0.0
N,2110,28.304,44.762,0.0
N,2111,27.074,44.051,0.0
N,2112,28.304,46.183,0.0
N,2113,27.074,46.893,0.0
N,2114,28.304,49.025,0.0
N,2115,27.074,48.314,0.0
N,2116,28.304,50.446,0.0
N,2117,27.074,51.156,0.0
N,2118,28.304,53.288,0.0
N,2119,27.074,52.577,0.0
N,2120,28.304,54.709,0.0
N,2121,27.074,55.419,0.0
N,2123,27.074,56.84,0.0
N,2124,28.304,58.972,0.0
N,2125,27.074,59.682,0.0
N,2126,28.304,61.814,0.0
N,2127,27.074,61.103,0.0
N,2128,28.304,63.235,0.0
N,2129,27.074,63.945,0.0
N,2130,28.304,66.077,0.0
N,2131,27.074,65.366,0.0
N,2132,28.304,67.498,0.0
N,2133,27.074,68.208,0.0
N,2134,28.304,70.34,0.0
N,2135,27.074,69.629,0.0
N,2136,28.304,71.761,0.0
N,2137,27.074,72.471,0.0
N,2138,28.304,74.603,0.0
N,2139,27.074,73.892,0.0
N,2140,28.304,76.024,0.0
N,2141,27.074,76.734,0.0
N,2142,28.304,78.866,0.0
N,2143,27.074,78.155,0.0
N,2145,27.074,80.997,0.0
N,2146,28.304,83.129,0.0
N,2147,27.074,82.418,0.0
N,2148,28.304,84.55,0.0
N,2149,27.074,85.26,0.0
N,2150,28.304,87.392,0.0
N,2151,27.074,86.681,0.0
N,2152,28.304,88.813,0.0
N,2153,27.074,89.523,0.0
N,2154,28.304,91.655,0.0
N,2155,27.074,90.944,0.0
N,2156,28.304,93.076,0.0
N,2157,27.074,93.786,0.0
N,2158,28.304,95.918,0.0
N,2159,27.074,95.207,0.0
N,2160,28.304,97.339,0.0
N,2161,27.074,98.049,0.0
N,2162,28.304,100.181,0.0
N,2163,27.074,99.47,0.0
N,2164,28.304,101.602,0.0
N,2165,27.074,102.312,0.0
N,2166,28.304,104.444,0.0
N,2167,27.074,103.733,0.0
N,2168,28.304,105.865,0.0
N,2169,27.074,106.575,0.0
N,2170,28.304,108.707,0.0
N,2171,27.074,107.996,0.0
N,2172,28.304,110.128,0.0
N,2173,27.074,110.838,0.0
N,2174,28.304,112.97,0.0
N,2176,28.304,114.391,0.0
N,2177,27.074,115.101,0.0
N,2178,28.304,117.233,0.0
N,2179,27.074,116.522,0.0
N,2180,28.304,118.654,0.0
N,2181,27.074,119.364,0.0
N,2182,28.304,121.496,0.0
N,2183,27.074,120.785,0.0
N,2184,28.304,122.917,0.0
N,2185,27.074,123.627,0.0
N,2186,28.304,125.759,0.0
N,2187,27.074,125.048,0.0
N,2188,28.304,127.18,0.0
N,2189,27.074,127.89,0.0
N,2190,28.304,130.022,0.0
N,2191,27.074,129.311,0.0
N,2192,28.304,131.443,0.0
N,2193,27.074,132.153,0.0
N,2194,28.304,134.285,0.0
N,2195,27.074,133.574,0.0
N,2196,28.304,135.706,0.0
N,2198,28.304,138.548,0.0
N,2199,27.074,137.837,0.0
N,2200,28.304,139.969,0.0
N,2201,27.074,140.679,0.0
N,2202,28.304,142.811,0.0
N,2203,27.074,142.1,0.0
N,2204,28.304,144.232,0.0
N,2205,27.074,144.942,0.0
N,2206,28.304,147.074,0.0
N,2207,27.074,146.363,0.0
N,2208,28.304,148.495,0.0
N,2209,27.074,149.205,0.0
N,2210,28.304,151.337,0.0
N,2211,27.074,150.626,0.0
N,2212,28.304,152.758,0.0
N,2213,27.074,153.468,0.0
N,2214,28.304,155.6,0.0
N,2215,27.074,154.889,0.0
N,2216,28.304,157.021,0.0
N,2217,27.074,157.731,0.0
N,2218,28.304,159.863,0.0
N,2219,27.074,159.152,0.0
N,2220,28.304,161.284,0.0
N,2221,27.074,161.994,0.0
N,2222,28.304,164.126,0.0
N,2223,27.074,163.415,0.0
N,2224,28.304,165.547,0.0
N,2225,27.074,166.257,0.0
N,2226,28.304,168.389,0.0
N,2227,27.074,167.678,0.0
N,2228,28.304,169.81,0.0
N,2229,27.074,170.52,0.0
N,2230,28.304,172.652,0.0
N,2231,27.074,171.941,0.0
N,2232,28.304,174.073,0.0
N,2233,27.074,174.783,0.0
N,2234,28.304,176.915,0.0
N,2235,27.074,176.204,0.0
N,2236,28.304,178.336,0.0
N,2237,27.074,179.046,0.0
N,2238,28.304,181.178,0.0
N,2239,27.074,180.467,0.0
N,2240,28.304,182.599,0.0
N,2241,27.074,183.309,0.0
N,2242,28.304,185.441,0.0
N,2243,27.074,184.73,0.0
N,2244,28.304,186.862,0.0
N,2245,27.074,187.572,0.0
N,2246,28.304,189.704,0.0
N,2247,27.074,188.993,0.0
N,2248,28.304,191.125,0.0
N,2249,27.074,191.835,0.0
N,2250,28.304,193.967,0.0
N,2251,27.074,193.256,0.0
N,2252,28.304,195.388,0.0
N,2253,27.074,196.098,0.0
N,2254,28.304,198.23,0.0
N,2255,27.074,197.519,0.0
N,2256,28.304,199.651,0.0
N,2257,29.535,0.0,0.0
N,2258,30.766,2.132,0.0
N,2259,29.535,1.421,0.0
N,2261,29.535,4.263,0.0
N,2262,30.766,6.395,0.0
N,2264,30.766,7.816,0.0
N,2266,30.766,10.658,0.0
N,2267,29.535,9.947,0.0
N,2268,30.766,12.079,0.0
N,2269,29.535,12.789,0.0
N,2270,30.766,14.921,0.0
N,2271,29.535,14.21,0.0
N,2272,30.766,16.342,0.0
N,2273,29.535,17.052,0.0
N,2275,29.535,18.473,0.0
N,2276,30.766,20.605,0.0
N,2277,29.535,21.315,0.0
N,2278,30.766,23.447,0.0
N,2279,29.535,22.736,0.0
N,2280,30.766,24.868,0.0
N,2281,29.535,25.578,0.0
N,2282,30.766,27.71,0.0
N,2283,29.535,26.999,0.0
N,2284,30.766,29.131,0.0
N,2285,29.535,29.841,0.0
N,2286,30.766,31.973,0.0
N,2287,29.535,31.262,0.0
N,2288,30.766,33.394,0.0
N,2289,29.535,34.104,0.0
N,2290,30.766,36.236,0.0
N,2291,29.535,35.525,0.0
N,2292,30.766,37.657,0.0
N,2293,29.535,38.367,0.0
N,2294,30.766,40.499,0.0
N,2295,29.535,39.788,0.0
N,2296,30.766,41.92,0.0
N,2297,29.535,42.63,0.0
N,2298,30.766,44.762,0.0
N,2299,29.535,44.051,0.0
N,2300,30.766,46.183,0.0
N,2301,29.535,46.893,0.0
N,2302,30.766,49.025,0.0
N,2303,29.535,48.314,0.0
N,2304,30.766,50.446,0.0
N,2305,29.535,51.156,0.0
N,2306,30.766,53.288,0.0
N,2307,29.535,52.577,0.0
N,2308,30.766,54.709,0.0
N,2309,29.535,55.419,0.0
N,2310,30.766,57.551,0.0
N,2311,29.535,56.84,0.0
N,2313,29.535,59.682,0.0
N,2314,30.766,61.814,0.0
N,2315,29.535,61.103,0.0
N,2316,30.766,63.235,0.0
N,2317,29.535,63.945,0.0
N,2318,30.766,66.077,0.0
N,2319,29.535,65.366,0.0
N,2320,30.766,67.498,0.0
N,2321,29.535,68.208,0.0
N,2322,30.766,70.34,0.0
N,2323,29.535,69.629,0.0
N,2324,30.766,71.761,0.0
N,2325,29.535,72.471,0.0
N,2326,30.766,74.603,0.0
N,2327,29.535,73.892,0.0
N,2328,30.766,76.024,0.0
N,2329,29.535,76.734,0.0
N,2330,30.766,78.866,0.0
N,2331,29.535,78.155,0.0
N,2332,30.766,80.287,0.0
N,2333,29.535,80.997,0.0
N,2334,30.766,83.129,0.0
N,2335,29.535,82.418,0.0
N,2336,30.766,84.55,0.0
N,2337,29.535,85.26,0.0
N,2338,30.766,87.392,0.0
N,2339,29.535,86.681,0.0
N,2340,30.766,88.813,0.0
N,2342,30.766,91.655,0.0
N,2343,29.535,90.944,0.0
N,2344,30.766,93.076,0.0
N,2345,29.535,93.786,0.0
N,2346,30.766,95.918,0.0
N,2347,29.535,95.207,0.0
N,2348,30.766,97.339,0.0
N,2349,29.535,98.049,0.0
N,2350,30.766,100.181,0.0
N,2351,29.535,99.47,0.0
N,2352,30.766,101.602,0.0
N,2353,29.535,102.312,0.0
N,2354,30.766,104.444,0.0
N,2355,29.535,103.733,0.0
N,2356,30.766,105.865,0.0
N,2357,29.535,106.575,0.0
N,2358,30.766,108.707,0.0
N,2359,29.535,107.996,0.0
N,2360,30.766,110.128,0.0
N,2361,29.535,110.838,0.0
N,2362,30.766,112.97,0.0
N,2363,29.535,112.259,0.0
N,2364,30.766,114.391,0.0
N,2365,29.535,115.101,0.0
N,2366,30.766,117.233,0.0
N,2367,29.535,116.522,0.0
N,2368,30.766,118.654,0.0
N,2369,29.535,119.364,0.0
N,2370,30.766,121.496,0.0
N,2371,29.535,120.785,0.0
N,2372,30.766,122.917,0.0
N,2373,29.535,123.627,0.0
N,2374,30.766,125.759,0.0
N,2375,29.535,125.048,0.0
N,2376,30.766,127.18,0.0
N,2377,29.535,127.89,0.0
N,2378,30.766,130.022,0.0
N,2379,29.535,129.311,0.0
N,2380,30.766,131.443,0.0
N,2381,29.535,132.153,0.0
N,2382,30.766,134.285,0.0
N,2383,29.535,133.574,0.0
N,2384,30.766,135.706,0.0
N,2385,29.535,136.416,0.0
N,2386,30.766,138.548,0.0
N,2387,29.535,137.837,0.0
N,2388,30.766,139.969,0.0
N,2389,29.535,140.679,0.0
N,2390,30.766,142.811,0.0
N,2391,29.535,142.1,0.0
N,2393,29.535,144.942,0.0
N,2394,30.766,147.074,0.0
N,2395,29.535,146.363,0.0
N,2396,30.766,148.495,0.0
N,2397,29.535,149.205,0.0
N,2398,30.766,151.337,0.0
N,2399,29.535,150.626,0.0
N,2400,30.766,152.758,0.0
N,2401,29.535,153.468,0.0
N,2402,30.766,155.6,0.0
N,2403,29.535,154.889,0.0
N,2404,30.766,157.021,0.0
N,2405,29.535,157.731,0.0
N,2406,30.766,159.863,0.0
N,2407,29.535,159.152,0.0
N,2408,30.766,161.284,0.0
N,2409,29.535,161.994,0.0
N,2410,30.766,164.126,0.0
N,2411,29.535,163.415,0.0
N,2412,30.766,165.547,0.0
N,2413,29.535,166.257,0.0
N,2414,30.766,168.389,0.0
N,2415,29.535,167.678,0.0
N,2416,30.766,169.81,0.0
N,2417,29.535,170.52,0.0
N,2418,30.766,172.652,0.0
N,2419,29.535,171.941,0.0
N,2420,30.766,174.073,0.0
N,2421,29.535,174.783,0.0
N,2423,29.535,176.204,0.0
N,2424,30.766,178.336,0.0
N,2425,29.535,179.046,0.0
N,2426,30.766,181.178,0.0
N,2427,29.535,180.467,0.0
N,2428,30.766,182.599,0.0
N,2429,29.535,183.309,0.0
N,2430,30.766,185.441,0.0
N,2431,29.535,184.73,0.0
N,2432,30.766,186.862,0.0
N,2433,29.535,187.572,0.0
N,2434,30.766,189.704,0.0
N,2435,29.535,188.993,0.0
N,2436,30.766,191.125,0.0
N,2437,29.535,191.835,0.0
N,2438,30.766,193.967,0.0
N,2439,29.535,193.256,0.0
N,2440,30.766,195.388,0.0
N,2441,29.535,196.098,0.0
N,2442,30.766,198.23,0.0
N,2443,29.535,197.519,0.0
N,2444,30.766,199.651,0.0
N,2445,31.996,0.0,0.0
N,2446,33.227,2.132,0.0
N,2448,33.227,3.553,0.0
N,2449,31.996,4.263,0.0
N,2450,33.227,6.395,0.0
N,2451,31.996,5.684,0.0
N,2452,33.227,7.816,0.0
N,2453,31.996,8.526,0.0
N,2454,33.227,10.658,0.0
N,2455,31.996,9.947,0.0
N,2456,33.227,12.079,0.0
N,2457,31.996,12.789,0.0
N,2458,33.227,14.921,0.0
N,2459,31.996,14.21,0.0
N,2460,33.227,16.342,0.0
N,2461,31.996,17.052,0.0
N,2462,33.227,19.184,0.0
N,2463,31.996,18.473,0.0
N,2464,33.227,20.605,0.0
N,2465,31.996,21.315,0.0
N,2466,33.227,23.447,0.0
N,2467,31.996,22.736,0.0
N,2469,31.996,25.578,0.0
N,2470,33.227,27.71,0.0
N,2471,31.996,26.999,0.0
N,2472,33.227,29.131,0.0
N,2473,31.996,29.841,0.0
N,2474,33.227,31.973,0.0
N,2475,31.996,31.262,0.0
N,2476,33.227,33.394,0.0
N,2477,31.996,34.104,0.0
N,2478,33.227,36.236,0.0
N,2479,31.996,35.525,0.0
N,2480,33.227,37.657,0.0
N,2482,33.227,40.499,0.0
N,2483,31.996,39.788,0.0
N,2484,33.227,41.92,0.0
N,2485,31.996,42.63,0.0
N,2486,33.227,44.762,0.0
N,2487,31.996,44.051,0.0
N,2488,33.227,46.183,0.0
N,2489,31.996,46.893,0.0
N,2490,33.227,49.025,0.0
N,2491,31.996,48.314,0.0
N,2492,33.227,50.446,0.0
N,2493,31.996,51.156,0.0
N,2494,33.227,53.288,0.0
N,2495,31.996,52.577,0.0
N,2496,33.227,54.709,0.0
N,2497,31.996,55.419,0.0
N,2498,33.227,57.551,0.0
N,2499,31.996,56.84,0.0
N,2501,31.996,59.682,0.0
N,2502,33.227,61.814,0.0
N,2503,31.996,61.103,0.0
N,2504,33.227,63.235,0.0
N,2505,31.996,63.945,0.0
N,2506,33.227,66.077,0.0
N,2507,31.996,65.366,0.0
N,2508,33.227,67.498,0.0
N,2509,31.996,68.208,0.0
N,2510,33.227,70.34,0.0
N,2511,31.996,69.629,0.0
N,2512,33.227,71.761,0.0
N,2514,33.227,74.603,0.0
N,2515,31.996,73.892,0.0
N,2516,33.227,76.024,0.0
N,2517,31.996,76.734,0.0
N,2518,33.227,78.866,0.0
N,2519,31.996,78.155,0.0
N,2520,33.227,80.287,0.0
N,2521,31.996,80.997,0.0
N,2522,33.227,83.129,0.0
N,2523,31.996,82.418,0.0
N,2524,33.227,84.55,0.0
N,2525,31.996,85.26,0.0
N,2526,33.227,87.392,0.0
N,2527,31.996,86.681,0.0
N,2528,33.227,88.813,0.0
N,2529,31.996,89.523,0.0
N,2530,33.227,91.655,0.0
N,2531,31.996,90.944,0.0
N,2532,33.227,93.076,0.0
N,2533,31.996,93.786,0.0
N,2534,33.227,95.918,0.0
N,2535,31.996,95.207,0.0
N,2536,33.227,97.339,0.0
N,2537,31.996,98.049,0.0
N,2538,33.227,100.181,0.0
N,2539,31.996,99.47,0.0
N,2540,33.227,101.602,0.0
N,2541,31.996,102.312,0.0
N,2542,33.227,104.444,0.0
N,2543,31.996,103.733,0.0
N,2544,33.227,105.865,0.0
N,2545,31.996,106.575,0.0
N,2546,33.227,108.707,0.0
N,2547,31.996,107.996,0.0
N,2548,33.227,110.128,0.0
N,2549,31.996,110.838,0.0
N,2550,33.227,112.97,0.0
N,2551,31.996,112.259,0.0
N,2552,33.227,114.391,0.0
N,2553,31.996,115.101,0.0
N,2554,33.227,117.233,0.0
N,2555,31.996,116.522,0.0
N,2556,33.227,118.654,0.0
N,2557,31.996,119.364,0.0
N,2558,33.227,121.496,0.0
N,2559,31.996,120.785,0.0
N,2560,33.227,122.917,0.0
N,2561,31.996,123.627,0.0
N,2562,33.227,125.759,0.0
N,2563,31.996,125.048,0.0
N,2564,33.227,127.18,0.0
N,2565,31.996,127.89,0.0
N,2566,33.227,130.022,0.0
N,2567,31.996,129.311,0.0
N,2568,33.227,131.443,0.0
N,2569,31.996,132.153,0.0
N,2570,33.227,134.285,0.0
N,2571,31.996,133.574,0.0
N,2572,33.227,135.706,0.0
N,2573,31.996,136.416,0.0
N,2574,33.227,138.548,0.0
N,2575,31.996,137.837,0.0
N,2576,33.227,139.969,0.0
N,2577,31.996,140.679,0.0
N,2578,33.227,142.811,0.0
N,2579,31.996,142.1,0.0
N,2580,33.227,144.232,0.0
N,2581,31.996,144.942,0.0
N,2582,33.227,147.074,0.0
N,2583,31.996,146.363,0.0
N,2584,33.227,148.495,0.0
N,2585,31.996,149.205,0.0
N,2586,33.227,151.337,0.0
N,2587,31.996,150.626,0.0
N,2588,33.227,152.758,0.0
N,2589,31.996,153.468,0.0
N,2590,33.227,155.6,0.0
N,2591,31.996,154.889,0.0
N,2592,33.227,157.021,0.0
N,2593,31.996,157.731,0.0
N,2594,33.227,159.863,0.0
N,2595,31.996,159.152,0.0
N,2596,33.227,161.284,0.0
N,2597,31.996,161.994,0.0
N,2598,33.227,164.126,0.0
N,2599,31.996,163.415,0.0
N,2600,33.227,165.547,0.0
N,2601,31.996,166.257,0.0
N,2603,31.996,167.678,0.0
N,2604,33.227,169.81,0.0
N,2605,31.996,170.52,0.0
N,2606,33.227,172.652,0.0
N,2607,31.996,171.941,0.0
N,2608,33.227,174.073,0.0
N,2609,31.996,174.783,0.0
N,2610,33.227,176.915,0.0
N,2611,31.996,176.204,0.0
N,2612,33.227,178.336,0.0
N,2613,31.996,179.046,0.0
N,2614,33.227,181.178,0.0
N,2615,31.996,180.467,0.0
N,2616,33.227,182.599,0.0
N,2617,31.996,183.309,0.0
N,2618,33.227,185.441,0.0
N,2619,31.996,184.73,0.0
N,2620,33.227,186.862,0.0
N,2621,31.996,187.572,0.0
N,2622,33.227,189.704,0.0
N,2623,31.996,188.993,0.0
N,2624,33.227,191.125,0.0
N,2625,31.996,191.835,0.0
N,2626,33.227,193.967,0.0
N,2627,31.996,193.256,0.0
N,2628,33.227,195.388,0.0
N,2629,31.996,196.098,0.0
N,2630,33.227,198.23,0.0
N,2631,31.996,197.519,0.0
N,2632,33.227,199.651,0.0
N,2633,34.457,0.0,0.0
N,2634,35.688,2.132,0.0
N,2635,34.457,1.421,0.0
N,2636,35.688,3.553,0.0
N,2637,34.457,4.263,0.0
N,2638,35.688,6.395,0.0
N,2639,34.457,5.684,0.0
N,2640,35.688,7.816,0.0
N,2641,34.457,8.526,0.0
N,2642,35.688,10.658,0.0
N,2643,34.457,9.947,0.0
N,2644,35.688,12.079,0.0
N,2645,34.457,12.789,0.0
N,2646,35.688,14.921,0.0
N,2647,34.457,14.21,0.0
N,2648,35.688,16.342,0.0
N,2649,34.457,17.052,0.0
N,2650,35.688,19.184,0.0
N,2651,34.457,18.473,0.0
N,2652,35.688,20.605,0.0
N,2653,34.457,21.315,0.0
N,2654,35.688,23.447,0.0
N,2655,34.457,22.736,0.0
N,2656,35.688,24.868,0.0
N,2657,34.457,25.578,0.0
N,2658,35.688,27.71,0.0
N,2659,34.457,26.999,0.0
N,2660,35.688,29.131,0.0
N,2661,34.457,29.841,0.0
N,2662,35.688,31.973,0.0
N,2663,34.457,31.262,0.0
N,2664,35.688,33.394,0.0
N,2665,34.457,34.104,0.0
N,2666,35.688,36.236,0.0
N,2667,34.457,35.525,0.0
N,2668,35.688,37.657,0.0
N,2669,34.457,38.367,0.0
N,2670,35.688,40.499,0.0
N,2671,34.457,39.788,0.0
N,2672,35.688,41.92,0.0
N,2673,34.457,42.63,0.0
N,2674,35.688,44.762,0.0
N,2675,34.457,44.051,0.0
N,2676,35.688,46.183,0.0
N,2677,34.457,46.893,0.0
N,2678,35.688,49.025,0.0
N,2679,34.457,48.314,0.0
N,2680,35.688,50.446,0.0
N,2681,34.457,51.156,0.0
N,2682,35.688,53.288,0.0
N,2683,34.457,52.577,0.0
N,2684,35.688,54.709,0.0
N,2685,34.457,55.419,0.0
N,2686,35.688,57.551,0.0
N,2687,34.457,56.84,0.0
N,2688,35.688,58.972,0.0
N,2689,34.457,59.682,0.0
N,2690,35.688,61.814,0.0
N,2691,34.457,61.103,0.0
N,2692,35.688,63.235,0.0
N,2694,35.688,66.077,0.0
N,2695,34.457,65.366,0.0
N,2696,35.688,67.498,0.0
N,2697,34.457,68.208,0.0
N,2698,35.688,70.34,0.0
N,2699,34.457,69.629,0.0
N,2700,35.688,71.761,0.0
N,2701,34.457,72.471,0.0
N,2702,35.688,74.603,0.0
N,2703,34.457,73.892,0.0
N,2704,35.688,76.024,0.0
N,2705,34.457,76.734,0.0
N,2706,35.688,78.866,0.0
N,2707,34.457,78.155,0.0
N,2708,35.688,80.287,0.0
N,2709,34.457,80.997,0.0
N,2710,35.688,83.129,0.0
N,2711,34.457,82.418,0.0
N,2712,35.688,84.55,0.0
N,2713,34.457,85.26,0.0
N,2714,35.688,87.392,0.0
N,2715,34.457,86.681,0.0
N,2716,35.688,88.813,0.0
N,2717,34.457,89.523,0.0
N,2718,35.688,91.655,0.0
N,2719,34.457,90.944,0.0
N,2720,35.688,93.076,0.0
N,2721,34.457,93.786,0.0
N,2722,35.688,95.918,0.0
N,2723,34.457,95.207,0.0
N,2724,35.688,97.339,0.0
N,2725,34.457,98.049,0.0
N,2726,35.688,100.181,0.0
N,2727,34.457,99.47,0.0
N,2728,35.688,101.602,0.0
N,2729,34.457,102.312,0.0
N,2730,35.688,104.444,0.0
N,2731,34.457,103.733,0.0
N,2732,35.688,105.865,0.0
N,2733,34.457,106.575,0.0
N,2735,34.457,107.996,0.0
N,2736,35.688,110.128,0.0
N,2737,34.457,110.838,0.0
N,2738,35.688,112.97,0.0
N,2739,34.457,112.259,0.0
N,2740,35.688,114.391,0.0
N,2741,34.457,115.101,0.0
N,2742,35.688,117.233,0.0
N,2743,34.457,116.522,0.0
N,2744,35.688,118.654,0.0
N,2745,34.457,119.364,0.0
N,2746,35.688,121.496,0.0
N,2747,34.457,120.785,0.0
N,2748,35.688,122.917,0.0
N,2749,34.457,123.627,0.0
N,2750,35.688,125.759,0.0
N,2751,34.457,125.048,0.0
N,2752,35.688,127.18,0.0
N,2753,34.457,127.89,0.0
N,2754,35.688,130.022,0.0
N,2755,34.457,129.311,0.0
N,2756,35.688,131.443,0.0
N,2757,34.457,132.153,0.0
N,2758,35.688,134.285,0.0
N,2759,34.457,133.574,0.0
N,2760,35.688,135.706,0.0
N,2761,34.457,136.416,0.0
N,2762,35.688,138.548,0.0
N,2763,34.457,137.837,0.0
N,2764,35.688,139.969,0.0
N,2765,34.457,140.679,0.0
N,2766,35.688,142.811,0.0
N,2767,34.457,142.1,0.0
N,2768,35.688,144.232,0.0
N,2769,34.457,144.942,0.0
N,2770,35.688,147.074,0.0
N,2771,34.457,146.363,0.0
N,2772,35.688,148.495,0.0
N,2773,34.457,149.205,0.0
N,2774,35.688,151.337,0.0
N,2775,34.457,150.626,0.0
N,2776,35.688,152.758,0.0
N,2777,34.457,153.468,0.0
N,2778,35.688,155.6,0.0
N,2779,34.457,154.889,0.0
N,2780,35.688,157.021,0.0
N,2781,34.457,157.731,0.0
N,2782,35.688,159.863,0.0
N,2783,34.457,159.152,0.0
N,2784,35.688,161.284,0.0
N,2785,34.457,161.994,0.0
N,2786,35.688,164.126,0.0
N,2787,34.457,163.415,0.0
N,2788,35.688,165.547,0.0
N,2789,34.457,166.257,0.0
N,2790,35.688,168.389,0.0
N,2791,34.457,167.678,0.0
N,2792,35.688,169.81,0.0
N,2793,34.457,170.52,0.0
N,2795,34.457,171.941,0.0
N,2796,35.688,174.073,0.0
N,2797,34.457,174.783,0.0
N,2798,35.688,176.915,0.0
N,2799,34.457,176.204,0.0
N,2800,35.688,178.336,0.0
N,2801,34.457,179.046,0.0
N,2802,35.688,181.178,0.0
N,2803,34.457,180.467,0.0
N,2804,35.688,182.599,0.0
N,2805,34.457,183.309,0.0
N,2806,35.688,185.441,0.0
N,2807,34.457,184.73,0.0
N,2808,35.688,186.862,0.0
N,2809,34.457,187.572,0.0
N,2810,35.688,189.704,0.0
N,2811,34.457,188.993,0.0
N,2812,35.688,191.125,0.0
N,2813,34.457,191.835,0.0
N,2814,35.688,193.967,0.0
N,2815,34.457,193.256,0.0
N,2816,35.688,195.388,0.0
N,2817,34.457,196.098,0.0
N,2818,35.688,198.23,0.0
N,2819,34.457,197.519,0.0
N,2820,35.688,199.651,0.0
N,2821,36.919,0.0,0.0
N,2822,38.149,2.132,0.0
N,2823,36.919,1.421,0.0
N,2824,38.149,3.553,0.0
N,2825,36.919,4.263,0.0
N,2826,38.149,6.395,0.0
N,2827,36.919,5.684,0.0
N,2828,38.149,7.816,0.0
N,2829,36.919,8.526,0.0
N,2830,38.149,10.658,0.0
N,2831,36.919,9.947,0.0
N,2832,38.149,12.079,0.0
N,2833,36.919,12.789,0.0
N,2834,38.149,14.921,0.0
N,2835,36.919,14.21,0.0
N,2836,38.149,16.342,0.0
N,2837,36.919,17.052,0.0
N,2838,38.149,19.184,0.0
N,2839,36.919,18.473,0.0
N,2840,38.149,20.605,0.0
N,2842,38.149,23.447,0.0
N,2843,36.919,22.736,0.0
N,2844,38.149,24.868,0.0
N,2845,36.919,25.578,0.0
N,2846,38.149,27.71,0.0
N,2847,36.919,26.999,0.0
N,2848,38.149,29.131,0.0
N,2849,36.919,29.841,0.0
N,2850,38.149,31.973,0.0
N,2851,36.919,31.262,0.0
N,2852,38.149,33.394,0.0
N,2853,36.919,34.104,0.0
N,2854,38.149,36.236,0.0
N,2855,36.919,35.525,0.0
N,2856,38.149,37.657,0.0
N,2857,36.919,38.367,0.0
N,2858,38.149,40.499,0.0
N,2859,36.919,39.788,0.0
N,2860,38.149,41.92,0.0
N,2861,36.919,42.63,0.0
N,2862,38.149,44.762,0.0
N,2863,36.919,44.051,0.0
N,2864,38.149,46.183,0.0
N,2865,36.919,46.893,0.0
N,2866,38.149,49.025,0.0
N,2867,36.919,48.314,0.0
N,2868,38.149,50.446,0.0
N,2869,36.919,51.156,0.0
N,2870,38.149,53.288,0.0
N,2871,36.919,52.577,0.0
N,2872,38.149,54.709,0.0
N,2873,36.919,55.419,0.0
N,2874,38.149,57.551,0.0
N,2875,36.919,56.84,0.0
N,2876,38.149,58.972,0.0
N,2877,36.919,59.682,0.0
N,2878,38.149,61.814,0.0
N,2879,36.919,61.103,0.0
N,2880,38.149,63.235,0.0
N,2881,36.919,63.945,0.0
N,2882,38.149,66.077,0.0
N,2883,36.919,65.366,0.0
N,2884,38.149,67.498,0.0
N,2885,36.919,68.208,0.0
N,2886,38.149,70.34,0.0
N,2887,36.919,69.629,0.0
N,2888,38.149,71.761,0.0
N,2889,36.919,72.471,0.0
N,2890,38.149,74.603,0.0
N,2891,36.919,73.892,0.0
N,2892,38.149,76.024,0.0
N,2893,36.919,76.734,0.0
N,2894,38.149,78.866,0.0
N,2895,36.919,78.155,0.0
N,2896,38.149,80.287,0.0
N,2897,36.919,80.997,0.0
N,2898,38.149,83.129,0.0
N,2899,36.919,82.418,0.0
N,2900,38.149,84.55,0.0
N,2901,36.919,85.26,0.0
N,2902,38.149,87.392,0.0
N,2903,36.919,86.681,0.0
N,2904,38.149,88.813,0.0
N,2905,36.919,89.523,0.0
N,2906,38.149,91.655,0.0
N,2907,36.919,90.944,0.0
N,2908,38.149,93.076,0.0
N,2909,36.919,93.786,0.0
N,2910,38.149,95.918,0.0
N,2911,36.919,95.207,0.0
N,2912,38.149,97.339,0.0
N,2913,36.919,98.049,0.0
N,2914,38.149,100.181,0.0
N,2915,36.919,99.47,0.0
N,2916,38.149,101.602,0.0
N,2917,36.919,102.312,0.0
N,2918,38.149,104.444,0.0
N,2919,36.919,103.733,0.0
N,2920,38.149,105.865,0.0
N,2921,36.919,106.575,0.0
N,2922,38.149,108.707,0.0
N,2923,36.919,107.996,0.0
N,2924,38.149,110.128,0.0
N,2925,36.919,110.838,0.0
N,2926,38.149,112.97,0.0
N,2927,36.919,112.259,0.0
N,2928,38.149,114.391,0.0
N,2929,36.919,115.101,0.0
N,2930,38.149,117.233,0.0
N,2931,36.919,116.522,0.0
N,2932,38.149,118.654,0.0
N,2933,36.919,119.364,0.0
N,2934,38.149,121.496,0.0
N,2935,36.919,120.785,0.0
N,2936,38.149,122.917,0.0
N,2937,36.919,123.627,0.0
N,2938,38.149,125.759,0.0
N,2939,36.919,125.048,0.0
N,2940,38.149,127.18,0.0
N,2941,36.919,127.89,0.0
N,2942,38.149,130.022,0.0
N,2944,38.149,131.443,0.0
N,2945,36.919,132.153,0.0
N,2946,38.149,134.285,0.0
N,2947,36.919,133.574,0.0
N,2948,38.149,135.706,0.0
N,2949,36.919,136.416,0.0
N,2950,38.149,138.548,0.0
N,2951,36.919,137.837,0.0
N,2952,38.149,139.969,0.0
N,2953,36.919,140.679,0.0
N,2954,38.149,142.811,0.0
N,2955,36.919,142.1,0.0
N,2956,38.149,144.232,0.0
N,2957,36.919,144.942,0.0
N,2958,38.149,147.074,0.0
N,2959,36.919,146.363,0.0
N,2960,38.149,148.495,0.0
N,2961,36.919,149.205,0.0
N,2962,38.149,151.337,0.0
N,2963,36.919,150.626,0.0
N,2964,38.149,152.758,0.0
N,2965,36.919,153.468,0.0
N,2966,38.149,155.6,0.0
N,2967,36.919,154.889,0.0
N,2968,38.149,157.021,0.0
N,2969,36.919,157.731,0.0
N,2970,38.149,159.863,0.0
N,2971,36.919,159.152,0.0
N,2972,38.149,161.284,0.0
N,2973,36.919,161.994,0.0
N,2974,38.149,164.126,0.0
N,2975,36.919,163.415,0.0
N,2976,38.149,165.547,0.0
N,2977,36.919,166.257,0.0
N,2978,38.149,168.389,0.0
N,2979,36.919,167.678,0.0
N,2980,38.149,169.81,0.0
N,2981,36.919,170.52,0.0
N,2982,38.149,172.652,0.0
N,2983,36.919,171.941,0.0
N,2984,38.149,174.073,0.0
N,2985,36.919,174.783,0.0
N,2986,38.149,176.915,0.0
N,2987,36.919,176.204,0.0
N,2988,38.149,178.336,0.0
N,2989,36.919,179.046,0.0
N,2990,38.149,181.178,0.0
N,2991,36.919,180.467,0.0
N,2992,38.149,182.599,0.0
N,2993,36.919,183.309,0.0
N,2994,38.149,185.441,0.0
N,2995,36.919,184.73,0.0
N,2997,36.919,187.572,0.0
N,2998,38.149,189.704,0.0
N,3000,38.149,191.125,0.0
N,3001,36.919,191.835,0.0
N,3002,38.149,193.967,0.0
N,3004,38.149,195.388,0.0
N,3005,36.919,196.098,0.0
N,3006,38.149,198.23,0.0
N,3007,36.919,197.519,0.0
N,3008,38.149,199.651,0.0
N,3009,39.38,0.0,0.0
N,3010,40.611,2.132,0.0
N,3011,39.38,1.421,0.0
N,3012,40.611,3.553,0.0
N,3013,39.38,4.263,0.0
N,3014,40.611,6.395,0.0
N,3015,39.38,5.684,0.0
N,3016,40.611,7.816,0.0
N,3017,39.38,8.526,0.0
N,3018,40.611,10.658,0.0
N,3019,39.38,9.947,0.0
N,3020,40.611,12.079,0.0
N,3021,39.38,12.789,0.0
N,3022,40.611,14.921,0.0
N,3023,39.38,14.21,0.0
N,3024,40.611,16.342,0.0
N,3025,39.38,17.052,0.0
N,3026,40.611,19.184,0.0
N,3027,39.38,18.473,0.0
N,3028,40.611,20.605,0.0
N,3030,40.611,23.447,0.0
N,3032,40.611,24.868,0.0
N,3033,39.38,25.578,0.0
N,3034,40.611,27.71,0.0
N,3035,39.38,26.999,0.0
N,3036,40.611,29.131,0.0
N,3037,39.38,29.841,0.0
N,3038,40.611,31.973,0.0
N,3039,39.38,31.262,0.0
N,3040,40.611,33.394,0.0
N,3041,39.38,34.104,0.0
N,3042,40.611,36.236,0.0
N,3043,39.38,35.525,0.0
N,3044,40.611,37.657,0.0
N,3045,39.38,38.367,0.0
N,3046,40.611,40.499,0.0
N,3047,39.38,39.788,0.0
N,3048,40.611,41.92,0.0
N,3049,39.38,42.63,0.0
N,3050,40.611,44.762,0.0
N,3051,39.38,44.051,0.0
N,3052,40.611,46.183,0.0
N,3053,39.38,46.893,0.0
N,3054,40.611,49.025,0.0
N,3055,39.38,48.314,0.0
N,3056,40.611,50.446,0.0
N,3057,39.38,51.156,0.0
N,3058,40.611,53.288,0.0
N,3059,39.38,52.577,0.0
N,3060,40.611,54.709,0.0
N,3061,39.38,55.419,0.0
N,3062,40.611,57.551,0.0
N,3063,39.38,56.84,0.0
N,3064,40.611,58.972,0.0
N,3065,39.38,59.682,0.0
N,3066,40.611,61.814,0.0
N,3068,40.611,63.235,0.0
N,3069,39.38,63.945,0.0
N,3070,40.611,66.077,0.0
N,3071,39.38,65.366,0.0
N,3072,40.611,67.498,0.0
N,3073,39.38,68.208,0.0
N,3074,40.611,70.34,0.0
N,3075,39.38,69.629,0.0
N,3076,40.611,71.761,0.0
N,3077,39.38,72.471,0.0
N,3078,40.611,74.603,0.0
N,3079,39.38,73.892,0.0
N,3081,39.38,76.734,0.0
N,3082,40.611,78.866,0.0
N,3083,39.38,78.155,0.0
N,3084,40.611,80.287,0.0
N,3085,39.38,80.997,0.0
N,3086,40.611,83.129,0.0
N,3087,39.38,82.418,0.0
N,3088,40.611,84.55,0.0
N,3089,39.38,85.26,0.0
N,3090,40.611,87.392,0.0
N,3091,39.38,86.681,0.0
N,3092,40.611,88.813,0.0
N,3093,39.38,89.523,0.0
N,3094,40.611,91.655,0.0
N,3095,39.38,90.944,0.0
N,3096,40.611,93.076,0.0
N,3097,39.38,93.786,0.0
N,3098,40.611,95.918,0.0
N,3099,39.38,95.207,0.0
N,3100,40.611,97.339,0.0
N,3102,40.611,100.181,0.0
N,3104,40.611,101.602,0.0
N,3105,39.38,102.312,0.0
N,3106,40.611,104.444,0.0
N,3107,39.38,103.733,0.0
N,3108,40.611,105.865,0.0
N,3109,39.38,106.575,0.0
N,3110,40.611,108.707,0.0
N,3111,39.38,107.996,0.0
N,3112,40.611,110.128,0.0
N,3113,39.38,110.838,0.0
N,3114,40.611,112.97,0.0
N,3115,39.38,112.259,0.0
N,3116,40.611,114.391,0.0
N,3117,39.38,115.101,0.0
N,3118,40.611,117.233,0.0
N,3119,39.38,116.522,0.0
N,3120,40.611,118.654,0.0
N,3121,39.38,119.364,0.0
N,3122,40.611,121.496,0.0
N,3123,39.38,120.785,0.0
N,3124,40.611,122.917,0.0
N,3125,39.38,123.627,0.0
N,3126,40.611,125.759,0.0
N,3127,39.38,125.048,0.0
N,3128,40.611,127.18,0.0
N,3130,40.611,130.022,0.0
N,3131,39.38,129.311,0.0
N,3132,40.611,131.443,0.0
N,3133,39.38,132.153,0.0
N,3134,40.611,134.285,0.0
N,3135,39.38,133.574,0.0
N,3136,40.611,135.706,0.0
N,3137,39.38,136.416,0.0
N,3138,40.611,138.548,0.0
N,3139,39.38,137.837,0.0
N,3140,40.611,139.969,0.0
N,3141,39.38,140.679,0.0
N,3142,40.611,142.811,0.0
N,3143,39.38,142.1,0.0
N,3144,40.611,144.232,0.0
N,3145,39.38,144.942,0.0
N,3146,40.611,147.074,0.0
N,3147,39.38,146.363,0.0
N,3148,40.611,148.495,0.0
N,3149,39.38,149.205,0.0
N,3150,40.611,151.337,0.0
N,3151,39.38,150.626,0.0
N,3152,40.611,152.758,0.0
N,3153,39.38,153.468,0.0
N,3154,40.611,155.6,0.0
N,3155,39.38,154.889,0.0
N,3156,40.611,157.021,0.0
N,3157,39.38,157.731,0.0
N,3158,40.611,159.863,0.0
N,3159,39.38,159.152,0.0
N,3160,40.611,161.284,0.0
N,3161,39.38,161.994,0.0
N,3162,40.611,164.126,0.0
N,3163,39.38,163.415,0.0
N,3164,40.611,165.547,0.0
N,3165,39.38,166.257,0.0
N,3166,40.611,168.389,0.0
N,3167,39.38,167.678,0.0
N,3168,40.611,169.81,0.0
N,3169,39.38,170.52,0.0
N,3170,40.611,172.652,0.0
N,3171,39.38,171.941,0.0
N,3172,40.611,174.073,0.0
N,3173,39.38,174.783,0.0
N,3174,40.611,176.915,0.0
N,3175,39.38,176.204,0.0
N,3176,40.611,178.336,0.0
N,3177,39.38,179.046,0.0
N,3178,40.611,181.178,0.0
N,3179,39.38,180.467,0.0
N,3180,40.611,182.599,0.0
N,3182,40.611,185.441,0.0
N,3184,40.611,186.862,0.0
N,3185,39.38,187.572,0.0
N,3186,40.611,189.704,0.0
N,3187,39.38,188.993,0.0
N,3188,40.611,191.125,0.0
N,3189,39.38,191.835,0.0
N,3190,40.611,193.967,0.0
N,3191,39.38,193.256,0.0
N,3192,40.611,195.388,0.0
N,3193,39.38,196.098,0.0
N,3194,40.611,198.23,0.0
N,3195,39.38,197.519,0.0
N,3196,40.611,199.651,0.0
N,3197,41.841,0.0,0.0
N,3198,43.072,2.132,0.0
N,3199,41.841,1.421,0.0
N,3200,43.072,3.553,0.0
N,3201,41.841,4.263,0.0
N,3202,43.072,6.395,0.0
N,3203,41.841,5.684,0.0
N,3204,43.072,7.816,0.0
N,3205,41.841,8.526,0.0
N,3206,43.072,10.658,0.0
N,3207,41.841,9.947,0.0
N,3208,43.072,12.079,0.0
N,3209,41.841,12.789,0.0
N,3210,43.072,14.921,0.0
N,3211,41.841,14.21,0.0
N,3212,43.072,16.342,0.0
N,3213,41.841,17.052,0.0
N,3214,43.072,19.184,0.0
N,3215,41.841,18.473,0.0
N,3216,43.072,20.605,0.0
N,3217,41.841,21.315,0.0
N,3219,41.841,22.736,0.0
N,3220,43.072,24.868,0.0
N,3221,41.841,25.578,0.0
N,3222,43.072,27.71,0.0
N,3223,41.841,26.999,0.0
N,3224,43.072,29.131,0.0
N,3225,41.841,29.841,0.0
N,3226,43.072,31.973,0.0
N,3227,41.841,31.262,0.0
N,3228,43.072,33.394,0.0
N,3229,41.841,34.104,0.0
N,3230,43.072,36.236,0.0
N,3231,41.841,35.525,0.0
N,3232,43.072,37.657,0.0
N,3233,41.841,38.367,0.0
N,3234,43.072,40.499,0.0
N,3235,41.841,39.788,0.0
N,3236,43.072,41.92,0.0
N,3237,41.841,42.63,0.0
N,3238,43.072,44.762,0.0
N,3239,41.841,44.051,0.0
N,3240,43.072,46.183,0.0
N,3241,41.841,46.893,0.0
N,3242,43.072,49.025,0.0
N,3243,41.841,48.314,0.0
N,3244,43.072,50.446,0.0
N,3245,41.841,51.156,0.0
N,3246,43.072,53.288,0.0
N,3247,41.841,52.577,0.0
N,3248,43.072,54.709,0.0
N,3250,43.072,57.551,0.0
N,3251,41.841,56.84,0.0
N,3252,43.072,58.972,0.0
N,3253,41.841,59.682,0.0
N,3254,43.072,61.814,0.0
N,3255,41.841,61.103,0.0
N,3256,43.072,63.235,0.0
N,3258,43.072,66.077,0.0
N,3259,41.841,65.366,0.0
N,3260,43.072,67.498,0.0
N,3261,41.841,68.208,0.0
N,3262,43.072,70.34,0.0
N,3263,41.841,69.629,0.0
N,3264,43.072,71.761,0.0
N,3265,41.841,72.471,0.0
N,3266,43.072,74.603,0.0
N,3267,41.841,73.892,0.0
N,3268,43.072,76.024,0.0
N,3269,41.841,76.734,0.0
N,3270,43.072,78.866,0.0
N,3271,41.841,78.155,0.0
N,3272,43.072,80.287,0.0
N,3273,41.841,80.997,0.0
N,3274,43.072,83.129,0.0
N,3275,41.841,82.418,0.0
N,3276,43.072,84.55,0.0
N,3277,41.841,85.26,0.0
N,3278,43.072,87.392,0.0
N,3279,41.841,86.681,0.0
N,3280,43.072,88.813,0.0
N,3281,41.841,89.523,0.0
N,3282,43.072,91.655,0.0
N,3283,41.841,90.944,0.0
N,3284,43.072,93.076,0.0
N,3285,41.841,93.786,0.0
N,3286,43.072,95.918,0.0
N,3287,41.841,95.207,0.0
N,3288,43.072,97.339,0.0
N,3291,41.841,99.47,0.0
N,3292,43.072,101.602,0.0
N,3293,41.841,102.312,0.0
N,3294,43.072,104.444,0.0
N,3295,41.841,103.733,0.0
N,3296,43.072,105.865,0.0
N,3297,41.841,106.575,0.0
N,3298,43.072,108.707,0.0
N,3300,43.072,110.128,0.0
N,3301,41.841,110.838,0.0
N,3302,43.072,112.97,0.0
N,3303,41.841,112.259,0.0
N,3304,43.072,114.391,0.0
N,3305,41.841,115.101,0.0
N,3306,43.072,117.233,0.0
N,3307,41.841,116.522,0.0
N,3308,43.072,118.654,0.0
N,3309,41.841,119.364,0.0
N,3310,43.072,121.496,0.0
N,3311,41.841,120.785,0.0
N,3312,43.072,122.917,0.0
N,3313,41.841,123.627,0.0
N,3314,43.072,125.759,0.0
N,3315,41.841,125.048,0.0
N,3316,43.072,127.18,0.0
N,3317,41.841,127.89,0.0
N,3318,43.072,130.022,0.0
N,3319,41.841,129.311,0.0
N,3320,43.072,131.443,0.0
N,3321,41.841,132.153,0.0
N,3322,43.072,134.285,0.0
N,3323,41.841,133.574,0.0
N,3324,43.072,135.706,0.0
N,3325,41.841,136.416,0.0
N,3326,43.072,138.548,0.0
N,3327,41.841,137.837,0.0
N,3328,43.072,139.969,0.0
N,3329,41.841,140.679,0.0
N,3330,43.072,142.811,0.0
N,3331,41.841,142.1,0.0
N,3333,41.841,144.942,0.0
N,3334,43.072,147.074,0.0
N,3335,41.841,146.363,0.0
N,3336,43.072,148.495,0.0
N,3337,41.841,149.205,0.0
N,3338,43.072,151.337,0.0
N,3339,41.841,150.626,0.0
N,3340,43.072,152.758,0.0
N,3341,41.841,153.468,0.0
N,3342,43.072,155.6,0.0
N,3343,41.841,154.889,0.0
N,3344,43.072,157.021,0.0
N,3345,41.841,157.731,0.0
N,3346,43.072,159.863,0.0
N,3347,41.841,159.152,0.0
N,3348,43.072,161.284,0.0
N,3349,41.841,161.994,0.0
N,3350,43.072,164.126,0.0
N,3351,41.841,163.415,0.0
N,3352,43.072,165.547,0.0
N,3353,41.841,166.257,0.0
N,3354,43.072,168.389,0.0
N,3355,41.841,167.678,0.0
N,3356,43.072,169.81,0.0
N,3357,41.841,170.52,0.0
N,3358,43.072,172.652,0.0
N,3359,41.841,171.941,0.0
N,3360,43.072,174.073,0.0
N,3361,41.841,174.783,0.0
N,3362,43.072,176.915,0.0
N,3363,41.841,176.204,0.0
N,3364,43.072,178.336,0.0
N,3365,41.841,179.046,0.0
N,3366,43.072,181.178,0.0
N,3367,41.841,180.467,0.0
N,3368,43.072,182.599,0.0
N,3369,41.841,183.309,0.0
N,3370,43.072,185.441,0.0
N,3371,41.841,184.73,0.0
N,3372,43.072,186.862,0.0
N,3373,41.841,187.572,0.0
N,3374,43.072,189.704,0.0
N,3375,41.841,188.993,0.0
N,3376,43.072,191.125,0.0
N,3377,41.841,191.835,0.0
N,3378,43.072,193.967,0.0
N,3379,41.841,193.256,0.0
N,3380,43.072,195.388,0.0
N,3381,41.841,196.098,0.0
N,3382,43.072,198.23,0.0
N,3383,41.841,197.519,0.0
N,3384,43.072,199.651,0.0
N,3385,44.302,0.0,0.0
N,3386,45.533,2.132,0.0
N,3387,44.302,1.421,0.0
N,3388,45.533,3.553,0.0
N,3389,44.302,4.263,0.0
N,3390,45.533,6.395,0.0
N,3391,44.302,5.684,0.0
N,3393,44.302,8.526,0.0
N,3394,45.533,10.658,0.0
N,3395,44.302,9.947,0.0
N,3396,45.533,12.079,0.0
N,3397,44.302,12.789,0.0
N,3398,45.533,14.921,0.0
N,3399,44.302,14.21,0.0
N,3400,45.533,16.342,0.0
N,3401,44.302,17.052,0.0
N,3402,45.533,19.184,0.0
N,3403,44.302,18.473,0.0
N,3404,45.533,20.605,0.0
N,3405,44.302,21.315,0.0
N,3406,45.533,23.447,0.0
N,3407,44.302,22.736,0.0
N,3408,45.533,24.868,0.0
N,3409,44.302,25.578,0.0
N,3410,45.533,27.71,0.0
N,3411,44.302,26.999,0.0
N,3412,45.533,29.131,0.0
N,3413,44.302,29.841,0.0
N,3414,45.533,31.973,0.0
N,3415,44.302,31.262,0.0
N,3416,45.533,33.394,0.0
N,3417,44.302,34.104,0.0
N,3418,45.533,36.236,0.0
N,3419,44.302,35.525,0.0
N,3420,45.533,37.657,0.0
N,3421,44.302,38.367,0.0
N,3422,45.533,40.499,0.0
N,3423,44.302,39.788,0.0
N,3424,45.533,41.92,0.0
N,3425,44.302,42.63,0.0
N,3426,45.533,44.762,0.0
N,3427,44.302,44.051,0.0
N,3428,45.533,46.183,0.0
N,3429,44.302,46.893,0.0
N,3430,45.533,49.025,0.0
N,3431,44.302,48.314,0.0
N,3432,45.533,50.446,0.0
N,3433,44.302,51.156,0.0
N,3434,45.533,53.288,0.0
N,3435,44.302,52.577,0.0
N,3436,45.533,54.709,0.0
N,3437,44.302,55.419,0.0
N,3438,45.533,57.551,0.0
N,3439,44.302,56.84,0.0
N,3440,45.533,58.972,0.0
N,3441,44.302,59.682,0.0
N,3442,45.533,61.814,0.0
N,3443,44.302,61.103,0.0
N,3444,45.533,63.235,0.0
N,3445,44.302,63.945,0.0
N,3446,45.533,66.077,0.0
N,3447,44.302,65.366,0.0
N,3448,45.533,67.498,0.0
N,3449,44.302,68.208,0.0
N,3450,45.533,70.34,0.0
N,3451,44.302,69.629,0.0
N,3452,45.533,71.761,0.0
N,3453,44.302,72.471,0.0
N,3454,45.533,74.603,0.0
N,3455,44.302,73.892,0.0
N,3456,45.533,76.024,0.0
N,3457,44.302,76.734,0.0
N,3458,45.533,78.866,0.0
N,3459,44.302,78.155,0.0
N,3460,45.533,80.287,0.0
N,3461,44.302,80.997,0.0
N,3462,45.533,83.129,0.0
N,3463,44.302,82.418,0.0
N,3464,45.533,84.55,0.0
N,3465,44.302,85.26,0.0
N,3466,45.533,87.392,0.0
N,3467,44.302,86.681,0.0
N,3468,45.533,88.813,0.0
N,3469,44.302,89.523,0.0
N,3470,45.533,91.655,0.0
N,3471,44.302,90.944,0.0
N,3472,45.533,93.076,0.0
N,3473,44.302,93.786,0.0
N,3474,45.533,95.918,0.0
N,3475,44.302,95.207,0.0
N,3476,45.533,97.339,0.0
N,3477,44.302,98.049,0.0
N,3478,45.533,100.181,0.0
N,3479,44.302,99.47,0.0
N,3480,45.533,101.602,0.0
N,3481,44.302,102.312,0.0
N,3482,45.533,104.444,0.0
N,3483,44.302,103.733,0.0
N,3484,45.533,105.865,0.0
N,3485,44.302,106.575,0.0
N,3486,45.533,108.707,0.0
N,3487,44.302,107.996,0.0
N,3488,45.533,110.128,0.0
N,3489,44.302,110.838,0.0
N,3490,45.533,112.97,0.0
N,3491,44.302,112.259,0.0
N,3492,45.533,114.391,0.0
N,3493,44.302,115.101,0.0
N,3494,45.533,117.233,0.0
N,3495,44.302,116.522,0.0
N,3496,45.533,118.654,0.0
N,3497,44.302,119.364,0.0
N,3498,45.533,121.496,0.0
N,3499,44.302,120.785,0.0
N,3500,45.533,122.917,0.0
N,3501,44.302,123.627,0.0
N,3502,45.533,125.759,0.0
N,3503,44.302,125.048,0.0
N,3504,45.533,127.18,0.0
N,3505,44.302,127.89,0.0
N,3506,45.533,130.022,0.0
N,3507,44.302,129.311,0.0
N,3508,45.533,131.443,0.0
N,3509,44.302,132.153,0.0
N,3510,45.533,134.285,0.0
N,3511,44.302,133.574,0.0
N,3512,45.533,135.706,0.0
N,3513,44.302,136.416,0.0
N,3514,45.533,138.548,0.0
N,3515,44.302,137.837,0.0
N,3516,45.533,139.969,0.0
N,3517,44.302,140.679,0.0
N,3518,45.533,142.811,0.0
N,3519,44.302,142.1,0.0
N,3520,45.533,144.232,0.0
N,3521,44.302,144.942,0.0
N,3522,45.533,147.074,0.0
N,3523,44.302,146.363,0.0
N,3524,45.533,148.495,0.0
N,3525,44.302,149.205,0.0
N,3526,45.533,151.337,0.0
N,3527,44.302,150.626,0.0
N,3528,45.533,152.758,0.0
N,3529,44.302,153.468,0.0
N,3530,45.533,155.6,0.0
N,3531,44.302,154.889,0.0
N,3532,45.533,157.021,0.0
N,3533,44.302,157.731,0.0
N,3534,45.533,159.863,0.0
N,3535,44.302,159.152,0.0
N,3536,45.533,161.284,0.0
N,3537,44.302,161.994,0.0
N,3538,45.533,164.126,0.0
N,3539,44.302,163.415,0.0
N,3540,45.533,165.547,0.0
N,3541,44.302,166.257,0.0
N,3542,45.533,168.389,0.0
N,3543,44.302,167.678,0.0
N,3544,45.533,169.81,0.0
N,3545,44.302,170.52,0.0
N,3546,45.533,172.652,0.0
N,3547,44.302,171.941,0.0
N,3548,45.533,174.073,0.0
N,3549,44.302,174.783,0.0
N,3550,45.533,176.915,0.0
N,3551,44.302,176.204,0.0
N,3552,45.533,178.336,0.0
N,3553,44.302,179.046,0.0
N,3554,45.533,181.178,0.0
N,3555,44.302,180.467,0.0
N,3556,45.533,182.599,0.0
N,3557,44.302,183.309,0.0
N,3558,45.533,185.441,0.0
N,3559,44.302,184.73,0.0
N,3560,45.533,186.862,0.0
N,3561,44.302,187.572,0.0
N,3562,45.533,189.704,0.0
N,3563,44.302,188.993,0.0
N,3564,45.533,191.125,0.0
N,3566,45.533,193.967,0.0
N,3567,44.302,193.256,0.0
N,3568,45.533,195.388,0.0
N,3569,44.302,196.098,0.0
N,3570,45.533,198.23,0.0
N,3571,44.302,197.519,0.0
N,3572,45.533,199.651,0.0
N,3573,46.764,0.0,0.0
N,3574,47.994,2.132,0.0
N,3575,46.764,1.421,0.0
N,3576,47.994,3.553,0.0
N,3577,46.764,4.263,0.0
N,3578,47.994,6.395,0.0
N,3579,46.764,5.684,0.0
N,3580,47.994,7.816,0.0
N,3581,46.764,8.526,0.0
N,3583,46.764,9.947,0.0
N,3584,47.994,12.079,0.0
N,3585,46.764,12.789,0.0
N,3586,47.994,14.921,0.0
N,3587,46.764,14.21,0.0
N,3588,47.994,16.342,0.0
N,3589,46.764,17.052,0.0
N,3590,47.994,19.184,0.0
N,3591,46.764,18.473,0.0
N,3592,47.994,20.605,0.0
N,3593,46.764,21.315,0.0
N,3594,47.994,23.447,0.0
N,3595,46.764,22.736,0.0
N,3596,47.994,24.868,0.0
N,3597,46.764,25.578,0.0
N,3598,47.994,27.71,0.0
N,3599,46.764,26.999,0.0
N,3600,47.994,29.131,0.0
N,3601,46.764,29.841,0.0
N,3602,47.994,31.973,0.0
N,3603,46.764,31.262,0.0
N,3604,47.994,33.394,0.0
N,3605,46.764,34.104,0.0
N,3606,47.994,36.236,0.0
N,3607,46.764,35.525,0.0
N,3608,47.994,37.657,0.0
N,3609,46.764,38.367,0.0
N,3610,47.994,40.499,0.0
N,3611,46.764,39.788,0.0
N,3612,47.994,41.92,0.0
N,3613,46.764,42.63,0.0
N,3614,47.994,44.762,0.0
N,3615,46.764,44.051,0.0
N,3616,47.994,46.183,0.0
N,3617,46.764,46.893,0.0
N,3618,47.994,49.025,0.0
N,3619,46.764,48.314,0.0
N,3620,47.994,50.446,0.0
N,3621,46.764,51.156,0.0
N,3622,47.994,53.288,0.0
N,3623,46.764,52.577,0.0
N,3624,47.994,54.709,0.0
N,3625,46.764,55.419,0.0
N,3626,47.994,57.551,0.0
N,3627,46.764,56.84,0.0
N,3628,47.994,58.972,0.0
N,3629,46.764,59.682,0.0
N,3630,47.994,61.814,0.0
N,3631,46.764,61.103,0.0
N,3632,47.994,63.235,0.0
N,3633,46.764,63.945,0.0
N,3634,47.994,66.077,0.0
N,3636,47.994,67.498,0.0
N,3637,46.764,68.208,0.0
N,3638,47.994,70.34,0.0
N,3640,47.994,71.761,0.0
N,3642,47.994,74.603,0.0
N,3643,46.764,73.892,0.0
N,3644,47.994,76.024,0.0
N,3645,46.764,76.734,0.0
N,3646,47.994,78.866,0.0
N,3647,46.764,78.155,0.0
N,3648,47.994,80.287,0.0
N,3649,46.764,80.997,0.0
N,3650,47.994,83.129,0.0
N,3651,46.764,82.418,0.0
N,3652,47.994,84.55,0.0
N,3653,46.764,85.26,0.0
N,3654,47.994,87.392,0.0
N,3655,46.764,86.681,0.0
N,3656,47.994,88.813,0.0
N,3657,46.764,89.523,0.0
N,3658,47.994,91.655,0.0
N,3659,46.764,90.944,0.0
N,3660,47.994,93.076,0.0
N,3661,46.764,93.786,0.0
N,3662,47.994,95.918,0.0
N,3663,46.764,95.207,0.0
N,3665,46.764,98.049,0.0
N,3666,47.994,100.181,0.0
N,3667,46.764,99.47,0.0
N,3668,47.994,101.602,0.0
N,3669,46.764,102.312,0.0
N,3670,47.994,104.444,0.0
N,3671,46.764,103.733,0.0
N,3672,47.994,105.865,0.0
N,3673,46.764,106.575,0.0
N,3674,47.994,108.707,0.0
N,3675,46.764,107.996,0.0
N,3676,47.994,110.128,0.0
N,3677,46.764,110.838,0.0
N,3678,47.994,112.97,0.0
N,3679,46.764,112.259,0.0
N,3680,47.994,114.391,0.0
N,3681,46.764,115.101,0.0
N,3682,47.994,117.233,0.0
N,3683,46.764,116.522,0.0
N,3684,47.994,118.654,0.0
N,3685,46.764,119.364,0.0
N,3686,47.994,121.496,0.0
N,3687,46.764,120.785,0.0
N,3688,47.994,122.917,0.0
N,3689,46.764,123.627,0.0
N,3691,46.764,125.048,0.0
N,3692,47.994,127.18,0.0
N,3693,46.764,127.89,0.0
N,3694,47.994,130.022,0.0
N,3695,46.764,129.311,0.0
N,3696,47.994,131.443,0.0
N,3697,46.764,132.153,0.0
N,3698,47.994,134.285,0.0
N,3699,46.764,133.574,0.0
N,3700,47.994,135.706,0.0
N,3701,46.764,136.416,0.0
N,3702,47.994,138.548,0.0
N,3703,46.764,137.837,0.0
N,3704,47.994,139.969,0.0
N,3705,46.764,140.679,0.0
N,3706,47.994,142.811,0.0
N,3707,46.764,142.1,0.0
N,3708,47.994,144.232,0.0
N,3709,46.764,144.942,0.0
N,3710,47.994,147.074,0.0
N,3711,46.764,146.363,0.0
N,3712,47.994,148.495,0.0
N,3713,46.764,149.205,0.0
N,3714,47.994,151.337,0.0
N,3715,46.764,150.626,0.0
N,3716,47.994,152.758,0.0
N,3717,46.764,153.468,0.0
N,3718,47.994,155.6,0.0
N,3719,46.764,154.889,0.0
N,3720,47.994,157.021,0.0
N,3721,46.764,157.731,0.0
N,3722,47.994,159.863,0.0
N,3723,46.764,159.152,0.0
N,3724,47.994,161.284,0.0
N,3725,46.764,161.994,0.0
N,3726,47.994,164.126,0.0
N,3727,46.764,163.415,0.0
N,3728,47.994,165.547,0.0
N,3729,46.764,166.257,0.0
N,3730,47.994,168.389,0.0
N,3731,46.764,167.678,0.0
N,3732,47.994,169.81,0.0
N,3733,46.764,170.52,0.0
N,3734,47.994,172.652,0.0
N,3735,46.764,171.941,0.0
N,3736,47.994,174.073,0.0
N,3737,46.764,174.783,0.0
N,3738,47.994,176.915,0.0
N,3739,46.764,176.204,0.0
N,3740,47.994,178.336,0.0
N,3741,46.764,179.046,0.0
N,3742,47.994,181.178,0.0
N,3743,46.764,180.467,0.0
N,3745,46.764,183.309,0.0
N,3746,47.994,185.441,0.0
N,3747,46.764,184.73,0.0
N,3748,47.994,186.862,0.0
N,3749,46.764,187.572,0.0
N,3750,47.994,189.704,0.0
N,3751,46.764,188.993,0.0
N,3752,47.994,191.125,0.0
N,3753,46.764,191.835,0.0
N,3754,47.994,193.967,0.0
N,3755,46.764,193.256,0.0
N,3756,47.994,195.388,0.0
N,3757,46.764,196.098,0.0
N,3758,47.994,198.23,0.0
N,3759,46.764,197.519,0.0
N,3760,47.994,199.651,0.0
N,3761,49.225,0.0,0.0
N,3762,50.456,2.132,0.0
N,3764,50.456,3.553,0.0
N,3765,49.225,4.263,0.0
N,3766,50.456,6.395,0.0
N,3767,49.225,5.684,0.0
N,3768,50.456,7.816,0.0
N,3769,49.225,8.526,0.0
N,3770,50.456,10.658,0.0
N,3772,50.456,12.079,0.0
N,3773,49.225,12.789,0.0
N,3774,50.456,14.921,0.0
N,3775,49.225,14.21,0.0
N,3776,50.456,16.342,0.0
N,3777,49.225,17.052,0.0
N,3778,50.456,19.184,0.0
N,3779,49.225,18.473,0.0
N,3780,50.456,20.605,0.0
N,3781,49.225,21.315,0.0
N,3782,50.456,23.447,0.0
N,3783,49.225,22.736,0.0
N,3784,50.456,24.868,0.0
N,3786,50.456,27.71,0.0
N,3787,49.225,26.999,0.0
N,3788,50.456,29.131,0.0
N,3789,49.225,29.841,0.0
N,3790,50.456,31.973,0.0
N,3791,49.225,31.262,0.0
N,3792,50.456,33.394,0.0
N,3793,49.225,34.104,0.0
N,3794,50.456,36.236,0.0
N,3795,49.225,35.525,0.0
N,3796,50.456,37.657,0.0
N,3797,49.225,38.367,0.0
N,3798,50.456,40.499,0.0
N,3799,49.225,39.788,0.0
N,3800,50.456,41.92,0.0
N,3801,49.225,42.63,0.0
N,3802,50.456,44.762,0.0
N,3803,49.225,44.051,0.0
N,3804,50.456,46.183,0.0
N,3805,49.225,46.893,0.0
N,3806,50.456,49.025,0.0
N,3807,49.225,48.314,0.0
N,3808,50.456,50.446,0.0
N,3809,49.225,51.156,0.0
N,3810,50.456,53.288,0.0
N,3811,49.225,52.577,0.0
N,3812,50.456,54.709,0.0
N,3813,49.225,55.419,0.0
N,3814,50.456,57.551,0.0
N,3815,49.225,56.84,0.0
N,3816,50.456,58.972,0.0
N,3817,49.225,59.682,0.0
N,3818,50.456,61.814,0.0
N,3819,49.225,61.103,0.0
N,3820,50.456,63.235,0.0
N,3821,49.225,63.945,0.0
N,3822,50.456,66.077,0.0
N,3823,49.225,65.366,0.0
N,3824,50.456,67.498,0.0
N,3825,49.225,68.208,0.0
N,3826,50.456,70.34,0.0
N,3827,49.225,69.629,0.0
N,3828,50.456,71.761,0.0
N,3829,49.225,72.471,0.0
N,3830,50.456,74.603,0.0
N,3831,49.225,73.892,0.0
N,3832,50.456,76.024,0.0
N,3833,49.225,76.734,0.0
N,3834,50.456,78.866,0.0
N,3835,49.225,78.155,0.0
N,3836,50.456,80.287,0.0
N,3837,49.225,80.997,0.0
N,3838,50.456,83.129,0.0
N,3839,49.225,82.418,0.0
N,3840,50.456,84.55,0.0
N,3841,49.225,85.26,0.0
N,3842,50.456,87.392,0.0
N,3843,49.225,86.681,0.0
N,3844,50.456,88.813,0.0
N,3845,49.225,89.523,0.0
N,3846,50.456,91.655,0.0
N,3847,49.225,90.944,0.0
N,3848,50.456,93.076,0.0
N,3849,49.225,93.786,0.0
N,3850,50.456,95.918,0.0
N,3851,49.225,95.207,0.0
N,3852,50.456,97.339,0.0
N,3853,49.225,98.049,0.0
N,3854,50.456,100.181,0.0
N,3855,49.225,99.47,0.0
N,3856,50.456,101.602,0.0
N,3857,49.225,102.312,0.0
N,3858,50.456,104.444,0.0
N,3859,49.225,103.733,0.0
N,3860,50.456,105.865,0.0
N,3861,49.225,106.575,0.0
N,3862,50.456,108.707,0.0
N,3863,49.225,107.996,0.0
N,3865,49.225,110.838,0.0
N,3866,50.456,112.97,0.0
N,3867,49.225,112.259,0.0
N,3868,50.456,114.391,0.0
N,3869,49.225,115.101,0.0
N,3870,50.456,117.233,0.0
N,3871,49.225,116.522,0.0
N,3872,50.456,118.654,0.0
N,3873,49.225,119.364,0.0
N,3874,50.456,121.496,0.0
N,3875,49.225,120.785,0.0
N,3876,50.456,122.917,0.0
N,3877,49.225,123.627,0.0
N,3878,50.456,125.759,0.0
N,3879,49.225,125.048,0.0
N,3880,50.456,127.18,0.0
N,3881,49.225,127.89,0.0
N,3882,50.456,130.022,0.0
N,3883,49.225,129.311,0.0
N,3884,50.456,131.443,0.0
N,3885,49.225,132.153,0.0
N,3886,50.456,134.285,0.0
N,3887,49.225,133.574,0.0
N,3888,50.456,135.706,0.0
N,3889,49.225,136.416,0.0
N,3890,50.456,138.548,0.0
N,3891,49.225,137.837,0.0
N,3892,50.456,139.969,0.0
N,3893,49.225,140.679,0.0
N,3894,50.456,142.811,0.0
N,3895,49.225,142.1,0.0
N,3896,50.456,144.232,0.0
N,3897,49.225,144.942,0.0
N,3898,50.456,147.074,0.0
N,3899,49.225,146.363,0.0
N,3900,50.456,148.495,0.0
N,3901,49.225,149.205,0.0
N,3902,50.456,151.337,0.0
N,3903,49.225,150.626,0.0
N,3904,50.456,152.758,0.0
N,3905,49.225,153.468,0.0
N,3906,50.456,155.6,0.0
N,3907,49.225,154.889,0.0
N,3908,50.456,157.021,0.0
N,3909,49.225,157.731,0.0
N,3910,50.456,159.863,0.0
N,3911,49.225,159.152,0.0
N,3912,50.456,161.284,0.0
N,3913,49.225,161.994,0.0
N,3914,50.456,164.126,0.0
N,3915,49.225,163.415,0.0
N,3916,50.456,165.547,0.0
N,3917,49.225,166.257,0.0
N,3918,50.456,168.389,0.0
N,3919,49.225,167.678,0.0
N,3920,50.456,169.81,0.0
N,3921,49.225,170.52,0.0
N,3922,50.456,172.652,0.0
N,3923,49.225,171.941,0.0
N,3924,50.456,174.073,0.0
N,3925,49.225,174.783,0.0
N,3926,50.456,176.915,0.0
N,3927,49.225,176.204,0.0
N,3929,49.225,179.046,0.0
N,3930,50.456,181.178,0.0
N,3932,50.456,182.599,0.0
N,3933,49.225,183.309,0.0
N,3934,50.456,185.441,0.0
N,3935,49.225,184.73,0.0
N,3936,50.456,186.862,0.0
N,3937,49.225,187.572,0.0
N,3938,50.456,189.704,0.0
N,3939,49.225,188.993,0.0
N,3940,50.456,191.125,0.0
N,3941,49.225,191.835,0.0
N,3942,50.456,193.967,0.0
N,3943,49.225,193.256,0.0
N,3944,50.456,195.388,0.0
N,3946,50.456,198.23,0.0
N,3947,49.225,197.519,0.0
N,3948,50.456,199.651,0.0
