/PREP7
K,1,0.0,0.0,0.0
K,2,1.231,2.132,0.0
K,3,0.0,1.421,0.0
K,4,1.231,3.553,0.0
K,6,1.231,6.395,0.0
K,7,0.0,5.684,0.0
K,8,1.231,7.816,0.0
K,9,0.0,8.526,0.0
K,10,1.231,10.658,0.0
K,11,0.0,9.947,0.0
K,12,1.231,12.079,0.0
K,13,0.0,12.789,0.0
K,14,1.231,14.921,0.0
K,15,0.0,14.21,0.0
K,16,1.231,16.342,0.0
K,17,0.0,17.052,0.0
K,18,1.231,19.184,0.0
K,19,0.0,18.473,0.0
K,20,1.231,20.605,0.0
K,22,1.231,23.447,0.0
K,23,0.0,22.736,0.0
K,24,1.231,24.868,0.0
K,25,0.0,25.578,0.0
K,26,1.231,27.71,0.0
K,27,0.0,26.999,0.0
K,28,1.231,29.131,0.0
K,29,0.0,29.841,0.0
K,30,1.231,31.973,0.0
K,31,0.0,31.262,0.0
K,32,1.231,33.394,0.0
K,33,0.0,34.104,0.0
K,34,1.231,36.236,0.0
K,35,0.0,35.525,0.0
K,36,1.231,37.657,0.0
K,37,0.0,38.367,0.0
K,38,1.231,40.499,0.0
K,39,0.0,39.788,0.0
K,40,1.231,41.92,0.0
K,41,0.0,42.63,0.0
K,42,1.231,44.762,0.0
K,43,0.0,44.051,0.0
K,44,1.231,46.183,0.0
K,45,0.0,46.893,0.0
K,46,1.231,49.025,0.0
K,47,0.0,48.314,0.0
K,48,1.231,50.446,0.0
K,49,0.0,51.156,0.0
K,50,1.231,53.288,0.0
K,51,0.0,52.577,0.0
K,52,1.231,54.709,0.0
K,53,0.0,55.419,0.0
K,54,1.231,57.551,0.0
K,55,0.0,56.84,0.0
K,56,1.231,58.972,0.0
K,57,0.0,59.682,0.0
K,58,1.231,61.814,0.0
K,59,0.0,61.103,0.0
K,60,1.231,63.235,0.0
K,61,0.0,63.945,0.0
K,63,0.0,65.366,0.0
K,64,1.231,67.498,0.0
K,65,0.0,68.208,0.0
K,66,1.231,70.34,0.0
K,67,0.0,69.629,0.0
K,68,1.231,71.761,0.0
K,69,0.0,72.471,0.0
K,70,1.231,74.603,0.0
K,71,0.0,73.892,0.0
K,72,1.231,76.024,0.0
K,73,0.0,76.734,0.0
K,74,1.231,78.866,0.0
K,75,0.0,78.155,0.0
K,76,1.231,80.287,0.0
K,77,0.0,80.997,0.0
K,78,1.231,83.129,0.0
K,79,0.0,82.418,0.0
K,80,1.231,84.55,0.0
K,81,0.0,85.26,0.0
K,82,1.231,87.392,0.0
K,83,0.0,86.681,0.0
K,84,1.231,88.813,0.0
K,85,0.0,89.523,0.0
K,86,1.231,91.655,0.0
K,87,0.0,90.944,0.0
K,88,1.231,93.076,0.0
K,89,0.0,93.786,0.0
K,90,1.231,95.918,0.0
K,91,0.0,95.207,0.0
K,92,1.231,97.339,0.0
K,93,0.0,98.049,0.0
K,94,1.231,100.181,0.0
K,95,0.0,99.47,0.0
K,96,1.231,101.602,0.0
K,97,0.0,102.312,0.0
K,98,1.231,104.444,0.0
K,99,0.0,103.733,0.0
K,100,1.231,105.865,0.0
K,101,0.0,106.575,0.0
K,102,1.231,108.707,0.0
K,103,0.0,107.996,0.0
K,104,1.231,110.128,0.0
K,105,0.0,110.838,0.0
K,106,1.231,112.97,0.0
K,107,0.0,112.259,0.0
K,108,1.231,114.391,0.0
K,109,0.0,115.101,0.0
K,110,1.231,117.233,0.0
K,111,0.0,116.522,0.0
K,113,0.0,119.364,0.0
K,114,1.231,121.496,0.0
K,115,0.0,120.785,0.0
K,116,1.231,122.917,0.0
K,117,0.0,123.627,0.0
K,118,1.231,125.759,0.0
K,119,0.0,125.048,0.0
K,120,1.231,127.18,0.0
K,121,0.0,127.89,0.0
K,122,1.231,130.022,0.0
K,123,0.0,129.311,0.0
K,124,1.231,131.443,0.0
K,125,0.0,132.153,0.0
K,126,1.231,134.285,0.0
K,127,0.0,133.574,0.0
K,128,1.231,135.706,0.0
K,129,0.0,136.416,0.0
K,130,1.231,138.548,0.0
K,131,0.0,137.837,0.0
K,132,1.231,139.969,0.0
K,133,0.0,140.679,0.0
K,134,1.231,142.811,0.0
K,135,0.0,142.1,0.0
K,136,1.231,144.232,0.0
K,137,0.0,144.942,0.0
K,138,1.231,147.074,0.0
K,139,0.0,146.363,0.0
K,140,1.231,148.495,0.0
K,141,0.0,149.205,0.0
K,142,1.231,151.337,0.0
K,143,0.0,150.626,0.0
K,144,1.231,152.758,0.0
K,145,0.0,153.468,0.0
K,146,1.231,155.6,0.0
K,147,0.0,154.889,0.0
K,148,1.231,157.021,0.0
K,149,0.0,157.731,0.0
K,150,1.231,159.863,0.0
K,151,0.0,159.152,0.0
K,152,1.231,161.284,0.0
K,153,0.0,161.994,0.0
K,154,1.231,164.126,0.0
K,155,0.0,163.415,0.0
K,156,1.231,165.547,0.0
K,157,0.0,166.257,0.0
K,158,1.231,168.389,0.0
K,159,0.0,167.678,0.0
K,160,1.231,169.81,0.0
K,161,0.0,170.52,0.0
K,162,1.231,172.652,0.0
K,163,0.0,171.941,0.0
K,165,0.0,174.783,0.0
K,166,1.231,176.915,0.0
K,167,0.0,176.204,0.0
K,169,0.0,179.046,0.0
K,170,1.231,181.178,0.0
K,171,0.0,180.467,0.0
K,172,1.231,182.599,0.0
K,173,0.0,183.309,0.0
K,174,1.231,185.441,0.0
K,175,0.0,184.73,0.0
K,176,1.231,186.862,0.0
K,177,0.0,187.572,0.0
K,178,1.231,189.704,0.0
K,179,0.0,188.993,0.0
K,180,1.231,191.125,0.0
K,181,0.0,191.835,0.0
K,182,1.231,193.967,0.0
K,183,0.0,193.256,0.0
K,184,1.231,195.388,0.0
K,185,0.0,196.098,0.0
K,186,1.231,198.23,0.0
K,187,0.0,197.519,0.0
K,188,1.231,199.651,0.0
K,189,2.461,0.0,0.0
K,190,3.692,2.132,0.0
K,191,2.461,1.421,0.0
K,192,3.692,3.553,0.0
K,193,2.461,4.263,0.0
K,194,3.692,6.395,0.0
K,195,2.461,5.684,0.0
K,196,3.692,7.816,0.0
K,197,2.461,8.526,0.0
K,198,3.692,10.658,0.0
K,199,2.461,9.947,0.0
K,200,3.692,12.079,0.0
K,201,2.461,12.789,0.0
K,202,3.692,14.921,0.0
K,203,2.461,14.21,0.0
K,204,3.692,16.342,0.0
K,205,2.461,17.052,0.0
K,206,3.692,19.184,0.0
K,207,2.461,18.473,0.0
K,208,3.692,20.605,0.0
K,209,2.461,21.315,0.0
K,210,3.692,23.447,0.0
K,211,2.461,22.736,0.0
K,212,3.692,24.868,0.0
K,214,3.692,27.71,0.0
K,215,2.461,26.999,0.0
K,216,3.692,29.131,0.0
K,218,3.692,31.973,0.0
K,219,2.461,31.262,0.0
K,220,3.692,33.394,0.0
K,221,2.461,34.104,0.0
K,222,3.692,36.236,0.0
K,223,2.461,35.525,0.0
K,224,3.692,37.657,0.0
K,225,2.461,38.367,0.0
K,226,3.692,40.499,0.0
K,227,2.461,39.788,0.0
K,228,3.692,41.92,0.0
K,229,2.461,42.63,0.0
K,230,3.692,44.762,0.0
K,231,2.461,44.051,0.0
K,232,3.692,46.183,0.0
K,233,2.461,46.893,0.0
K,234,3.692,49.025,0.0
K,235,2.461,48.314,0.0
K,236,3.692,50.446,0.0
K,237,2.461,51.156,0.0
K,238,3.692,53.288,0.0
K,239,2.461,52.577,0.0
K,240,3.692,54.709,0.0
K,241,2.461,55.419,0.0
K,242,3.692,57.551,0.0
K,243,2.461,56.84,0.0
K,244,3.692,58.972,0.0
K,245,2.461,59.682,0.0
K,246,3.692,61.814,0.0
K,247,2.461,61.103,0.0
K,248,3.692,63.235,0.0
K,249,2.461,63.945,0.0
K,250,3.692,66.077,0.0
K,251,2.461,65.366,0.0
K,252,3.692,67.498,0.0
K,253,2.461,68.208,0.0
K,254,3.692,70.34,0.0
K,255,2.461,69.629,0.0
K,256,3.692,71.761,0.0
K,257,2.461,72.471,0.0
K,258,3.692,74.603,0.0
K,259,2.461,73.892,0.0
K,261,2.461,76.734,0.0
K,262,3.692,78.866,0.0
K,263,2.461,78.155,0.0
K,264,3.692,80.287,0.0
K,265,2.461,80.997,0.0
K,266,3.692,83.129,0.0
K,267,2.461,82.418,0.0
K,268,3.692,84.55,0.0
K,269,2.461,85.26,0.0
K,270,3.692,87.392,0.0
K,271,2.461,86.681,0.0
K,272,3.692,88.813,0.0
K,273,2.461,89.523,0.0
K,274,3.692,91.655,0.0
K,275,2.461,90.944,0.0
K,277,2.461,93.786,0.0
K,278,3.692,95.918,0.0
K,279,2.461,95.207,0.0
K,280,3.692,97.339,0.0
K,281,2.461,98.049,0.0
K,282,3.692,100.181,0.0
K,283,2.461,99.47,0.0
K,284,3.692,101.602,0.0
K,285,2.461,102.312,0.0
K,287,2.461,103.733,0.0
K,288,3.692,105.865,0.0
K,289,2.461,106.575,0.0
K,291,2.461,107.996,0.0
K,292,3.692,110.128,0.0
K,293,2.461,110.838,0.0
K,294,3.692,112.97,0.0
K,295,2.461,112.259,0.0
K,296,3.692,114.391,0.0
K,297,2.461,115.101,0.0
K,298,3.692,117.233,0.0
K,299,2.461,116.522,0.0
K,300,3.692,118.654,0.0
K,302,3.692,121.496,0.0
K,303,2.461,120.785,0.0
K,304,3.692,122.917,0.0
K,305,2.461,123.627,0.0
K,306,3.692,125.759,0.0
K,307,2.461,125.048,0.0
K,308,3.692,127.18,0.0
K,309,2.461,127.89,0.0
K,310,3.692,130.022,0.0
K,311,2.461,129.311,0.0
K,312,3.692,131.443,0.0
K,313,2.461,132.153,0.0
K,314,3.692,134.285,0.0
K,315,2.461,133.574,0.0
K,316,3.692,135.706,0.0
K,317,2.461,136.416,0.0
K,319,2.461,137.837,0.0
K,320,3.692,139.969,0.0
K,321,2.461,140.679,0.0
K,322,3.692,142.811,0.0
K,323,2.461,142.1,0.0
K,324,3.692,144.232,0.0
K,325,2.461,144.942,0.0
K,326,3.692,147.074,0.0
K,327,2.461,146.363,0.0
K,328,3.692,148.495,0.0
K,329,2.461,149.205,0.0
K,330,3.692,151.337,0.0
K,331,2.461,150.626,0.0
K,332,3.692,152.758,0.0
K,333,2.461,153.468,0.0
K,334,3.692,155.6,0.0
K,335,2.461,154.889,0.0
K,336,3.692,157.021,0.0
K,337,2.461,157.731,0.0
K,338,3.692,159.863,0.0
K,339,2.461,159.152,0.0
K,340,3.692,161.284,0.0
K,341,2.461,161.994,0.0
K,342,3.692,164.126,0.0
K,343,2.461,163.415,0.0
K,344,3.692,165.547,0.0
K,345,2.461,166.257,0.0
K,346,3.692,168.389,0.0
K,347,2.461,167.678,0.0
K,348,3.692,169.81,0.0
K,349,2.461,170.52,0.0
K,350,3.692,172.652,0.0
K,351,2.461,171.941,0.0
K,352,3.692,174.073,0.0
K,353,2.461,174.783,0.0
K,354,3.692,176.915,0.0
K,355,2.461,176.204,0.0
K,356,3.692,178.336,0.0
K,357,2.461,179.046,0.0
K,358,3.692,181.178,0.0
K,359,2.461,180.467,0.0
K,360,3.692,182.599,0.0
K,361,2.461,183.309,0.0
K,362,3.692,185.441,0.0
K,363,2.461,184.73,0.0
K,364,3.692,186.862,0.0
K,365,2.461,187.572,0.0
K,366,3.692,189.704,0.0
K,367,2.461,188.993,0.0
K,368,3.692,191.125,0.0
K,369,2.461,191.835,0.0
K,370,3.692,193.967,0.0
K,371,2.461,193.256,0.0
K,372,3.692,195.388,0.0
K,373,2.461,196.098,0.0
K,374,3.692,198.23,0.0
K,375,2.461,197.519,0.0
K,376,3.692,199.651,0.0
K,377,4.922,0.0,0.0
K,379,4.922,1.421,0.0
K,380,6.153,3.553,0.0
K,381,4.922,4.263,0.0
K,382,6.153,6.395,0.0
K,383,4.922,5.684,0.0
K,384,6.153,7.816,0.0
K,385,4.922,8.526,0.0
K,386,6.153,10.658,0.0
K,387,4.922,9.947,0.0
K,388,6.153,12.079,0.0
K,389,4.922,12.789,0.0
K,390,6.153,14.921,0.0
K,392,6.153,16.342,0.0
K,393,4.922,17.052,0.0
K,394,6.153,19.184,0.0
K,395,4.922,18.473,0.0
K,396,6.153,20.605,0.0
K,397,4.922,21.315,0.0
K,398,6.153,23.447,0.0
K,399,4.922,22.736,0.0
K,400,6.153,24.868,0.0
K,401,4.922,25.578,0.0
K,402,6.153,27.71,0.0
K,403,4.922,26.999,0.0
K,404,6.153,29.131,0.0
K,405,4.922,29.841,0.0
K,406,6.153,31.973,0.0
K,407,4.922,31.262,0.0
K,408,6.153,33.394,0.0
K,409,4.922,34.104,0.0
K,410,6.153,36.236,0.0
K,411,4.922,35.525,0.0
K,412,6.153,37.657,0.0
K,413,4.922,38.367,0.0
K,414,6.153,40.499,0.0
K,415,4.922,39.788,0.0
K,416,6.153,41.92,0.0
K,417,4.922,42.63,0.0
K,418,6.153,44.762,0.0
K,419,4.922,44.051,0.0
K,420,6.153,46.183,0.0
K,421,4.922,46.893,0.0
K,422,6.153,49.025,0.0
K,423,4.922,48.314,0.0
K,424,6.153,50.446,0.0
K,425,4.922,51.156,0.0
K,426,6.153,53.288,0.0
K,427,4.922,52.577,0.0
K,428,6.153,54.709,0.0
K,429,4.922,55.419,0.0
K,430,6.153,57.551,0.0
K,431,4.922,56.84,0.0
K,432,6.153,58.972,0.0
K,433,4.922,59.682,0.0
K,434,6.153,61.814,0.0
K,435,4.922,61.103,0.0
K,436,6.153,63.235,0.0
K,437,4.922,63.945,0.0
K,438,6.153,66.077,0.0
K,439,4.922,65.366,0.0
K,440,6.153,67.498,0.0
K,441,4.922,68.208,0.0
K,442,6.153,70.34,0.0
K,443,4.922,69.629,0.0
K,444,6.153,71.761,0.0
K,445,4.922,72.471,0.0
K,446,6.153,74.603,0.0
K,447,4.922,73.892,0.0
K,448,6.153,76.024,0.0
K,449,4.922,76.734,0.0
K,450,6.153,78.866,0.0
K,451,4.922,78.155,0.0
K,452,6.153,80.287,0.0
K,453,4.922,80.997,0.0
K,454,6.153,83.129,0.0
K,455,4.922,82.418,0.0
K,456,6.153,84.55,0.0
K,457,4.922,85.26,0.0
K,458,6.153,87.392,0.0
K,459,4.922,86.681,0.0
K,460,6.153,88.813,0.0
K,461,4.922,89.523,0.0
K,462,6.153,91.655,0.0
K,463,4.922,90.944,0.0
K,464,6.153,93.076,0.0
K,465,4.922,93.786,0.0
K,466,6.153,95.918,0.0
K,468,6.153,97.339,0.0
K,469,4.922,98.049,0.0
K,470,6.153,100.181,0.0
K,471,4.922,99.47,0.0
K,472,6.153,101.602,0.0
K,473,4.922,102.312,0.0
K,474,6.153,104.444,0.0
K,475,4.922,103.733,0.0
K,476,6.153,105.865,0.0
K,479,4.922,107.996,0.0
K,480,6.153,110.128,0.0
K,481,4.922,110.838,0.0
K,482,6.153,112.97,0.0
K,483,4.922,112.259,0.0
K,484,6.153,114.391,0.0
K,485,4.922,115.101,0.0
K,486,6.153,117.233,0.0
K,487,4.922,116.522,0.0
K,488,6.153,118.654,0.0
K,489,4.922,119.364,0.0
K,490,6.153,121.496,0.0
K,491,4.922,120.785,0.0
K,492,6.153,122.917,0.0
K,493,4.922,123.627,0.0
K,494,6.153,125.759,0.0
K,495,4.922,125.048,0.0
K,496,6.153,127.18,0.0
K,497,4.922,127.89,0.0
K,498,6.153,130.022,0.0
K,499,4.922,129.311,0.0
K,500,6.153,131.443,0.0
K,501,4.922,132.153,0.0
K,502,6.153,134.285,0.0
K,503,4.922,133.574,0.0
K,504,6.153,135.706,0.0
K,505,4.922,136.416,0.0
K,506,6.153,138.548,0.0
K,507,4.922,137.837,0.0
K,508,6.153,139.969,0.0
K,509,4.922,140.679,0.0
K,510,6.153,142.811,0.0
K,511,4.922,142.1,0.0
K,512,6.153,144.232,0.0
K,513,4.922,144.942,0.0
K,514,6.153,147.074,0.0
K,515,4.922,146.363,0.0
K,517,4.922,149.205,0.0
K,518,6.153,151.337,0.0
K,519,4.922,150.626,0.0
K,520,6.153,152.758,0.0
K,521,4.922,153.468,0.0
K,522,6.153,155.6,0.0
K,523,4.922,154.889,0.0
K,524,6.153,157.021,0.0
K,525,4.922,157.731,0.0
K,526,6.153,159.863,0.0
K,527,4.922,159.152,0.0
K,528,6.153,161.284,0.0
K,529,4.922,161.994,0.0
K,530,6.153,164.126,0.0
K,531,4.922,163.415,0.0
K,532,6.153,165.547,0.0
K,533,4.922,166.257,0.0
K,534,6.153,168.389,0.0
K,535,4.922,167.678,0.0
K,536,6.153,169.81,0.0
K,537,4.922,170.52,0.0
K,538,6.153,172.652,0.0
K,539,4.922,171.941,0.0
K,540,6.153,174.073,0.0
K,541,4.922,174.783,0.0
K,542,6.153,176.915,0.0
K,543,4.922,176.204,0.0
K,544,6.153,178.336,0.0
K,545,4.922,179.046,0.0
K,546,6.153,181.178,0.0
K,547,4.922,180.467,0.0
K,548,6.153,182.599,0.0
K,549,4.922,183.309,0.0
K,550,6.153,185.441,0.0
K,551,4.922,184.73,0.0
K,552,6.153,186.862,0.0
K,553,4.922,187.572,0.0
K,554,6.153,189.704,0.0
K,555,4.922,188.993,0.0
K,556,6.153,191.125,0.0
K,557,4.922,191.835,0.0
K,558,6.153,193.967,0.0
K,559,4.922,193.256,0.0
K,560,6.153,195.388,0.0
K,561,4.922,196.098,0.0
K,562,6.153,198.23,0.0
K,563,4.922,197.519,0.0
K,564,6.153,199.651,0.0
K,565,7.384,0.0,0.0
K,566,8.614,2.132,0.0
K,567,7.384,1.421,0.0
K,569,7.384,4.263,0.0
K,570,8.614,6.395,0.0
K,571,7.384,5.684,0.0
K,572,8.614,7.816,0.0
K,573,7.384,8.526,0.0
K,574,8.614,10.658,0.0
K,575,7.384,9.947,0.0
K,576,8.614,12.079,0.0
K,577,7.384,12.789,0.0
K,578,8.614,14.921,0.0
K,579,7.384,14.21,0.0
K,580,8.614,16.342,0.0
K,581,7.384,17.052,0.0
K,582,8.614,19.184,0.0
K,583,7.384,18.473,0.0
K,584,8.614,20.605,0.0
K,585,7.384,21.315,0.0
K,586,8.614,23.447,0.0
K,587,7.384,22.736,0.0
K,588,8.614,24.868,0.0
K,589,7.384,25.578,0.0
K,590,8.614,27.71,0.0
K,591,7.384,26.999,0.0
K,592,8.614,29.131,0.0
K,594,8.614,31.973,0.0
K,595,7.384,31.262,0.0
K,596,8.614,33.394,0.0
K,597,7.384,34.104,0.0
K,598,8.614,36.236,0.0
K,599,7.384,35.525,0.0
K,600,8.614,37.657,0.0
K,601,7.384,38.367,0.0
K,602,8.614,40.499,0.0
K,603,7.384,39.788,0.0
K,604,8.614,41.92,0.0
K,605,7.384,42.63,0.0
K,606,8.614,44.762,0.0
K,607,7.384,44.051,0.0
K,608,8.614,46.183,0.0
K,609,7.384,46.893,0.0
K,610,8.614,49.025,0.0
K,611,7.384,48.314,0.0
K,612,8.614,50.446,0.0
K,613,7.384,51.156,0.0
K,614,8.614,53.288,0.0
K,615,7.384,52.577,0.0
K,616,8.614,54.709,0.0
K,617,7.384,55.419,0.0
K,618,8.614,57.551,0.0
K,619,7.384,56.84,0.0
K,620,8.614,58.972,0.0
K,621,7.384,59.682,0.0
K,622,8.614,61.814,0.0
K,623,7.384,61.103,0.0
K,624,8.614,63.235,0.0
K,625,7.384,63.945,0.0
K,626,8.614,66.077,0.0
K,627,7.384,65.366,0.0
K,628,8.614,67.498,0.0
K,629,7.384,68.208,0.0
K,630,8.614,70.34,0.0
K,631,7.384,69.629,0.0
K,632,8.614,71.761,0.0
K,634,8.614,74.603,0.0
K,635,7.384,73.892,0.0
K,636,8.614,76.024,0.0
K,637,7.384,76.734,0.0
K,638,8.614,78.866,0.0
K,639,7.384,78.155,0.0
K,640,8.614,80.287,0.0
K,641,7.384,80.997,0.0
K,642,8.614,83.129,0.0
K,643,7.384,82.418,0.0
K,644,8.614,84.55,0.0
K,645,7.384,85.26,0.0
K,646,8.614,87.392,0.0
K,647,7.384,86.681,0.0
K,648,8.614,88.813,0.0
K,649,7.384,89.523,0.0
K,650,8.614,91.655,0.0
K,651,7.384,90.944,0.0
K,652,8.614,93.076,0.0
K,653,7.384,93.786,0.0
K,654,8.614,95.918,0.0
K,655,7.384,95.207,0.0
K,656,8.614,97.339,0.0
K,657,7.384,98.049,0.0
K,658,8.614,100.181,0.0
K,659,7.384,99.47,0.0
K,660,8.614,101.602,0.0
K,661,7.384,102.312,0.0
K,662,8.614,104.444,0.0
K,663,7.384,103.733,0.0
K,664,8.614,105.865,0.0
K,665,7.384,106.575,0.0
K,666,8.614,108.707,0.0
K,667,7.384,107.996,0.0
K,668,8.614,110.128,0.0
K,669,7.384,110.838,0.0
K,670,8.614,112.97,0.0
K,671,7.384,112.259,0.0
K,672,8.614,114.391,0.0
K,673,7.384,115.101,0.0
K,674,8.614,117.233,0.0
K,675,7.384,116.522,0.0
K,676,8.614,118.654,0.0
K,677,7.384,119.364,0.0
K,678,8.614,121.496,0.0
K,679,7.384,120.785,0.0
K,680,8.614,122.917,0.0
K,681,7.384,123.627,0.0
K,682,8.614,125.759,0.0
K,683,7.384,125.048,0.0
K,684,8.614,127.18,0.0
K,685,7.384,127.89,0.0
K,686,8.614,130.022,0.0
K,687,7.384,129.311,0.0
K,688,8.614,131.443,0.0
K,689,7.384,132.153,0.0
K,690,8.614,134.285,0.0
K,691,7.384,133.574,0.0
K,692,8.614,135.706,0.0
K,693,7.384,136.416,0.0
K,694,8.614,138.548,0.0
K,695,7.384,137.837,0.0
K,696,8.614,139.969,0.0
K,697,7.384,140.679,0.0
K,698,8.614,142.811,0.0
K,699,7.384,142.1,0.0
K,700,8.614,144.232,0.0
K,701,7.384,144.942,0.0
K,702,8.614,147.074,0.0
K,703,7.384,146.363,0.0
K,704,8.614,148.495,0.0
K,705,7.384,149.205,0.0
K,706,8.614,151.337,0.0
K,707,7.384,150.626,0.0
K,708,8.614,152.758,0.0
K,709,7.384,153.468,0.0
K,710,8.614,155.6,0.0
K,711,7.384,154.889,0.0
K,712,8.614,157.021,0.0
K,713,7.384,157.731,0.0
K,714,8.614,159.863,0.0
K,715,7.384,159.152,0.0
K,716,8.614,161.284,0.0
K,717,7.384,161.994,0.0
K,718,8.614,164.126,0.0
K,719,7.384,163.415,0.0
K,720,8.614,165.547,0.0
K,721,7.384,166.257,0.0
K,722,8.614,168.389,0.0
K,723,7.384,167.678,0.0
K,724,8.614,169.81,0.0
K,725,7.384,170.52,0.0
K,726,8.614,172.652,0.0
K,727,7.384,171.941,0.0
K,728,8.614,174.073,0.0
K,729,7.384,174.783,0.0
K,730,8.614,176.915,0.0
K,731,7.384,176.204,0.0
K,732,8.614,178.336,0.0
K,733,7.384,179.046,0.0
K,734,8.614,181.178,0.0
K,735,7.384,180.467,0.0
K,736,8.614,182.599,0.0
K,737,7.384,183.309,0.0
K,738,8.614,185.441,0.0
K,739,7.384,184.73,0.0
K,740,8.614,186.862,0.0
K,741,7.384,187.572,0.0
K,742,8.614,189.704,0.0
K,743,7.384,188.993,0.0
K,744,8.614,191.125,0.0
K,745,7.384,191.835,0.0
K,746,8.614,193.967,0.0
K,747,7.384,193.256,0.0
K,748,8.614,195.388,0.0
K,749,7.384,196.098,0.0
K,750,8.614,198.23,0.0
K,751,7.384,197.519,0.0
K,752,8.614,199.651,0.0
K,753,9.845,0.0,0.0
K,754,11.076,2.132,0.0
K,755,9.845,1.421,0.0
K,756,11.076,3.553,0.0
K,757,9.845,4.263,0.0
K,758,11.076,6.395,0.0
K,759,9.845,5.684,0.0
K,760,11.076,7.816,0.0
K,761,9.845,8.526,0.0
K,762,11.076,10.658,0.0
K,763,9.845,9.947,0.0
K,764,11.076,12.079,0.0
K,765,9.845,12.789,0.0
K,766,11.076,14.921,0.0
K,767,9.845,14.21,0.0
K,768,11.076,16.342,0.0
K,769,9.845,17.052,0.0
K,770,11.076,19.184,0.0
K,771,9.845,18.473,0.0
K,772,11.076,20.605,0.0
K,773,9.845,21.315,0.0
K,774,11.076,23.447,0.0
K,775,9.845,22.736,0.0
K,776,11.076,24.868,0.0
K,777,9.845,25.578,0.0
K,778,11.076,27.71,0.0
K,779,9.845,26.999,0.0
K,780,11.076,29.131,0.0
K,781,9.845,29.841,0.0
K,782,11.076,31.973,0.0
K,783,9.845,31.262,0.0
K,784,11.076,33.394,0.0
K,785,9.845,34.104,0.0
K,786,11.076,36.236,0.0
K,787,9.845,35.525,0.0
K,788,11.076,37.657,0.0
K,789,9.845,38.367,0.0
K,790,11.076,40.499,0.0
K,791,9.845,39.788,0.0
K,792,11.076,41.92,0.0
K,793,9.845,42.63,0.0
K,794,11.076,44.762,0.0
K,795,9.845,44.051,0.0
K,796,11.076,46.183,0.0
K,797,9.845,46.893,0.0
K,798,11.076,49.025,0.0
K,799,9.845,48.314,0.0
K,800,11.076,50.446,0.0
K,801,9.845,51.156,0.0
K,802,11.076,53.288,0.0
K,803,9.845,52.577,0.0
K,804,11.076,54.709,0.0
K,805,9.845,55.419,0.0
K,806,11.076,57.551,0.0
K,807,9.845,56.84,0.0
K,808,11.076,58.972,0.0
K,809,9.845,59.682,0.0
K,810,11.076,61.814,0.0
K,811,9.845,61.103,0.0
K,812,11.076,63.235,0.0
K,813,9.845,63.945,0.0
K,814,11.076,66.077,0.0
K,815,9.845,65.366,0.0
K,816,11.076,67.498,0.0
K,817,9.845,68.208,0.0
K,818,11.076,70.34,0.0
K,819,9.845,69.629,0.0
K,820,11.076,71.761,0.0
K,821,9.845,72.471,0.0
K,822,11.076,74.603,0.0
K,823,9.845,73.892,0.0
K,824,11.076,76.024,0.0
K,825,9.845,76.734,0.0
K,826,11.076,78.866,0.0
K,827,9.845,78.155,0.0
K,828,11.076,80.287,0.0
K,829,9.845,80.997,0.0
K,830,11.076,83.129,0.0
K,831,9.845,82.418,0.0
K,832,11.076,84.55,0.0
K,833,9.845,85.26,0.0
K,834,11.076,87.392,0.0
K,835,9.845,86.681,0.0
K,836,11.076,88.813,0.0
K,837,9.845,89.523,0.0
K,838,11.076,91.655,0.0
K,839,9.845,90.944,0.0
K,840,11.076,93.076,0.0
K,841,9.845,93.786,0.0
K,842,11.076,95.918,0.0
K,843,9.845,95.207,0.0
K,844,11.076,97.339,0.0
K,845,9.845,98.049,0.0
K,846,11.076,100.181,0.0
K,847,9.845,99.47,0.0
K,848,11.076,101.602,0.0
K,849,9.845,102.312,0.0
K,850,11.076,104.444,0.0
K,851,9.845,103.733,0.0
K,852,11.076,105.865,0.0
K,853,9.845,106.575,0.0
K,854,11.076,108.707,0.0
K,855,9.845,107.996,0.0
K,856,11.076,110.128,0.0
K,857,9.845,110.838,0.0
K,858,11.076,112.97,0.0
K,859,9.845,112.259,0.0
K,860,11.076,114.391,0.0
K,861,9.845,115.101,0.0
K,862,11.076,117.233,0.0
K,863,9.845,116.522,0.0
K,864,11.076,118.654,0.0
K,866,11.076,121.496,0.0
K,867,9.845,120.785,0.0
K,868,11.076,122.917,0.0
K,869,9.845,123.627,0.0
K,870,11.076,125.759,0.0
K,871,9.845,125.048,0.0
K,872,11.076,127.18,0.0
K,873,9.845,127.89,0.0
K,874,11.076,130.022,0.0
K,875,9.845,129.311,0.0
K,876,11.076,131.443,0.0
K,877,9.845,132.153,0.0
K,878,11.076,134.285,0.0
K,879,9.845,133.574,0.0
K,880,11.076,135.706,0.0
K,881,9.845,136.416,0.0
K,883,9.845,137.837,0.0
K,884,11.076,139.969,0.0
K,885,9.845,140.679,0.0
K,886,11.076,142.811,0.0
K,887,9.845,142.1,0.0
K,888,11.076,144.232,0.0
K,889,9.845,144.942,0.0
K,890,11.076,147.074,0.0
K,891,9.845,146.363,0.0
K,892,11.076,148.495,0.0
K,893,9.845,149.205,0.0
K,894,11.076,151.337,0.0
K,895,9.845,150.626,0.0
K,896,11.076,152.758,0.0
K,897,9.845,153.468,0.0
K,898,11.076,155.6,0.0
K,899,9.845,154.889,0.0
K,900,11.076,157.021,0.0
K,901,9.845,157.731,0.0
K,902,11.076,159.863,0.0
K,903,9.845,159.152,0.0
K,904,11.076,161.284,0.0
K,905,9.845,161.994,0.0
K,906,11.076,164.126,0.0
K,907,9.845,163.415,0.0
K,908,11.076,165.547,0.0
K,909,9.845,166.257,0.0
K,910,11.076,168.389,0.0
K,911,9.845,167.678,0.0
K,912,11.076,169.81,0.0
K,913,9.845,170.52,0.0
K,914,11.076,172.652,0.0
K,915,9.845,171.941,0.0
K,916,11.076,174.073,0.0
K,917,9.845,174.783,0.0
K,918,11.076,176.915,0.0
K,919,9.845,176.204,0.0
K,920,11.076,178.336,0.0
K,921,9.845,179.046,0.0
K,922,11.076,181.178,0.0
K,923,9.845,180.467,0.0
K,924,11.076,182.599,0.0
K,925,9.845,183.309,0.0
K,926,11.076,185.441,0.0
K,927,9.845,184.73,0.0
K,928,11.076,186.862,0.0
K,929,9.845,187.572,0.0
K,930,11.076,189.704,0.0
K,931,9.845,188.993,0.0
K,932,11.076,191.125,0.0
K,933,9.845,191.835,0.0
K,934,11.076,193.967,0.0
K,935,9.845,193.256,0.0
K,936,11.076,195.388,0.0
K,937,9.845,196.098,0.0
K,938,11.076,198.23,0.0
K,939,9.845,197.519,0.0
K,940,11.076,199.651,0.0
K,941,12.306,0.0,0.0
K,942,13.537,2.132,0.0
K,943,12.306,1.421,0.0
K,944,13.537,3.553,0.0
K,945,12.306,4.263,0.0
K,946,13.537,6.395,0.0
K,947,12.306,5.684,0.0
K,948,13.537,7.816,0.0
K,949,12.306,8.526,0.0
K,950,13.537,10.658,0.0
K,951,12.306,9.947,0.0
K,952,13.537,12.079,0.0
K,954,13.537,14.921,0.0
K,955,12.306,14.21,0.0
K,956,13.537,16.342,0.0
K,957,12.306,17.052,0.0
K,958,13.537,19.184,0.0
K,959,12.306,18.473,0.0
K,960,13.537,20.605,0.0
K,961,12.306,21.315,0.0
K,962,13.537,23.447,0.0
K,963,12.306,22.736,0.0
K,964,13.537,24.868,0.0
K,966,13.537,27.71,0.0
K,967,12.306,26.999,0.0
K,968,13.537,29.131,0.0
K,969,12.306,29.841,0.0
K,970,13.537,31.973,0.0
K,971,12.306,31.262,0.0
K,972,13.537,33.394,0.0
K,973,12.306,34.104,0.0
K,974,13.537,36.236,0.0
K,975,12.306,35.525,0.0
K,977,12.306,38.367,0.0
K,978,13.537,40.499,0.0
K,979,12.306,39.788,0.0
K,980,13.537,41.92,0.0
K,982,13.537,44.762,0.0
K,983,12.306,44.051,0.0
K,984,13.537,46.183,0.0
K,985,12.306,46.893,0.0
K,986,13.537,49.025,0.0
K,987,12.306,48.314,0.0
K,988,13.537,50.446,0.0
K,989,12.306,51.156,0.0
K,990,13.537,53.288,0.0
K,991,12.306,52.577,0.0
K,992,13.537,54.709,0.0
K,993,12.306,55.419,0.0
K,994,13.537,57.551,0.0
K,995,12.306,56.84,0.0
K,996,13.537,58.972,0.0
K,997,12.306,59.682,0.0
K,998,13.537,61.814,0.0
K,999,12.306,61.103,0.0
K,1000,13.537,63.235,0.0
K,1001,12.306,63.945,0.0
K,1002,13.537,66.077,0.0
K,1003,12.306,65.366,0.0
K,1005,12.306,68.208,0.0
K,1006,13.537,70.34,0.0
K,1007,12.306,69.629,0.0
K,1008,13.537,71.761,0.0
K,1009,12.306,72.471,0.0
K,1010,13.537,74.603,0.0
K,1011,12.306,73.892,0.0
K,1012,13.537,76.024,0.0
K,1013,12.306,76.734,0.0
K,1014,13.537,78.866,0.0
K,1015,12.306,78.155,0.0
K,1016,13.537,80.287,0.0
K,1017,12.306,80.997,0.0
K,1018,13.537,83.129,0.0
K,1019,12.306,82.418,0.0
K,1020,13.537,84.55,0.0
K,1021,12.306,85.26,0.0
K,1022,13.537,87.392,0.0
K,1023,12.306,86.681,0.0
K,1024,13.537,88.813,0.0
K,1025,12.306,89.523,0.0
K,1026,13.537,91.655,0.0
K,1027,12.306,90.944,0.0
K,1028,13.537,93.076,0.0
K,1029,12.306,93.786,0.0
K,1030,13.537,95.918,0.0
K,1031,12.306,95.207,0.0
K,1032,13.537,97.339,0.0
K,1033,12.306,98.049,0.0
K,1034,13.537,100.181,0.0
K,1035,12.306,99.47,0.0
K,1036,13.537,101.602,0.0
K,1037,12.306,102.312,0.0
K,1038,13.537,104.444,0.0
K,1039,12.306,103.733,0.0
K,1040,13.537,105.865,0.0
K,1041,12.306,106.575,0.0
K,1042,13.537,108.707,0.0
K,1043,12.306,107.996,0.0
K,1044,13.537,110.128,0.0
K,1045,12.306,110.838,0.0
K,1046,13.537,112.97,0.0
K,1047,12.306,112.259,0.0
K,1049,12.306,115.101,0.0
K,1050,13.537,117.233,0.0
K,1051,12.306,116.522,0.0
K,1052,13.537,118.654,0.0
K,1053,12.306,119.364,0.0
K,1054,13.537,121.496,0.0
K,1055,12.306,120.785,0.0
K,1056,13.537,122.917,0.0
K,1057,12.306,123.627,0.0
K,1058,13.537,125.759,0.0
K,1059,12.306,125.048,0.0
K,1060,13.537,127.18,0.0
K,1061,12.306,127.89,0.0
K,1062,13.537,130.022,0.0
K,1063,12.306,129.311,0.0
K,1064,13.537,131.443,0.0
K,1065,12.306,132.153,0.0
K,1066,13.537,134.285,0.0
K,1067,12.306,133.574,0.0
K,1068,13.537,135.706,0.0
K,1069,12.306,136.416,0.0
K,1070,13.537,138.548,0.0
K,1071,12.306,137.837,0.0
K,1072,13.537,139.969,0.0
K,1073,12.306,140.679,0.0
K,1074,13.537,142.811,0.0
K,1075,12.306,142.1,0.0
K,1076,13.537,144.232,0.0
K,1077,12.306,144.942,0.0
K,1078,13.537,147.074,0.0
K,1079,12.306,146.363,0.0
K,1080,13.537,148.495,0.0
K,1081,12.306,149.205,0.0
K,1082,13.537,151.337,0.0
K,1083,12.306,150.626,0.0
K,1084,13.537,152.758,0.0
K,1085,12.306,153.468,0.0
K,1086,13.537,155.6,0.0
K,1087,12.306,154.889,0.0
K,1088,13.537,157.021,0.0
K,1089,12.306,157.731,0.0
K,1090,13.537,159.863,0.0
K,1091,12.306,159.152,0.0
K,1092,13.537,161.284,0.0
K,1093,12.306,161.994,0.0
K,1094,13.537,164.126,0.0
K,1095,12.306,163.415,0.0
K,1096,13.537,165.547,0.0
K,1097,12.306,166.257,0.0
K,1098,13.537,168.389,0.0
K,1099,12.306,167.678,0.0
K,1100,13.537,169.81,0.0
K,1101,12.306,170.52,0.0
K,1104,13.537,174.073,0.0
K,1105,12.306,174.783,0.0
K,1106,13.537,176.915,0.0
K,1107,12.306,176.204,0.0
K,1108,13.537,178.336,0.0
K,1111,12.306,180.467,0.0
K,1112,13.537,182.599,0.0
K,1113,12.306,183.309,0.0
K,1114,13.537,185.441,0.0
K,1116,13.537,186.862,0.0
K,1117,12.306,187.572,0.0
K,1118,13.537,189.704,0.0
K,1119,12.306,188.993,0.0
K,1120,13.537,191.125,0.0
K,1121,12.306,191.835,0.0
K,1122,13.537,193.967,0.0
K,1123,12.306,193.256,0.0
K,1124,13.537,195.388,0.0
K,1125,12.306,196.098,0.0
K,1126,13.537,198.23,0.0
K,1127,12.306,197.519,0.0
K,1128,13.537,199.651,0.0
K,1129,14.767,0.0,0.0
K,1130,15.998,2.132,0.0
K,1131,14.767,1.421,0.0
K,1132,15.998,3.553,0.0
K,1133,14.767,4.263,0.0
K,1134,15.998,6.395,0.0
K,1136,15.998,7.816,0.0
K,1137,14.767,8.526,0.0
K,1138,15.998,10.658,0.0
K,1139,14.767,9.947,0.0
K,1140,15.998,12.079,0.0
K,1141,14.767,12.789,0.0
K,1142,15.998,14.921,0.0
K,1143,14.767,14.21,0.0
K,1144,15.998,16.342,0.0
K,1145,14.767,17.052,0.0
K,1146,15.998,19.184,0.0
K,1147,14.767,18.473,0.0
K,1148,15.998,20.605,0.0
K,1149,14.767,21.315,0.0
K,1150,15.998,23.447,0.0
K,1151,14.767,22.736,0.0
K,1152,15.998,24.868,0.0
K,1153,14.767,25.578,0.0
K,1154,15.998,27.71,0.0
K,1155,14.767,26.999,0.0
K,1156,15.998,29.131,0.0
K,1157,14.767,29.841,0.0
K,1158,15.998,31.973,0.0
K,1159,14.767,31.262,0.0
K,1160,15.998,33.394,0.0
K,1161,14.767,34.104,0.0
K,1162,15.998,36.236,0.0
K,1163,14.767,35.525,0.0
K,1164,15.998,37.657,0.0
K,1165,14.767,38.367,0.0
K,1166,15.998,40.499,0.0
K,1167,14.767,39.788,0.0
K,1168,15.998,41.92,0.0
K,1169,14.767,42.63,0.0
K,1170,15.998,44.762,0.0
K,1171,14.767,44.051,0.0
K,1172,15.998,46.183,0.0
K,1173,14.767,46.893,0.0
K,1174,15.998,49.025,0.0
K,1175,14.767,48.314,0.0
K,1176,15.998,50.446,0.0
K,1177,14.767,51.156,0.0
K,1178,15.998,53.288,0.0
K,1179,14.767,52.577,0.0
K,1180,15.998,54.709,0.0
K,1181,14.767,55.419,0.0
K,1182,15.998,57.551,0.0
K,1183,14.767,56.84,0.0
K,1184,15.998,58.972,0.0
K,1185,14.767,59.682,0.0
K,1186,15.998,61.814,0.0
K,1187,14.767,61.103,0.0
K,1188,15.998,63.235,0.0
K,1189,14.767,63.945,0.0
K,1190,15.998,66.077,0.0
K,1191,14.767,65.366,0.0
K,1192,15.998,67.498,0.0
K,1193,14.767,68.208,0.0
K,1194,15.998,70.34,0.0
K,1195,14.767,69.629,0.0
K,1196,15.998,71.761,0.0
K,1197,14.767,72.471,0.0
K,1198,15.998,74.603,0.0
K,1200,15.998,76.024,0.0
K,1201,14.767,76.734,0.0
K,1202,15.998,78.866,0.0
K,1203,14.767,78.155,0.0
K,1204,15.998,80.287,0.0
K,1205,14.767,80.997,0.0
K,1206,15.998,83.129,0.0
K,1207,14.767,82.418,0.0
K,1208,15.998,84.55,0.0
K,1209,14.767,85.26,0.0
K,1210,15.998,87.392,0.0
K,1211,14.767,86.681,0.0
K,1212,15.998,88.813,0.0
K,1213,14.767,89.523,0.0
K,1214,15.998,91.655,0.0
K,1215,14.767,90.944,0.0
K,1216,15.998,93.076,0.0
K,1217,14.767,93.786,0.0
K,1218,15.998,95.918,0.0
K,1219,14.767,95.207,0.0
K,1220,15.998,97.339,0.0
K,1221,14.767,98.049,0.0
K,1222,15.998,100.181,0.0
K,1223,14.767,99.47,0.0
K,1224,15.998,101.602,0.0
K,1225,14.767,102.312,0.0
K,1226,15.998,104.444,0.0
K,1227,14.767,103.733,0.0
K,1228,15.998,105.865,0.0
K,1229,14.767,106.575,0.0
K,1230,15.998,108.707,0.0
K,1231,14.767,107.996,0.0
K,1232,15.998,110.128,0.0
K,1233,14.767,110.838,0.0
K,1234,15.998,112.97,0.0
K,1235,14.767,112.259,0.0
K,1236,15.998,114.391,0.0
K,1237,14.767,115.101,0.0
K,1239,14.767,116.522,0.0
K,1240,15.998,118.654,0.0
K,1241,14.767,119.364,0.0
K,1242,15.998,121.496,0.0
K,1243,14.767,120.785,0.0
K,1244,15.998,122.917,0.0
K,1245,14.767,123.627,0.0
K,1246,15.998,125.759,0.0
K,1247,14.767,125.048,0.0
K,1248,15.998,127.18,0.0
K,1249,14.767,127.89,0.0
K,1250,15.998,130.022,0.0
K,1251,14.767,129.311,0.0
K,1252,15.998,131.443,0.0
K,1253,14.767,132.153,0.0
K,1254,15.998,134.285,0.0
K,1255,14.767,133.574,0.0
K,1256,15.998,135.706,0.0
K,1257,14.767,136.416,0.0
K,1258,15.998,138.548,0.0
K,1259,14.767,137.837,0.0
K,1260,15.998,139.969,0.0
K,1261,14.767,140.679,0.0
K,1262,15.998,142.811,0.0
K,1263,14.767,142.1,0.0
K,1264,15.998,144.232,0.0
K,1265,14.767,144.942,0.0
K,1266,15.998,147.074,0.0
K,1267,14.767,146.363,0.0
K,1268,15.998,148.495,0.0
K,1269,14.767,149.205,0.0
K,1270,15.998,151.337,0.0
K,1271,14.767,150.626,0.0
K,1272,15.998,152.758,0.0
K,1273,14.767,153.468,0.0
K,1274,15.998,155.6,0.0
K,1275,14.767,154.889,0.0
K,1276,15.998,157.021,0.0
K,1277,14.767,157.731,0.0
K,1278,15.998,159.863,0.0
K,1279,14.767,159.152,0.0
K,1280,15.998,161.284,0.0
K,1281,14.767,161.994,0.0
K,1282,15.998,164.126,0.0
K,1283,14.767,163.415,0.0
K,1285,14.767,166.257,0.0
K,1286,15.998,168.389,0.0
K,1287,14.767,167.678,0.0
K,1288,15.998,169.81,0.0
K,1289,14.767,170.52,0.0
K,1290,15.998,172.652,0.0
K,1291,14.767,171.941,0.0
K,1292,15.998,174.073,0.0
K,1293,14.767,174.783,0.0
K,1294,15.998,176.915,0.0
K,1295,14.767,176.204,0.0
K,1296,15.998,178.336,0.0
K,1297,14.767,179.046,0.0
K,1298,15.998,181.178,0.0
K,1299,14.767,180.467,0.0
K,1300,15.998,182.599,0.0
K,1301,14.767,183.309,0.0
K,1302,15.998,185.441,0.0
K,1303,14.767,184.73,0.0
K,1305,14.767,187.572,0.0
K,1306,15.998,189.704,0.0
K,1308,15.998,191.125,0.0
K,1309,14.767,191.835,0.0
K,1310,15.998,193.967,0.0
K,1311,14.767,193.256,0.0
K,1312,15.998,195.388,0.0
K,1313,14.767,196.098,0.0
K,1314,15.998,198.23,0.0
K,1315,14.767,197.519,0.0
K,1316,15.998,199.651,0.0
K,1317,17.229,0.0,0.0
K,1318,18.459,2.132,0.0
K,1319,17.229,1.421,0.0
K,1320,18.459,3.553,0.0
K,1321,17.229,4.263,0.0
K,1322,18.459,6.395,0.0
K,1323,17.229,5.684,0.0
K,1324,18.459,7.816,0.0
K,1325,17.229,8.526,0.0
K,1326,18.459,10.658,0.0
K,1327,17.229,9.947,0.0
K,1328,18.459,12.079,0.0
K,1329,17.229,12.789,0.0
K,1330,18.459,14.921,0.0
K,1331,17.229,14.21,0.0
K,1332,18.459,16.342,0.0
K,1333,17.229,17.052,0.0
K,1334,18.459,19.184,0.0
K,1335,17.229,18.473,0.0
K,1336,18.459,20.605,0.0
K,1337,17.229,21.315,0.0
K,1338,18.459,23.447,0.0
K,1339,17.229,22.736,0.0
K,1340,18.459,24.868,0.0
K,1341,17.229,25.578,0.0
K,1342,18.459,27.71,0.0
K,1343,17.229,26.999,0.0
K,1344,18.459,29.131,0.0
K,1345,17.229,29.841,0.0
K,1347,17.229,31.262,0.0
K,1348,18.459,33.394,0.0
K,1349,17.229,34.104,0.0
K,1350,18.459,36.236,0.0
K,1351,17.229,35.525,0.0
K,1352,18.459,37.657,0.0
K,1353,17.229,38.367,0.0
K,1354,18.459,40.499,0.0
K,1355,17.229,39.788,0.0
K,1356,18.459,41.92,0.0
K,1357,17.229,42.63,0.0
K,1358,18.459,44.762,0.0
K,1359,17.229,44.051,0.0
K,1360,18.459,46.183,0.0
K,1361,17.229,46.893,0.0
K,1362,18.459,49.025,0.0
K,1363,17.229,48.314,0.0
K,1364,18.459,50.446,0.0
K,1365,17.229,51.156,0.0
K,1366,18.459,53.288,0.0
K,1367,17.229,52.577,0.0
K,1368,18.459,54.709,0.0
K,1369,17.229,55.419,0.0
K,1370,18.459,57.551,0.0
K,1371,17.229,56.84,0.0
K,1372,18.459,58.972,0.0
K,1373,17.229,59.682,0.0
K,1374,18.459,61.814,0.0
K,1375,17.229,61.103,0.0
K,1376,18.459,63.235,0.0
K,1377,17.229,63.945,0.0
K,1378,18.459,66.077,0.0
K,1379,17.229,65.366,0.0
K,1380,18.459,67.498,0.0
K,1381,17.229,68.208,0.0
K,1382,18.459,70.34,0.0
K,1383,17.229,69.629,0.0
K,1384,18.459,71.761,0.0
K,1385,17.229,72.471,0.0
K,1386,18.459,74.603,0.0
K,1387,17.229,73.892,0.0
K,1388,18.459,76.024,0.0
K,1389,17.229,76.734,0.0
K,1390,18.459,78.866,0.0
K,1391,17.229,78.155,0.0
K,1392,18.459,80.287,0.0
K,1393,17.229,80.997,0.0
K,1394,18.459,83.129,0.0
K,1395,17.229,82.418,0.0
K,1396,18.459,84.55,0.0
K,1397,17.229,85.26,0.0
K,1398,18.459,87.392,0.0
K,1399,17.229,86.681,0.0
K,1400,18.459,88.813,0.0
K,1401,17.229,89.523,0.0
K,1402,18.459,91.655,0.0
K,1403,17.229,90.944,0.0
K,1404,18.459,93.076,0.0
K,1405,17.229,93.786,0.0
K,1406,18.459,95.918,0.0
K,1407,17.229,95.207,0.0
K,1408,18.459,97.339,0.0
K,1409,17.229,98.049,0.0
K,1410,18.459,100.181,0.0
K,1411,17.229,99.47,0.0
K,1412,18.459,101.602,0.0
K,1413,17.229,102.312,0.0
K,1414,18.459,104.444,0.0
K,1415,17.229,103.733,0.0
K,1416,18.459,105.865,0.0
K,1417,17.229,106.575,0.0
K,1418,18.459,108.707,0.0
K,1419,17.229,107.996,0.0
K,1420,18.459,110.128,0.0
K,1421,17.229,110.838,0.0
K,1422,18.459,112.97,0.0
K,1423,17.229,112.259,0.0
K,1424,18.459,114.391,0.0
K,1425,17.229,115.101,0.0
K,1426,18.459,117.233,0.0
K,1427,17.229,116.522,0.0
K,1428,18.459,118.654,0.0
K,1429,17.229,119.364,0.0
K,1430,18.459,121.496,0.0
K,1431,17.229,120.785,0.0
K,1433,17.229,123.627,0.0
K,1434,18.459,125.759,0.0
K,1435,17.229,125.048,0.0
K,1436,18.459,127.18,0.0
K,1437,17.229,127.89,0.0
K,1438,18.459,130.022,0.0
K,1439,17.229,129.311,0.0
K,1440,18.459,131.443,0.0
K,1441,17.229,132.153,0.0
K,1442,18.459,134.285,0.0
K,1443,17.229,133.574,0.0
K,1444,18.459,135.706,0.0
K,1445,17.229,136.416,0.0
K,1446,18.459,138.548,0.0
K,1447,17.229,137.837,0.0
K,1448,18.459,139.969,0.0
K,1449,17.229,140.679,0.0
K,1450,18.459,142.811,0.0
K,1451,17.229,142.1,0.0
K,1452,18.459,144.232,0.0
K,1453,17.229,144.942,0.0
K,1454,18.459,147.074,0.0
K,1455,17.229,146.363,0.0
K,1456,18.459,148.495,0.0
K,1457,17.229,149.205,0.0
K,1458,18.459,151.337,0.0
K,1459,17.229,150.626,0.0
K,1460,18.459,152.758,0.0
K,1461,17.229,153.468,0.0
K,1462,18.459,155.6,0.0
K,1463,17.229,154.889,0.0
K,1464,18.459,157.021,0.0
K,1465,17.229,157.731,0.0
K,1466,18.459,159.863,0.0
K,1467,17.229,159.152,0.0
K,1468,18.459,161.284,0.0
K,1469,17.229,161.994,0.0
K,1470,18.459,164.126,0.0
K,1471,17.229,163.415,0.0
K,1472,18.459,165.547,0.0
K,1473,17.229,166.257,0.0
K,1476,18.459,169.81,0.0
K,1477,17.229,170.52,0.0
K,1479,17.229,171.941,0.0
K,1480,18.459,174.073,0.0
K,1481,17.229,174.783,0.0
K,1482,18.459,176.915,0.0
K,1483,17.229,176.204,0.0
K,1484,18.459,178.336,0.0
K,1485,17.229,179.046,0.0
K,1486,18.459,181.178,0.0
K,1487,17.229,180.467,0.0
K,1488,18.459,182.599,0.0
K,1489,17.229,183.309,0.0
K,1490,18.459,185.441,0.0
K,1491,17.229,184.73,0.0
K,1492,18.459,186.862,0.0
K,1493,17.229,187.572,0.0
K,1494,18.459,189.704,0.0
K,1495,17.229,188.993,0.0
K,1496,18.459,191.125,0.0
K,1497,17.229,191.835,0.0
K,1498,18.459,193.967,0.0
K,1499,17.229,193.256,0.0
K,1500,18.459,195.388,0.0
K,1501,17.229,196.098,0.0
K,1502,18.459,198.23,0.0
K,1503,17.229,197.519,0.0
K,1504,18.459,199.651,0.0
K,1505,19.69,0.0,0.0
K,1506,20.921,2.132,0.0
K,1507,19.69,1.421,0.0
K,1508,20.921,3.553,0.0
K,1509,19.69,4.263,0.0
K,1510,20.921,6.395,0.0
K,1511,19.69,5.684,0.0
K,1512,20.921,7.816,0.0
K,1513,19.69,8.526,0.0
K,1514,20.921,10.658,0.0
K,1515,19.69,9.947,0.0
K,1516,20.921,12.079,0.0
K,1517,19.69,12.789,0.0
K,1518,20.921,14.921,0.0
K,1520,20.921,16.342,0.0
K,1521,19.69,17.052,0.0
K,1522,20.921,19.184,0.0
K,1523,19.69,18.473,0.0
K,1524,20.921,20.605,0.0
K,1525,19.69,21.315,0.0
K,1526,20.921,23.447,0.0
K,1527,19.69,22.736,0.0
K,1528,20.921,24.868,0.0
K,1529,19.69,25.578,0.0
K,1530,20.921,27.71,0.0
K,1531,19.69,26.999,0.0
K,1532,20.921,29.131,0.0
K,1533,19.69,29.841,0.0
K,1535,19.69,31.262,0.0
K,1537,19.69,34.104,0.0
K,1538,20.921,36.236,0.0
K,1539,19.69,35.525,0.0
K,1540,20.921,37.657,0.0
K,1541,19.69,38.367,0.0
K,1542,20.921,40.499,0.0
K,1543,19.69,39.788,0.0
K,1544,20.921,41.92,0.0
K,1545,19.69,42.63,0.0
K,1546,20.921,44.762,0.0
K,1547,19.69,44.051,0.0
K,1548,20.921,46.183,0.0
K,1549,19.69,46.893,0.0
K,1550,20.921,49.025,0.0
K,1551,19.69,48.314,0.0
K,1552,20.921,50.446,0.0
K,1553,19.69,51.156,0.0
K,1554,20.921,53.288,0.0
K,1555,19.69,52.577,0.0
K,1556,20.921,54.709,0.0
K,1557,19.69,55.419,0.0
K,1558,20.921,57.551,0.0
K,1559,19.69,56.84,0.0
K,1560,20.921,58.972,0.0
K,1561,19.69,59.682,0.0
K,1562,20.921,61.814,0.0
K,1563,19.69,61.103,0.0
K,1564,20.921,63.235,0.0
K,1565,19.69,63.945,0.0
K,1566,20.921,66.077,0.0
K,1567,19.69,65.366,0.0
K,1568,20.921,67.498,0.0
K,1569,19.69,68.208,0.0
K,1570,20.921,70.34,0.0
K,1571,19.69,69.629,0.0
K,1572,20.921,71.761,0.0
K,1573,19.69,72.471,0.0
K,1574,20.921,74.603,0.0
K,1575,19.69,73.892,0.0
K,1576,20.921,76.024,0.0
K,1577,19.69,76.734,0.0
K,1578,20.921,78.866,0.0
K,1579,19.69,78.155,0.0
K,1580,20.921,80.287,0.0
K,1581,19.69,80.997,0.0
K,1582,20.921,83.129,0.0
K,1583,19.69,82.418,0.0
K,1584,20.921,84.55,0.0
K,1585,19.69,85.26,0.0
K,1586,20.921,87.392,0.0
K,1587,19.69,86.681,0.0
K,1588,20.921,88.813,0.0
K,1589,19.69,89.523,0.0
K,1591,19.69,90.944,0.0
K,1592,20.921,93.076,0.0
K,1593,19.69,93.786,0.0
K,1594,20.921,95.918,0.0
K,1595,19.69,95.207,0.0
K,1596,20.921,97.339,0.0
K,1597,19.69,98.049,0.0
K,1598,20.921,100.181,0.0
K,1599,19.69,99.47,0.0
K,1600,20.921,101.602,0.0
K,1601,19.69,102.312,0.0
K,1602,20.921,104.444,0.0
K,1603,19.69,103.733,0.0
K,1604,20.921,105.865,0.0
K,1605,19.69,106.575,0.0
K,1606,20.921,108.707,0.0
K,1607,19.69,107.996,0.0
K,1608,20.921,110.128,0.0
K,1609,19.69,110.838,0.0
K,1610,20.921,112.97,0.0
K,1611,19.69,112.259,0.0
K,1612,20.921,114.391,0.0
K,1613,19.69,115.101,0.0
K,1614,20.921,117.233,0.0
K,1615,19.69,116.522,0.0
K,1616,20.921,118.654,0.0
K,1617,19.69,119.364,0.0
K,1618,20.921,121.496,0.0
K,1619,19.69,120.785,0.0
K,1620,20.921,122.917,0.0
K,1621,19.69,123.627,0.0
K,1622,20.921,125.759,0.0
K,1623,19.69,125.048,0.0
K,1624,20.921,127.18,0.0
K,1625,19.69,127.89,0.0
K,1626,20.921,130.022,0.0
K,1627,19.69,129.311,0.0
K,1628,20.921,131.443,0.0
K,1629,19.69,132.153,0.0
K,1630,20.921,134.285,0.0
K,1631,19.69,133.574,0.0
K,1632,20.921,135.706,0.0
K,1633,19.69,136.416,0.0
K,1634,20.921,138.548,0.0
K,1635,19.69,137.837,0.0
K,1636,20.921,139.969,0.0
K,1637,19.69,140.679,0.0
K,1638,20.921,142.811,0.0
K,1639,19.69,142.1,0.0
K,1640,20.921,144.232,0.0
K,1641,19.69,144.942,0.0
K,1642,20.921,147.074,0.0
K,1643,19.69,146.363,0.0
K,1644,20.921,148.495,0.0
K,1645,19.69,149.205,0.0
K,1646,20.921,151.337,0.0
K,1647,19.69,150.626,0.0
K,1648,20.921,152.758,0.0
K,1649,19.69,153.468,0.0
K,1650,20.921,155.6,0.0
K,1651,19.69,154.889,0.0
K,1652,20.921,157.021,0.0
K,1654,20.921,159.863,0.0
K,1655,19.69,159.152,0.0
K,1656,20.921,161.284,0.0
K,1657,19.69,161.994,0.0
K,1658,20.921,164.126,0.0
K,1659,19.69,163.415,0.0
K,1660,20.921,165.547,0.0
K,1661,19.69,166.257,0.0
K,1662,20.921,168.389,0.0
K,1663,19.69,167.678,0.0
K,1664,20.921,169.81,0.0
K,1665,19.69,170.52,0.0
K,1666,20.921,172.652,0.0
K,1667,19.69,171.941,0.0
K,1668,20.921,174.073,0.0
K,1670,20.921,176.915,0.0
K,1671,19.69,176.204,0.0
K,1672,20.921,178.336,0.0
K,1673,19.69,179.046,0.0
K,1674,20.921,181.178,0.0
K,1675,19.69,180.467,0.0
K,1676,20.921,182.599,0.0
K,1677,19.69,183.309,0.0
K,1678,20.921,185.441,0.0
K,1679,19.69,184.73,0.0
K,1680,20.921,186.862,0.0
K,1681,19.69,187.572,0.0
K,1682,20.921,189.704,0.0
K,1683,19.69,188.993,0.0
K,1684,20.921,191.125,0.0
K,1686,20.921,193.967,0.0
K,1687,19.69,193.256,0.0
K,1688,20.921,195.388,0.0
K,1689,19.69,196.098,0.0
K,1690,20.921,198.23,0.0
K,1691,19.69,197.519,0.0
K,1692,20.921,199.651,0.0
K,1693,22.151,0.0,0.0
K,1694,23.382,2.132,0.0
K,1695,22.151,1.421,0.0
K,1696,23.382,3.553,0.0
K,1697,22.151,4.263,0.0
K,1698,23.382,6.395,0.0
K,1699,22.151,5.684,0.0
K,1700,23.382,7.816,0.0
K,1701,22.151,8.526,0.0
K,1702,23.382,10.658,0.0
K,1703,22.151,9.947,0.0
K,1704,23.382,12.079,0.0
K,1705,22.151,12.789,0.0
K,1706,23.382,14.921,0.0
K,1707,22.151,14.21,0.0
K,1708,23.382,16.342,0.0
K,1709,22.151,17.052,0.0
K,1710,23.382,19.184,0.0
K,1711,22.151,18.473,0.0
K,1712,23.382,20.605,0.0
K,1713,22.151,21.315,0.0
K,1714,23.382,23.447,0.0
K,1715,22.151,22.736,0.0
K,1716,23.382,24.868,0.0
K,1717,22.151,25.578,0.0
K,1718,23.382,27.71,0.0
K,1719,22.151,26.999,0.0
K,1720,23.382,29.131,0.0
K,1721,22.151,29.841,0.0
K,1722,23.382,31.973,0.0
K,1723,22.151,31.262,0.0
K,1724,23.382,33.394,0.0
K,1725,22.151,34.104,0.0
K,1726,23.382,36.236,0.0
K,1727,22.151,35.525,0.0
K,1728,23.382,37.657,0.0
K,1729,22.151,38.367,0.0
K,1730,23.382,40.499,0.0
K,1731,22.151,39.788,0.0
K,1733,22.151,42.63,0.0
K,1734,23.382,44.762,0.0
K,1735,22.151,44.051,0.0
K,1736,23.382,46.183,0.0
K,1737,22.151,46.893,0.0
K,1738,23.382,49.025,0.0
K,1739,22.151,48.314,0.0
K,1740,23.382,50.446,0.0
K,1741,22.151,51.156,0.0
K,1742,23.382,53.288,0.0
K,1743,22.151,52.577,0.0
K,1744,23.382,54.709,0.0
K,1745,22.151,55.419,0.0
K,1746,23.382,57.551,0.0
K,1747,22.151,56.84,0.0
K,1748,23.382,58.972,0.0
K,1749,22.151,59.682,0.0
K,1750,23.382,61.814,0.0
K,1751,22.151,61.103,0.0
K,1752,23.382,63.235,0.0
K,1753,22.151,63.945,0.0
K,1754,23.382,66.077,0.0
K,1755,22.151,65.366,0.0
K,1756,23.382,67.498,0.0
K,1757,22.151,68.208,0.0
K,1758,23.382,70.34,0.0
K,1759,22.151,69.629,0.0
K,1760,23.382,71.761,0.0
K,1761,22.151,72.471,0.0
K,1762,23.382,74.603,0.0
K,1763,22.151,73.892,0.0
K,1764,23.382,76.024,0.0
K,1765,22.151,76.734,0.0
K,1766,23.382,78.866,0.0
K,1767,22.151,78.155,0.0
K,1768,23.382,80.287,0.0
K,1769,22.151,80.997,0.0
K,1770,23.382,83.129,0.0
K,1771,22.151,82.418,0.0
K,1772,23.382,84.55,0.0
K,1773,22.151,85.26,0.0
K,1774,23.382,87.392,0.0
K,1775,22.151,86.681,0.0
K,1776,23.382,88.813,0.0
K,1777,22.151,89.523,0.0
K,1778,23.382,91.655,0.0
K,1779,22.151,90.944,0.0
K,1781,22.151,93.786,0.0
K,1782,23.382,95.918,0.0
K,1783,22.151,95.207,0.0
K,1784,23.382,97.339,0.0
K,1785,22.151,98.049,0.0
K,1786,23.382,100.181,0.0
K,1788,23.382,101.602,0.0
K,1789,22.151,102.312,0.0
K,1790,23.382,104.444,0.0
K,1791,22.151,103.733,0.0
K,1792,23.382,105.865,0.0
K,1793,22.151,106.575,0.0
K,1794,23.382,108.707,0.0
K,1795,22.151,107.996,0.0
K,1796,23.382,110.128,0.0
K,1797,22.151,110.838,0.0
K,1798,23.382,112.97,0.0
K,1799,22.151,112.259,0.0
K,1800,23.382,114.391,0.0
K,1801,22.151,115.101,0.0
K,1802,23.382,117.233,0.0
K,1803,22.151,116.522,0.0
K,1804,23.382,118.654,0.0
K,1805,22.151,119.364,0.0
K,1806,23.382,121.496,0.0
K,1807,22.151,120.785,0.0
K,1808,23.382,122.917,0.0
K,1809,22.151,123.627,0.0
K,1810,23.382,125.759,0.0
K,1811,22.151,125.048,0.0
K,1812,23.382,127.18,0.0
K,1813,22.151,127.89,0.0
K,1814,23.382,130.022,0.0
K,1816,23.382,131.443,0.0
K,1817,22.151,132.153,0.0
K,1818,23.382,134.285,0.0
K,1819,22.151,133.574,0.0
K,1820,23.382,135.706,0.0
K,1821,22.151,136.416,0.0
K,1822,23.382,138.548,0.0
K,1823,22.151,137.837,0.0
K,1824,23.382,139.969,0.0
K,1825,22.151,140.679,0.0
K,1826,23.382,142.811,0.0
K,1827,22.151,142.1,0.0
K,1828,23.382,144.232,0.0
K,1829,22.151,144.942,0.0
K,1830,23.382,147.074,0.0
K,1831,22.151,146.363,0.0
K,1832,23.382,148.495,0.0
K,1833,22.151,149.205,0.0
K,1834,23.382,151.337,0.0
K,1835,22.151,150.626,0.0
K,1836,23.382,152.758,0.0
K,1837,22.151,153.468,0.0
K,1838,23.382,155.6,0.0
K,1839,22.151,154.889,0.0
K,1840,23.382,157.021,0.0
K,1841,22.151,157.731,0.0
K,1842,23.382,159.863,0.0
K,1843,22.151,159.152,0.0
K,1844,23.382,161.284,0.0
K,1845,22.151,161.994,0.0
K,1846,23.382,164.126,0.0
K,1847,22.151,163.415,0.0
K,1848,23.382,165.547,0.0
K,1849,22.151,166.257,0.0
K,1850,23.382,168.389,0.0
K,1851,22.151,167.678,0.0
K,1852,23.382,169.81,0.0
K,1853,22.151,170.52,0.0
K,1854,23.382,172.652,0.0
K,1855,22.151,171.941,0.0
K,1856,23.382,174.073,0.0
K,1857,22.151,174.783,0.0
K,1858,23.382,176.915,0.0
K,1859,22.151,176.204,0.0
K,1860,23.382,178.336,0.0
K,1861,22.151,179.046,0.0
K,1862,23.382,181.178,0.0
K,1863,22.151,180.467,0.0
K,1864,23.382,182.599,0.0
K,1865,22.151,183.309,0.0
K,1866,23.382,185.441,0.0
K,1867,22.151,184.73,0.0
K,1868,23.382,186.862,0.0
K,1869,22.151,187.572,0.0
K,1870,23.382,189.704,0.0
K,1871,22.151,188.993,0.0
K,1872,23.382,191.125,0.0
K,1873,22.151,191.835,0.0
K,1874,23.382,193.967,0.0
K,1875,22.151,193.256,0.0
K,1876,23.382,195.388,0.0
K,1877,22.151,196.098,0.0
K,1878,23.382,198.23,0.0
K,1879,22.151,197.519,0.0
K,1880,23.382,199.651,0.0
K,1881,24.612,0.0,0.0
K,1882,25.843,2.132,0.0
K,1883,24.612,1.421,0.0
K,1884,25.843,3.553,0.0
K,1885,24.612,4.263,0.0
K,1886,25.843,6.395,0.0
K,1887,24.612,5.684,0.0
K,1888,25.843,7.816,0.0
K,1889,24.612,8.526,0.0
K,1890,25.843,10.658,0.0
K,1891,24.612,9.947,0.0
K,1892,25.843,12.079,0.0
K,1893,24.612,12.789,0.0
K,1895,24.612,14.21,0.0
K,1896,25.843,16.342,0.0
K,1897,24.612,17.052,0.0
K,1898,25.843,19.184,0.0
K,1899,24.612,18.473,0.0
K,1900,25.843,20.605,0.0
K,1901,24.612,21.315,0.0
K,1902,25.843,23.447,0.0
K,1903,24.612,22.736,0.0
K,1904,25.843,24.868,0.0
K,1905,24.612,25.578,0.0
K,1906,25.843,27.71,0.0
K,1907,24.612,26.999,0.0
K,1908,25.843,29.131,0.0
K,1909,24.612,29.841,0.0
K,1910,25.843,31.973,0.0
K,1911,24.612,31.262,0.0
K,1912,25.843,33.394,0.0
K,1913,24.612,34.104,0.0
K,1914,25.843,36.236,0.0
K,1915,24.612,35.525,0.0
K,1917,24.612,38.367,0.0
K,1918,25.843,40.499,0.0
K,1919,24.612,39.788,0.0
K,1920,25.843,41.92,0.0
K,1921,24.612,42.63,0.0
K,1922,25.843,44.762,0.0
K,1923,24.612,44.051,0.0
K,1924,25.843,46.183,0.0
K,1925,24.612,46.893,0.0
K,1926,25.843,49.025,0.0
K,1927,24.612,48.314,0.0
K,1928,25.843,50.446,0.0
K,1929,24.612,51.156,0.0
K,1930,25.843,53.288,0.0
K,1931,24.612,52.577,0.0
K,1932,25.843,54.709,0.0
K,1933,24.612,55.419,0.0
K,1934,25.843,57.551,0.0
K,1935,24.612,56.84,0.0
K,1936,25.843,58.972,0.0
K,1937,24.612,59.682,0.0
K,1938,25.843,61.814,0.0
K,1939,24.612,61.103,0.0
K,1940,25.843,63.235,0.0
K,1941,24.612,63.945,0.0
K,1942,25.843,66.077,0.0
K,1943,24.612,65.366,0.0
K,1944,25.843,67.498,0.0
K,1945,24.612,68.208,0.0
K,1946,25.843,70.34,0.0
K,1947,24.612,69.629,0.0
K,1948,25.843,71.761,0.0
K,1949,24.612,72.471,0.0
K,1950,25.843,74.603,0.0
K,1951,24.612,73.892,0.0
K,1952,25.843,76.024,0.0
K,1953,24.612,76.734,0.0
K,1954,25.843,78.866,0.0
K,1955,24.612,78.155,0.0
K,1956,25.843,80.287,0.0
K,1957,24.612,80.997,0.0
K,1958,25.843,83.129,0.0
K,1959,24.612,82.418,0.0
K,1960,25.843,84.55,0.0
K,1961,24.612,85.26,0.0
K,1962,25.843,87.392,0.0
K,1963,24.612,86.681,0.0
K,1964,25.843,88.813,0.0
K,1965,24.612,89.523,0.0
K,1966,25.843,91.655,0.0
K,1967,24.612,90.944,0.0
K,1968,25.843,93.076,0.0
K,1969,24.612,93.786,0.0
K,1970,25.843,95.918,0.0
K,1971,24.612,95.207,0.0
K,1972,25.843,97.339,0.0
K,1973,24.612,98.049,0.0
K,1974,25.843,100.181,0.0
K,1975,24.612,99.47,0.0
K,1976,25.843,101.602,0.0
K,1977,24.612,102.312,0.0
K,1978,25.843,104.444,0.0
K,1979,24.612,103.733,0.0
K,1980,25.843,105.865,0.0
K,1981,24.612,106.575,0.0
K,1983,24.612,107.996,0.0
K,1985,24.612,110.838,0.0
K,1986,25.843,112.97,0.0
K,1987,24.612,112.259,0.0
K,1988,25.843,114.391,0.0
K,1989,24.612,115.101,0.0
K,1990,25.843,117.233,0.0
K,1991,24.612,116.522,0.0
K,1992,25.843,118.654,0.0
K,1993,24.612,119.364,0.0
K,1994,25.843,121.496,0.0
K,1995,24.612,120.785,0.0
K,1996,25.843,122.917,0.0
K,1997,24.612,123.627,0.0
K,1998,25.843,125.759,0.0
K,1999,24.612,125.048,0.0
K,2000,25.843,127.18,0.0
K,2001,24.612,127.89,0.0
K,2002,25.843,130.022,0.0
K,2003,24.612,129.311,0.0
K,2005,24.612,132.153,0.0
K,2006,25.843,134.285,0.0
K,2007,24.612,133.574,0.0
K,2008,25.843,135.706,0.0
K,2009,24.612,136.416,0.0
K,2010,25.843,138.548,0.0
K,2011,24.612,137.837,0.0
K,2012,25.843,139.969,0.0
K,2013,24.612,140.679,0.0
K,2014,25.843,142.811,0.0
K,2015,24.612,142.1,0.0
K,2016,25.843,144.232,0.0
K,2017,24.612,144.942,0.0
K,2018,25.843,147.074,0.0
K,2019,24.612,146.363,0.0
K,2020,25.843,148.495,0.0
K,2021,24.612,149.205,0.0
K,2022,25.843,151.337,0.0
K,2023,24.612,150.626,0.0
K,2024,25.843,152.758,0.0
K,2025,24.612,153.468,0.0
K,2026,25.843,155.6,0.0
K,2027,24.612,154.889,0.0
K,2028,25.843,157.021,0.0
K,2029,24.612,157.731,0.0
K,2030,25.843,159.863,0.0
K,2031,24.612,159.152,0.0
K,2032,25.843,161.284,0.0
K,2033,24.612,161.994,0.0
K,2034,25.843,164.126,0.0
K,2035,24.612,163.415,0.0
K,2036,25.843,165.547,0.0
K,2037,24.612,166.257,0.0
K,2038,25.843,168.389,0.0
K,2039,24.612,167.678,0.0
K,2040,25.843,169.81,0.0
K,2041,24.612,170.52,0.0
K,2042,25.843,172.652,0.0
K,2043,24.612,171.941,0.0
K,2044,25.843,174.073,0.0
K,2045,24.612,174.783,0.0
K,2046,25.843,176.915,0.0
K,2047,24.612,176.204,0.0
K,2048,25.843,178.336,0.0
K,2049,24.612,179.046,0.0
K,2050,25.843,181.178,0.0
K,2051,24.612,180.467,0.0
K,2052,25.843,182.599,0.0
K,2053,24.612,183.309,0.0
K,2054,25.843,185.441,0.0
K,2055,24.612,184.73,0.0
K,2056,25.843,186.862,0.0
K,2057,24.612,187.572,0.0
K,2058,25.843,189.704,0.0
K,2059,24.612,188.993,0.0
K,2060,25.843,191.125,0.0
K,2061,24.612,191.835,0.0
K,2062,25.843,193.967,0.0
K,2063,24.612,193.256,0.0
K,2064,25.843,195.388,0.0
K,2065,24.612,196.098,0.0
K,2066,25.843,198.23,0.0
K,2067,24.612,197.519,0.0
K,2068,25.843,199.651,0.0
K,2069,27.074,0.0,0.0
K,2070,28.304,2.132,0.0
K,2071,27.074,1.421,0.0
K,2072,28.304,3.553,0.0
K,2073,27.074,4.263,0.0
K,2074,28.304,6.395,0.0
K,2075,27.074,5.684,0.0
K,2076,28.304,7.816,0.0
K,2077,27.074,8.526,0.0
K,2078,28.304,10.658,0.0
K,2079,27.074,9.947,0.0
K,2080,28.304,12.079,0.0
K,2082,28.304,14.921,0.0
K,2083,27.074,14.21,0.0
K,2084,28.304,16.342,0.0
K,2085,27.074,17.052,0.0
K,2086,28.304,19.184,0.0
K,2087,27.074,18.473,0.0
K,2088,28.304,20.605,0.0
K,2089,27.074,21.315,0.0
K,2090,28.304,23.447,0.0
K,2091,27.074,22.736,0.0
K,2092,28.304,24.868,0.0
K,2093,27.074,25.578,0.0
K,2094,28.304,27.71,0.0
K,2095,27.074,26.999,0.0
K,2096,28.304,29.131,0.0
K,2097,27.074,29.841,0.0
K,2098,28.304,31.973,0.0
K,2099,27.074,31.262,0.0
K,2100,28.304,33.394,0.0
K,2101,27.074,34.104,0.0
K,2102,28.304,36.236,0.0
K,2103,27.074,35.525,0.0
K,2104,28.304,37.657,0.0
K,2105,27.074,38.367,0.0
K,2106,28.304,40.499,0.0
K,2107,27.074,39.788,0.0
K,2108,28.304,41.92,0.0
K,2109,27.074,42.63,0.0
K,2110,28.304,44.762,0.0
K,2111,27.074,44.051,0.0
K,2112,28.304,46.183,0.0
K,2113,27.074,46.893,0.0
K,2114,28.304,49.025,0.0
K,2115,27.074,48.314,0.0
K,2116,28.304,50.446,0.0
K,2117,27.074,51.156,0.0
K,2118,28.304,53.288,0.0
K,2119,27.074,52.577,0.0
K,2120,28.304,54.709,0.0
K,2121,27.074,55.419,0.0
K,2122,28.304,57.551,0.0
K,2123,27.074,56.84,0.0
K,2124,28.304,58.972,0.0
K,2125,27.074,59.682,0.0
K,2126,28.304,61.814,0.0
K,2127,27.074,61.103,0.0
K,2128,28.304,63.235,0.0
K,2129,27.074,63.945,0.0
K,2130,28.304,66.077,0.0
K,2131,27.074,65.366,0.0
K,2132,28.304,67.498,0.0
K,2133,27.074,68.208,0.0
K,2134,28.304,70.34,0.0
K,2135,27.074,69.629,0.0
K,2136,28.304,71.761,0.0
K,2137,27.074,72.471,0.0
K,2138,28.304,74.603,0.0
K,2139,27.074,73.892,0.0
K,2140,28.304,76.024,0.0
K,2141,27.074,76.734,0.0
K,2142,28.304,78.866,0.0
K,2143,27.074,78.155,0.0
K,2144,28.304,80.287,0.0
K,2145,27.074,80.997,0.0
K,2146,28.304,83.129,0.0
K,2147,27.074,82.418,0.0
K,2148,28.304,84.55,0.0
K,2149,27.074,85.26,0.0
K,2150,28.304,87.392,0.0
K,2151,27.074,86.681,0.0
K,2152,28.304,88.813,0.0
K,2153,27.074,89.523,0.0
K,2155,27.074,90.944,0.0
K,2156,28.304,93.076,0.0
K,2157,27.074,93.786,0.0
K,2158,28.304,95.918,0.0
K,2159,27.074,95.207,0.0
K,2160,28.304,97.339,0.0
K,2161,27.074,98.049,0.0
K,2162,28.304,100.181,0.0
K,2163,27.074,99.47,0.0
K,2164,28.304,101.602,0.0
K,2165,27.074,102.312,0.0
K,2166,28.304,104.444,0.0
K,2167,27.074,103.733,0.0
K,2168,28.304,105.865,0.0
K,2169,27.074,106.575,0.0
K,2170,28.304,108.707,0.0
K,2171,27.074,107.996,0.0
K,2172,28.304,110.128,0.0
K,2173,27.074,110.838,0.0
K,2174,28.304,112.97,0.0
K,2175,27.074,112.259,0.0
K,2176,28.304,114.391,0.0
K,2177,27.074,115.101,0.0
K,2178,28.304,117.233,0.0
K,2179,27.074,116.522,0.0
K,2180,28.304,118.654,0.0
K,2181,27.074,119.364,0.0
K,2182,28.304,121.496,0.0
K,2183,27.074,120.785,0.0
K,2184,28.304,122.917,0.0
K,2185,27.074,123.627,0.0
K,2186,28.304,125.759,0.0
K,2187,27.074,125.048,0.0
K,2188,28.304,127.18,0.0
K,2189,27.074,127.89,0.0
K,2190,28.304,130.022,0.0
K,2192,28.304,131.443,0.0
K,2193,27.074,132.153,0.0
K,2194,28.304,134.285,0.0
K,2195,27.074,133.574,0.0
K,2196,28.304,135.706,0.0
K,2197,27.074,136.416,0.0
K,2198,28.304,138.548,0.0
K,2199,27.074,137.837,0.0
K,2200,28.304,139.969,0.0
K,2201,27.074,140.679,0.0
K,2202,28.304,142.811,0.0
K,2203,27.074,142.1,0.0
K,2204,28.304,144.232,0.0
K,2205,27.074,144.942,0.0
K,2206,28.304,147.074,0.0
K,2207,27.074,146.363,0.0
K,2208,28.304,148.495,0.0
K,2209,27.074,149.205,0.0
K,2210,28.304,151.337,0.0
K,2211,27.074,150.626,0.0
K,2212,28.304,152.758,0.0
K,2213,27.074,153.468,0.0
K,2214,28.304,155.6,0.0
K,2215,27.074,154.889,0.0
K,2216,28.304,157.021,0.0
K,2217,27.074,157.731,0.0
K,2218,28.304,159.863,0.0
K,2219,27.074,159.152,0.0
K,2220,28.304,161.284,0.0
K,2221,27.074,161.994,0.0
K,2222,28.304,164.126,0.0
K,2223,27.074,163.415,0.0
K,2224,28.304,165.547,0.0
K,2225,27.074,166.257,0.0
K,2226,28.304,168.389,0.0
K,2227,27.074,167.678,0.0
K,2228,28.304,169.81,0.0
K,2229,27.074,170.52,0.0
K,2230,28.304,172.652,0.0
K,2231,27.074,171.941,0.0
K,2232,28.304,174.073,0.0
K,2233,27.074,174.783,0.0
K,2234,28.304,176.915,0.0
K,2235,27.074,176.204,0.0
K,2237,27.074,179.046,0.0
K,2238,28.304,181.178,0.0
K,2239,27.074,180.467,0.0
K,2240,28.304,182.599,0.0
K,2241,27.074,183.309,0.0
K,2242,28.304,185.441,0.0
K,2243,27.074,184.73,0.0
K,2244,28.304,186.862,0.0
K,2245,27.074,187.572,0.0
K,2247,27.074,188.993,0.0
K,2248,28.304,191.125,0.0
K,2249,27.074,191.835,0.0
K,2250,28.304,193.967,0.0
K,2251,27.074,193.256,0.0
K,2252,28.304,195.388,0.0
K,2253,27.074,196.098,0.0
K,2254,28.304,198.23,0.0
K,2255,27.074,197.519,0.0
K,2256,28.304,199.651,0.0
L,1,3
L,2,3
L,2,4
L,3,1
L,3,2
L,4,2
L,6,7
L,6,8
L,7,6
L,8,6
L,8,9
L,9,8
L,9,11
L,10,11
L,10,12
L,11,9
L,11,10
L,12,10
L,12,13
L,13,12
L,13,15
L,14,15
L,14,16
L,15,13
L,15,14
L,16,14
L,16,17
L,17,16
L,17,19
L,18,19
L,18,20
L,19,17
L,19,18
L,20,18
L,22,23
L,22,24
L,23,22
L,24,22
L,24,25
L,25,24
L,25,27
L,26,27
L,26,28
L,27,25
L,27,26
L,28,26
L,28,29
L,29,28
L,29,31
L,30,31
L,30,32
L,31,29
L,31,30
L,32,30
L,32,33
L,33,32
L,33,35
L,34,35
L,34,36
L,35,33
L,35,34
L,36,34
L,36,37
L,37,36
L,37,39
L,38,39
L,38,40
L,39,37
L,39,38
L,40,38
L,40,41
L,41,40
L,41,43
L,42,43
L,42,44
L,43,41
L,43,42
L,44,42
L,44,45
L,45,44
L,45,47
L,46,47
L,46,48
L,47,45
L,47,46
L,48,46
L,48,49
L,49,48
L,49,51
L,50,51
L,50,52
L,51,49
L,51,50
L,52,50
L,52,53
L,53,52
L,53,55
L,54,55
L,54,56
L,55,53
L,55,54
L,56,54
L,56,57
L,57,56
L,57,59
L,58,59
L,58,60
L,59,57
L,59,58
L,60,58
L,60,61
L,61,60
L,61,63
L,63,61
L,64,65
L,65,64
L,65,67
L,66,67
L,66,68
L,67,65
L,67,66
L,68,66
L,68,69
L,69,68
L,69,71
L,70,71
L,70,72
L,71,69
L,71,70
L,72,70
L,72,73
L,73,72
L,73,75
L,74,75
L,74,76
L,75,73
L,75,74
L,76,74
L,76,77
L,77,76
L,77,79
L,78,79
L,78,80
L,79,77
L,79,78
L,80,78
L,80,81
L,81,80
L,81,83
L,82,83
L,82,84
L,83,81
L,83,82
L,84,82
L,84,85
L,85,84
L,85,87
L,86,87
L,86,88
L,87,85
L,87,86
L,88,86
L,88,89
L,89,88
L,89,91
L,90,91
L,90,92
L,91,89
L,91,90
L,92,90
L,92,93
L,93,92
L,93,95
L,94,95
L,94,96
L,95,93
L,95,94
L,96,94
L,96,97
L,97,96
L,97,99
L,98,99
L,98,100
L,99,97
L,99,98
L,100,98
L,100,101
L,101,100
L,101,103
L,102,103
L,102,104
L,103,101
L,103,102
L,104,102
L,104,105
L,105,104
L,105,107
L,106,107
L,106,108
L,107,105
L,107,106
L,108,106
L,108,109
L,109,108
L,109,111
L,110,111
L,111,109
L,111,110
L,113,115
L,114,115
L,114,116
L,115,113
L,115,114
L,116,114
L,116,117
L,117,116
L,117,119
L,118,119
L,118,120
L,119,117
L,119,118
L,120,118
L,120,121
L,121,120
L,121,123
L,122,123
L,122,124
L,123,121
L,123,122
L,124,122
L,124,125
L,125,124
L,125,127
L,126,127
L,126,128
L,127,125
L,127,126
L,128,126
L,128,129
L,129,128
L,129,131
L,130,131
L,130,132
L,131,129
L,131,130
L,132,130
L,132,133
L,133,132
L,133,135
L,134,135
L,134,136
L,135,133
L,135,134
L,136,134
L,136,137
L,137,136
L,137,139
L,138,139
L,138,140
L,139,137
L,139,138
L,140,138
L,140,141
L,141,140
L,141,143
L,142,143
L,142,144
L,143,141
L,143,142
L,144,142
L,144,145
L,145,144
L,145,147
L,146,147
L,146,148
L,147,145
L,147,146
L,148,146
L,148,149
L,149,148
L,149,151
L,150,151
L,150,152
L,151,149
L,151,150
L,152,150
L,152,153
L,153,152
L,153,155
L,154,155
L,154,156
L,155,153
L,155,154
L,156,154
L,156,157
L,157,156
L,157,159
L,158,159
L,158,160
L,159,157
L,159,158
L,160,158
L,160,161
L,161,160
L,161,163
L,162,163
L,163,161
L,163,162
L,165,167
L,166,167
L,167,165
L,167,166
L,169,171
L,170,171
L,170,172
L,171,169
L,171,170
L,172,170
L,172,173
L,173,172
L,173,175
L,174,175
L,174,176
L,175,173
L,175,174
L,176,174
L,176,177
L,177,176
L,177,179
L,178,179
L,178,180
L,179,177
L,179,178
L,180,178
L,180,181
L,181,180
L,181,183
L,182,183
L,182,184
L,183,181
L,183,182
L,184,182
L,184,185
L,185,184
L,185,187
L,186,187
L,186,188
L,187,185
L,187,186
L,188,186
L,189,191
L,190,191
L,190,192
L,191,2
L,191,189
L,192,190
L,192,193
L,193,4
L,193,192
L,194,195
L,194,196
L,195,6
L,195,193
L,196,194
L,196,197
L,197,8
L,197,196
L,198,199
L,198,200
L,199,10
L,199,197
L,200,198
L,200,201
L,201,12
L,201,200
L,202,203
L,202,204
L,203,14
L,203,201
L,204,202
L,204,205
L,205,16
L,205,204
L,206,207
L,206,208
L,207,18
L,207,205
L,208,206
L,208,209
L,209,20
L,209,208
L,210,211
L,210,212
L,211,22
L,211,209
L,212,210
L,214,215
L,214,216
L,215,26
L,216,214
L,218,219
L,218,220
L,219,30
L,220,218
L,220,221
L,221,32
L,221,220
L,222,223
L,222,224
L,223,34
L,223,221
L,224,222
L,224,225
L,225,36
L,225,224
L,226,227
L,226,228
L,227,38
L,227,225
L,228,226
L,228,229
L,229,40
L,229,228
L,230,231
L,230,232
L,231,42
L,231,229
L,232,230
L,232,233
L,233,44
L,233,232
L,234,235
L,234,236
L,235,46
L,235,233
L,236,234
L,236,237
L,237,48
L,237,236
L,238,239
L,238,240
L,239,50
L,239,237
L,240,238
L,240,241
L,241,52
L,241,240
L,242,243
L,242,244
L,243,54
L,243,241
L,244,242
L,244,245
L,245,56
L,245,244
L,246,247
L,246,248
L,247,58
L,247,245
L,248,246
L,248,249
L,249,60
L,249,248
L,250,251
L,250,252
L,251,249
L,252,250
L,252,253
L,253,64
L,253,252
L,254,255
L,254,256
L,255,66
L,255,253
L,256,254
L,256,257
L,257,68
L,257,256
L,258,259
L,259,70
L,259,257
L,261,72
L,262,263
L,262,264
L,263,74
L,263,261
L,264,262
L,264,265
L,265,76
L,265,264
L,266,267
L,266,268
L,267,78
L,267,265
L,268,266
L,268,269
L,269,80
L,269,268
L,270,271
L,270,272
L,271,82
L,271,269
L,272,270
L,272,273
L,273,84
L,273,272
L,274,275
L,275,86
L,275,273
L,277,88
L,278,279
L,278,280
L,279,90
L,279,277
L,280,278
L,280,281
L,281,92
L,281,280
L,282,283
L,282,284
L,283,94
L,283,281
L,284,282
L,284,285
L,285,96
L,285,284
L,287,98
L,287,285
L,288,289
L,289,100
L,289,288
L,291,102
L,291,289
L,292,293
L,293,104
L,293,292
L,294,295
L,294,296
L,295,106
L,295,293
L,296,294
L,296,297
L,297,108
L,297,296
L,298,299
L,298,300
L,299,110
L,299,297
L,300,298
L,302,303
L,302,304
L,303,114
L,304,302
L,304,305
L,305,116
L,305,304
L,306,307
L,306,308
L,307,118
L,307,305
L,308,306
L,308,309
L,309,120
L,309,308
L,310,311
L,310,312
L,311,122
L,311,309
L,312,310
L,312,313
L,313,124
L,313,312
L,314,315
L,314,316
L,315,126
L,315,313
L,316,314
L,316,317
L,317,128
L,317,316
L,319,130
L,319,317
L,320,321
L,321,132
L,321,320
L,322,323
L,322,324
L,323,134
L,323,321
L,324,322
L,324,325
L,325,136
L,325,324
L,326,327
L,326,328
L,327,138
L,327,325
L,328,326
L,328,329
L,329,140
L,329,328
L,330,331
L,330,332
L,331,142
L,331,329
L,332,330
L,332,333
L,333,144
L,333,332
L,334,335
L,334,336
L,335,146
L,335,333
L,336,334
L,336,337
L,337,148
L,337,336
L,338,339
L,338,340
L,339,150
L,339,337
L,340,338
L,340,341
L,341,152
L,341,340
L,342,343
L,342,344
L,343,154
L,343,341
L,344,342
L,344,345
L,345,156
L,345,344
L,346,347
L,346,348
L,347,158
L,347,345
L,348,346
L,348,349
L,349,160
L,349,348
L,350,351
L,350,352
L,351,162
L,351,349
L,352,350
L,352,353
L,353,352
L,354,355
L,354,356
L,355,166
L,355,353
L,356,354
L,356,357
L,357,356
L,358,359
L,358,360
L,359,170
L,359,357
L,360,358
L,360,361
L,361,172
L,361,360
L,362,363
L,362,364
L,363,174
L,363,361
L,364,362
L,364,365
L,365,176
L,365,364
L,366,367
L,366,368
L,367,178
L,367,365
L,368,366
L,368,369
L,369,180
L,369,368
L,370,371
L,370,372
L,371,182
L,371,369
L,372,370
L,372,373
L,373,184
L,373,372
L,374,375
L,374,376
L,375,186
L,375,373
L,376,374
L,377,379
L,379,190
L,379,377
L,380,381
L,381,192
L,381,380
L,382,383
L,382,384
L,383,194
L,383,381
L,384,382
L,384,385
L,385,196
L,385,384
L,386,387
L,386,388
L,387,198
L,387,385
L,388,386
L,388,389
L,389,200
L,389,388
L,390,392
L,392,390
L,392,393
L,393,204
L,393,392
L,394,395
L,394,396
L,395,206
L,395,393
L,396,394
L,396,397
L,397,208
L,397,396
L,398,399
L,398,400
L,399,210
L,399,397
L,400,398
L,400,401
L,401,212
L,401,400
L,402,403
L,402,404
L,403,214
L,403,401
L,404,402
L,404,405
L,405,216
L,405,404
L,406,407
L,406,408
L,407,218
L,407,405
L,408,406
L,408,409
L,409,220
L,409,408
L,410,411
L,410,412
L,411,222
L,411,409
L,412,410
L,412,413
L,413,224
L,413,412
L,414,415
L,414,416
L,415,226
L,415,413
L,416,414
L,416,417
L,417,228
L,417,416
L,418,419
L,418,420
L,419,230
L,419,417
L,420,418
L,420,421
L,421,232
L,421,420
L,422,423
L,422,424
L,423,234
L,423,421
L,424,422
L,424,425
L,425,236
L,425,424
L,426,427
L,426,428
L,427,238
L,427,425
L,428,426
L,428,429
L,429,240
L,429,428
L,430,431
L,430,432
L,431,242
L,431,429
L,432,430
L,432,433
L,433,244
L,433,432
L,434,435
L,434,436
L,435,246
L,435,433
L,436,434
L,436,437
L,437,248
L,437,436
L,438,439
L,438,440
L,439,250
L,439,437
L,440,438
L,440,441
L,441,252
L,441,440
L,442,443
L,442,444
L,443,254
L,443,441
L,444,442
L,444,445
L,445,256
L,445,444
L,446,447
L,446,448
L,447,258
L,447,445
L,448,446
L,448,449
L,449,448
L,450,451
L,450,452
L,451,262
L,451,449
L,452,450
L,452,453
L,453,264
L,453,452
L,454,455
L,454,456
L,455,266
L,455,453
L,456,454
L,456,457
L,457,268
L,457,456
L,458,459
L,458,460
L,459,270
L,459,457
L,460,458
L,460,461
L,461,272
L,461,460
L,462,463
L,462,464
L,463,274
L,463,461
L,464,462
L,464,465
L,465,464
L,466,468
L,468,466
L,468,469
L,469,280
L,469,468
L,470,471
L,470,472
L,471,282
L,471,469
L,472,470
L,472,473
L,473,284
L,473,472
L,474,475
L,474,476
L,475,473
L,476,474
L,480,481
L,481,292
L,481,480
L,482,483
L,482,484
L,483,294
L,483,481
L,484,482
L,484,485
L,485,296
L,485,484
L,486,487
L,486,488
L,487,298
L,487,485
L,488,486
L,488,489
L,489,300
L,489,488
L,490,491
L,490,492
L,491,302
L,491,489
L,492,490
L,492,493
L,493,304
L,493,492
L,494,495
L,494,496
L,495,306
L,495,493
L,496,494
L,496,497
L,497,308
L,497,496
L,498,499
L,498,500
L,499,310
L,499,497
L,500,498
L,500,501
L,501,312
L,501,500
L,502,503
L,502,504
L,503,314
L,503,501
L,504,502
L,504,505
L,505,316
L,505,504
L,506,507
L,506,508
L,507,505
L,508,506
L,508,509
L,509,320
L,509,508
L,510,511
L,510,512
L,511,322
L,511,509
L,512,510
L,512,513
L,513,324
L,513,512
L,514,515
L,515,326
L,515,513
L,517,328
L,518,519
L,518,520
L,519,330
L,519,517
L,520,518
L,520,521
L,521,332
L,521,520
L,522,523
L,522,524
L,523,334
L,523,521
L,524,522
L,524,525
L,525,336
L,525,524
L,526,527
L,526,528
L,527,338
L,527,525
L,528,526
L,528,529
L,529,340
L,529,528
L,530,531
L,530,532
L,531,342
L,531,529
L,532,530
L,532,533
L,533,344
L,533,532
L,534,535
L,534,536
L,535,346
L,535,533
L,536,534
L,536,537
L,537,348
L,537,536
L,538,539
L,538,540
L,539,350
L,539,537
L,540,538
L,540,541
L,541,352
L,541,540
L,542,543
L,542,544
L,543,354
L,543,541
L,544,542
L,544,545
L,545,356
L,545,544
L,546,547
L,546,548
L,547,358
L,547,545
L,548,546
L,548,549
L,549,360
L,549,548
L,550,551
L,550,552
L,551,362
L,551,549
L,552,550
L,552,553
L,553,364
L,553,552
L,554,555
L,554,556
L,555,366
L,555,553
L,556,554
L,556,557
L,557,368
L,557,556
L,558,559
L,558,560
L,559,370
L,559,557
L,560,558
L,560,561
L,561,372
L,561,560
L,562,563
L,562,564
L,563,374
L,563,561
L,564,562
L,565,567
L,566,567
L,567,565
L,569,380
L,570,571
L,570,572
L,571,382
L,571,569
L,572,570
L,572,573
L,573,384
L,573,572
L,574,575
L,574,576
L,575,386
L,575,573
L,576,574
L,576,577
L,577,388
L,577,576
L,578,579
L,578,580
L,579,390
L,579,577
L,580,578
L,580,581
L,581,392
L,581,580
L,582,583
L,582,584
L,583,394
L,583,581
L,584,582
L,584,585
L,585,396
L,585,584
L,586,587
L,586,588
L,587,398
L,587,585
L,588,586
L,588,589
L,589,400
L,589,588
L,590,591
L,590,592
L,591,402
L,591,589
L,592,590
L,594,595
L,594,596
L,595,406
L,596,594
L,596,597
L,597,408
L,597,596
L,598,599
L,598,600
L,599,410
L,599,597
L,600,598
L,600,601
L,601,412
L,601,600
L,602,603
L,602,604
L,603,414
L,603,601
L,604,602
L,604,605
L,605,416
L,605,604
L,606,607
L,606,608
L,607,418
L,607,605
L,608,606
L,608,609
L,609,420
L,609,608
L,610,611
L,610,612
L,611,422
L,611,609
L,612,610
L,612,613
L,613,424
L,613,612
L,614,615
L,614,616
L,615,426
L,615,613
L,616,614
L,616,617
L,617,428
L,617,616
L,618,619
L,618,620
L,619,430
L,619,617
L,620,618
L,620,621
L,621,432
L,621,620
L,622,623
L,622,624
L,623,434
L,623,621
L,624,622
L,624,625
L,625,436
L,625,624
L,626,627
L,626,628
L,627,438
L,627,625
L,628,626
L,628,629
L,629,440
L,629,628
L,630,631
L,630,632
L,631,442
L,631,629
L,632,630
L,634,635
L,634,636
L,635,446
L,636,634
L,636,637
L,637,448
L,637,636
L,638,639
L,638,640
L,639,450
L,639,637
L,640,638
L,640,641
L,641,452
L,641,640
L,642,643
L,642,644
L,643,454
L,643,641
L,644,642
L,644,645
L,645,456
L,645,644
L,646,647
L,646,648
L,647,458
L,647,645
L,648,646
L,648,649
L,649,460
L,649,648
L,650,651
L,650,652
L,651,462
L,651,649
L,652,650
L,652,653
L,653,464
L,653,652
L,654,655
L,654,656
L,655,466
L,655,653
L,656,654
L,656,657
L,657,468
L,657,656
L,658,659
L,658,660
L,659,470
L,659,657
L,660,658
L,660,661
L,661,472
L,661,660
L,662,663
L,662,664
L,663,474
L,663,661
L,664,662
L,664,665
L,665,476
L,665,664
L,666,667
L,666,668
L,667,665
L,668,666
L,668,669
L,669,480
L,669,668
L,670,671
L,670,672
L,671,482
L,671,669
L,672,670
L,672,673
L,673,484
L,673,672
L,674,675
L,674,676
L,675,486
L,675,673
L,676,674
L,676,677
L,677,488
L,677,676
L,678,679
L,678,680
L,679,490
L,679,677
L,680,678
L,680,681
L,681,492
L,681,680
L,682,683
L,682,684
L,683,494
L,683,681
L,684,682
L,684,685
L,685,496
L,685,684
L,686,687
L,686,688
L,687,498
L,687,685
L,688,686
L,688,689
L,689,500
L,689,688
L,690,691
L,690,692
L,691,502
L,691,689
L,692,690
L,692,693
L,693,504
L,693,692
L,694,695
L,694,696
L,695,506
L,695,693
L,696,694
L,696,697
L,697,508
L,697,696
L,698,699
L,698,700
L,699,510
L,699,697
L,700,698
L,700,701
L,701,512
L,701,700
L,702,703
L,702,704
L,703,514
L,703,701
L,704,702
L,704,705
L,705,704
L,706,707
L,706,708
L,707,518
L,707,705
L,708,706
L,708,709
L,709,520
L,709,708
L,710,711
L,710,712
L,711,522
L,711,709
L,712,710
L,712,713
L,713,524
L,713,712
L,714,715
L,714,716
L,715,526
L,715,713
L,716,714
L,716,717
L,717,528
L,717,716
L,718,719
L,718,720
L,719,530
L,719,717
L,720,718
L,720,721
L,721,532
L,721,720
L,722,723
L,722,724
L,723,534
L,723,721
L,724,722
L,724,725
L,725,536
L,725,724
L,726,727
L,726,728
L,727,538
L,727,725
L,728,726
L,728,729
L,729,540
L,729,728
L,730,731
L,730,732
L,731,542
L,731,729
L,732,730
L,732,733
L,733,544
L,733,732
L,734,735
L,734,736
L,735,546
L,735,733
L,736,734
L,736,737
L,737,548
L,737,736
L,738,739
L,738,740
L,739,550
L,739,737
L,740,738
L,740,741
L,741,552
L,741,740
L,742,743
L,742,744
L,743,554
L,743,741
L,744,742
L,744,745
L,745,556
L,745,744
L,746,747
L,746,748
L,747,558
L,747,745
L,748,746
L,748,749
L,749,560
L,749,748
L,750,751
L,750,752
L,751,562
L,751,749
L,752,750
L,753,755
L,754,755
L,754,756
L,755,566
L,755,753
L,756,754
L,756,757
L,757,756
L,758,759
L,758,760
L,759,570
L,759,757
L,760,758
L,760,761
L,761,572
L,761,760
L,762,763
L,762,764
L,763,574
L,763,761
L,764,762
L,764,765
L,765,576
L,765,764
L,766,767
L,766,768
L,767,578
L,767,765
L,768,766
L,768,769
L,769,580
L,769,768
L,770,771
L,770,772
L,771,582
L,771,769
L,772,770
L,772,773
L,773,584
L,773,772
L,774,775
L,774,776
L,775,586
L,775,773
L,776,774
L,776,777
L,777,588
L,777,776
L,778,779
L,778,780
L,779,590
L,779,777
L,780,778
L,780,781
L,781,592
L,781,780
L,782,783
L,782,784
L,783,594
L,783,781
L,784,782
L,784,785
L,785,596
L,785,784
L,786,787
L,786,788
L,787,598
L,787,785
L,788,786
L,788,789
L,789,600
L,789,788
L,790,791
L,790,792
L,791,602
L,791,789
L,792,790
L,792,793
L,793,604
L,793,792
L,794,795
L,794,796
L,795,606
L,795,793
L,796,794
L,796,797
L,797,608
L,797,796
L,798,799
L,798,800
L,799,610
L,799,797
L,800,798
L,800,801
L,801,612
L,801,800
L,802,803
L,802,804
L,803,614
L,803,801
L,804,802
L,804,805
L,805,616
L,805,804
L,806,807
L,806,808
L,807,618
L,807,805
L,808,806
L,808,809
L,809,620
L,809,808
L,810,811
L,810,812
L,811,622
L,811,809
L,812,810
L,812,813
L,813,624
L,813,812
L,814,815
L,814,816
L,815,626
L,815,813
L,816,814
L,816,817
L,817,628
L,817,816
L,818,819
L,818,820
L,819,630
L,819,817
L,820,818
L,820,821
L,821,632
L,821,820
L,822,823
L,822,824
L,823,634
L,823,821
L,824,822
L,824,825
L,825,636
L,825,824
L,826,827
L,826,828
L,827,638
L,827,825
L,828,826
L,828,829
L,829,640
L,829,828
L,830,831
L,830,832
L,831,642
L,831,829
L,832,830
L,832,833
L,833,644
L,833,832
L,834,835
L,834,836
L,835,646
L,835,833
L,836,834
L,836,837
L,837,648
L,837,836
L,838,839
L,838,840
L,839,650
L,839,837
L,840,838
L,840,841
L,841,652
L,841,840
L,842,843
L,842,844
L,843,654
L,843,841
L,844,842
L,844,845
L,845,656
L,845,844
L,846,847
L,846,848
L,847,658
L,847,845
L,848,846
L,848,849
L,849,660
L,849,848
L,850,851
L,850,852
L,851,662
L,851,849
L,852,850
L,852,853
L,853,664
L,853,852
L,854,855
L,854,856
L,855,666
L,855,853
L,856,854
L,856,857
L,857,668
L,857,856
L,858,859
L,858,860
L,859,670
L,859,857
L,860,858
L,860,861
L,861,672
L,861,860
L,862,863
L,862,864
L,863,674
L,863,861
L,864,862
L,866,867
L,866,868
L,867,678
L,868,866
L,868,869
L,869,680
L,869,868
L,870,871
L,870,872
L,871,682
L,871,869
L,872,870
L,872,873
L,873,684
L,873,872
L,874,875
L,874,876
L,875,686
L,875,873
L,876,874
L,876,877
L,877,688
L,877,876
L,878,879
L,878,880
L,879,690
L,879,877
L,880,878
L,880,881
L,881,692
L,881,880
L,883,694
L,883,881
L,884,885
L,885,696
L,885,884
L,886,887
L,886,888
L,887,698
L,887,885
L,888,886
L,888,889
L,889,700
L,889,888
L,890,891
L,890,892
L,891,702
L,891,889
L,892,890
L,892,893
L,893,704
L,893,892
L,894,895
L,894,896
L,895,706
L,895,893
L,896,894
L,896,897
L,897,708
L,897,896
L,898,899
L,898,900
L,899,710
L,899,897
L,900,898
L,900,901
L,901,712
L,901,900
L,902,903
L,902,904
L,903,714
L,903,901
L,904,902
L,904,905
L,905,716
L,905,904
L,906,907
L,906,908
L,907,718
L,907,905
L,908,906
L,908,909
L,909,720
L,909,908
L,910,911
L,910,912
L,911,722
L,911,909
L,912,910
L,912,913
L,913,724
L,913,912
L,914,915
L,914,916
L,915,726
L,915,913
L,916,914
L,916,917
L,917,728
L,917,916
L,918,919
L,918,920
L,919,730
L,919,917
L,920,918
L,920,921
L,921,732
L,921,920
L,922,923
L,922,924
L,923,734
L,923,921
L,924,922
L,924,925
L,925,736
L,925,924
L,926,927
L,926,928
L,927,738
L,927,925
L,928,926
L,928,929
L,929,740
L,929,928
L,930,931
L,930,932
L,931,742
L,931,929
L,932,930
L,932,933
L,933,744
L,933,932
L,934,935
L,934,936
L,935,746
L,935,933
L,936,934
L,936,937
L,937,748
L,937,936
L,938,939
L,938,940
L,939,750
L,939,937
L,940,938
L,941,943
L,942,943
L,942,944
L,943,754
L,943,941
L,944,942
L,944,945
L,945,756
L,945,944
L,946,947
L,946,948
L,947,758
L,947,945
L,948,946
L,948,949
L,949,760
L,949,948
L,950,951
L,950,952
L,951,762
L,951,949
L,952,950
L,954,955
L,954,956
L,955,766
L,956,954
L,956,957
L,957,768
L,957,956
L,958,959
L,958,960
L,959,770
L,959,957
L,960,958
L,960,961
L,961,772
L,961,960
L,962,963
L,962,964
L,963,774
L,963,961
L,964,962
L,966,967
L,966,968
L,967,778
L,968,966
L,968,969
L,969,780
L,969,968
L,970,971
L,970,972
L,971,782
L,971,969
L,972,970
L,972,973
L,973,784
L,973,972
L,974,975
L,975,786
L,975,973
L,977,788
L,978,979
L,978,980
L,979,790
L,979,977
L,980,978
L,982,983
L,982,984
L,983,794
L,984,982
L,984,985
L,985,796
L,985,984
L,986,987
L,986,988
L,987,798
L,987,985
L,988,986
L,988,989
L,989,800
L,989,988
L,990,991
L,990,992
L,991,802
L,991,989
L,992,990
L,992,993
L,993,804
L,993,992
L,994,995
L,994,996
L,995,806
L,995,993
L,996,994
L,996,997
L,997,808
L,997,996
L,998,999
L,998,1000
L,999,810
L,999,997
L,1000,998
L,1000,1001
L,1001,812
L,1001,1000
L,1002,1003
L,1003,814
L,1003,1001
L,1005,816
L,1006,1007
L,1006,1008
L,1007,818
L,1007,1005
L,1008,1006
L,1008,1009
L,1009,820
L,1009,1008
L,1010,1011
L,1010,1012
L,1011,822
L,1011,1009
L,1012,1010
L,1012,1013
L,1013,824
L,1013,1012
L,1014,1015
L,1014,1016
L,1015,826
L,1015,1013
L,1016,1014
L,1016,1017
L,1017,828
L,1017,1016
L,1018,1019
L,1018,1020
L,1019,830
L,1019,1017
L,1020,1018
L,1020,1021
L,1021,832
L,1021,1020
L,1022,1023
L,1022,1024
L,1023,834
L,1023,1021
L,1024,1022
L,1024,1025
L,1025,836
L,1025,1024
L,1026,1027
L,1026,1028
L,1027,838
L,1027,1025
L,1028,1026
L,1028,1029
L,1029,840
L,1029,1028
L,1030,1031
L,1030,1032
L,1031,842
L,1031,1029
L,1032,1030
L,1032,1033
L,1033,844
L,1033,1032
L,1034,1035
L,1034,1036
L,1035,846
L,1035,1033
L,1036,1034
L,1036,1037
L,1037,848
L,1037,1036
L,1038,1039
L,1038,1040
L,1039,850
L,1039,1037
L,1040,1038
L,1040,1041
L,1041,852
L,1041,1040
L,1042,1043
L,1042,1044
L,1043,854
L,1043,1041
L,1044,1042
L,1044,1045
L,1045,856
L,1045,1044
L,1046,1047
L,1047,858
L,1047,1045
L,1049,860
L,1050,1051
L,1050,1052
L,1051,862
L,1051,1049
L,1052,1050
L,1052,1053
L,1053,864
L,1053,1052
L,1054,1055
L,1054,1056
L,1055,866
L,1055,1053
L,1056,1054
L,1056,1057
L,1057,868
L,1057,1056
L,1058,1059
L,1058,1060
L,1059,870
L,1059,1057
L,1060,1058
L,1060,1061
L,1061,872
L,1061,1060
L,1062,1063
L,1062,1064
L,1063,874
L,1063,1061
L,1064,1062
L,1064,1065
L,1065,876
L,1065,1064
L,1066,1067
L,1066,1068
L,1067,878
L,1067,1065
L,1068,1066
L,1068,1069
L,1069,880
L,1069,1068
L,1070,1071
L,1070,1072
L,1071,1069
L,1072,1070
L,1072,1073
L,1073,884
L,1073,1072
L,1074,1075
L,1074,1076
L,1075,886
L,1075,1073
L,1076,1074
L,1076,1077
L,1077,888
L,1077,1076
L,1078,1079
L,1078,1080
L,1079,890
L,1079,1077
L,1080,1078
L,1080,1081
L,1081,892
L,1081,1080
L,1082,1083
L,1082,1084
L,1083,894
L,1083,1081
L,1084,1082
L,1084,1085
L,1085,896
L,1085,1084
L,1086,1087
L,1086,1088
L,1087,898
L,1087,1085
L,1088,1086
L,1088,1089
L,1089,900
L,1089,1088
L,1090,1091
L,1090,1092
L,1091,902
L,1091,1089
L,1092,1090
L,1092,1093
L,1093,904
L,1093,1092
L,1094,1095
L,1094,1096
L,1095,906
L,1095,1093
L,1096,1094
L,1096,1097
L,1097,908
L,1097,1096
L,1098,1099
L,1098,1100
L,1099,910
L,1099,1097
L,1100,1098
L,1100,1101
L,1101,912
L,1101,1100
L,1104,1105
L,1105,916
L,1105,1104
L,1106,1107
L,1106,1108
L,1107,918
L,1107,1105
L,1108,1106
L,1111,922
L,1112,1113
L,1113,924
L,1113,1112
L,1114,1116
L,1116,1114
L,1116,1117
L,1117,928
L,1117,1116
L,1118,1119
L,1118,1120
L,1119,930
L,1119,1117
L,1120,1118
L,1120,1121
L,1121,932
L,1121,1120
L,1122,1123
L,1122,1124
L,1123,934
L,1123,1121
L,1124,1122
L,1124,1125
L,1125,936
L,1125,1124
L,1126,1127
L,1126,1128
L,1127,938
L,1127,1125
L,1128,1126
L,1129,1131
L,1130,1131
L,1130,1132
L,1131,942
L,1131,1129
L,1132,1130
L,1132,1133
L,1133,944
L,1133,1132
L,1134,1136
L,1136,1134
L,1136,1137
L,1137,948
L,1137,1136
L,1138,1139
L,1138,1140
L,1139,950
L,1139,1137
L,1140,1138
L,1140,1141
L,1141,952
L,1141,1140
L,1142,1143
L,1142,1144
L,1143,954
L,1143,1141
L,1144,1142
L,1144,1145
L,1145,956
L,1145,1144
L,1146,1147
L,1146,1148
L,1147,958
L,1147,1145
L,1148,1146
L,1148,1149
L,1149,960
L,1149,1148
L,1150,1151
L,1150,1152
L,1151,962
L,1151,1149
L,1152,1150
L,1152,1153
L,1153,964
L,1153,1152
L,1154,1155
L,1154,1156
L,1155,966
L,1155,1153
L,1156,1154
L,1156,1157
L,1157,968
L,1157,1156
L,1158,1159
L,1158,1160
L,1159,970
L,1159,1157
L,1160,1158
L,1160,1161
L,1161,972
L,1161,1160
L,1162,1163
L,1162,1164
L,1163,974
L,1163,1161
L,1164,1162
L,1164,1165
L,1165,1164
L,1166,1167
L,1166,1168
L,1167,978
L,1167,1165
L,1168,1166
L,1168,1169
L,1169,980
L,1169,1168
L,1170,1171
L,1170,1172
L,1171,982
L,1171,1169
L,1172,1170
L,1172,1173
L,1173,984
L,1173,1172
L,1174,1175
L,1174,1176
L,1175,986
L,1175,1173
L,1176,1174
L,1176,1177
L,1177,988
L,1177,1176
L,1178,1179
L,1178,1180
L,1179,990
L,1179,1177
L,1180,1178
L,1180,1181
L,1181,992
L,1181,1180
L,1182,1183
L,1182,1184
L,1183,994
L,1183,1181
L,1184,1182
L,1184,1185
L,1185,996
L,1185,1184
L,1186,1187
L,1186,1188
L,1187,998
L,1187,1185
L,1188,1186
L,1188,1189
L,1189,1000
L,1189,1188
L,1190,1191
L,1190,1192
L,1191,1002
L,1191,1189
L,1192,1190
L,1192,1193
L,1193,1192
L,1194,1195
L,1194,1196
L,1195,1006
L,1195,1193
L,1196,1194
L,1196,1197
L,1197,1008
L,1197,1196
L,1198,1200
L,1200,1198
L,1200,1201
L,1201,1012
L,1201,1200
L,1202,1203
L,1202,1204
L,1203,1014
L,1203,1201
L,1204,1202
L,1204,1205
L,1205,1016
L,1205,1204
L,1206,1207
L,1206,1208
L,1207,1018
L,1207,1205
L,1208,1206
L,1208,1209
L,1209,1020
L,1209,1208
L,1210,1211
L,1210,1212
L,1211,1022
L,1211,1209
L,1212,1210
L,1212,1213
L,1213,1024
L,1213,1212
L,1214,1215
L,1214,1216
L,1215,1026
L,1215,1213
L,1216,1214
L,1216,1217
L,1217,1028
L,1217,1216
L,1218,1219
L,1218,1220
L,1219,1030
L,1219,1217
L,1220,1218
L,1220,1221
L,1221,1032
L,1221,1220
L,1222,1223
L,1222,1224
L,1223,1034
L,1223,1221
L,1224,1222
L,1224,1225
L,1225,1036
L,1225,1224
L,1226,1227
L,1226,1228
L,1227,1038
L,1227,1225
L,1228,1226
L,1228,1229
L,1229,1040
L,1229,1228
L,1230,1231
L,1230,1232
L,1231,1042
L,1231,1229
L,1232,1230
L,1232,1233
L,1233,1044
L,1233,1232
L,1234,1235
L,1234,1236
L,1235,1046
L,1235,1233
L,1236,1234
L,1236,1237
L,1237,1236
L,1239,1050
L,1239,1237
L,1240,1241
L,1241,1052
L,1241,1240
L,1242,1243
L,1242,1244
L,1243,1054
L,1243,1241
L,1244,1242
L,1244,1245
L,1245,1056
L,1245,1244
L,1246,1247
L,1246,1248
L,1247,1058
L,1247,1245
L,1248,1246
L,1248,1249
L,1249,1060
L,1249,1248
L,1250,1251
L,1250,1252
L,1251,1062
L,1251,1249
L,1252,1250
L,1252,1253
L,1253,1064
L,1253,1252
L,1254,1255
L,1254,1256
L,1255,1066
L,1255,1253
L,1256,1254
L,1256,1257
L,1257,1068
L,1257,1256
L,1258,1259
L,1258,1260
L,1259,1070
L,1259,1257
L,1260,1258
L,1260,1261
L,1261,1072
L,1261,1260
L,1262,1263
L,1262,1264
L,1263,1074
L,1263,1261
L,1264,1262
L,1264,1265
L,1265,1076
L,1265,1264
L,1266,1267
L,1266,1268
L,1267,1078
L,1267,1265
L,1268,1266
L,1268,1269
L,1269,1080
L,1269,1268
L,1270,1271
L,1270,1272
L,1271,1082
L,1271,1269
L,1272,1270
L,1272,1273
L,1273,1084
L,1273,1272
L,1274,1275
L,1274,1276
L,1275,1086
L,1275,1273
L,1276,1274
L,1276,1277
L,1277,1088
L,1277,1276
L,1278,1279
L,1278,1280
L,1279,1090
L,1279,1277
L,1280,1278
L,1280,1281
L,1281,1092
L,1281,1280
L,1282,1283
L,1283,1094
L,1283,1281
L,1285,1096
L,1286,1287
L,1286,1288
L,1287,1098
L,1287,1285
L,1288,1286
L,1288,1289
L,1289,1100
L,1289,1288
L,1290,1291
L,1290,1292
L,1291,1289
L,1292,1290
L,1292,1293
L,1293,1104
L,1293,1292
L,1294,1295
L,1294,1296
L,1295,1106
L,1295,1293
L,1296,1294
L,1296,1297
L,1297,1108
L,1297,1296
L,1298,1299
L,1298,1300
L,1299,1297
L,1300,1298
L,1300,1301
L,1301,1112
L,1301,1300
L,1302,1303
L,1303,1114
L,1303,1301
L,1305,1116
L,1306,1308
L,1308,1306
L,1308,1309
L,1309,1120
L,1309,1308
L,1310,1311
L,1310,1312
L,1311,1122
L,1311,1309
L,1312,1310
L,1312,1313
L,1313,1124
L,1313,1312
L,1314,1315
L,1314,1316
L,1315,1126
L,1315,1313
L,1316,1314
L,1317,1319
L,1318,1319
L,1318,1320
L,1319,1130
L,1319,1317
L,1320,1318
L,1320,1321
L,1321,1132
L,1321,1320
L,1322,1323
L,1322,1324
L,1323,1134
L,1323,1321
L,1324,1322
L,1324,1325
L,1325,1136
L,1325,1324
L,1326,1327
L,1326,1328
L,1327,1138
L,1327,1325
L,1328,1326
L,1328,1329
L,1329,1140
L,1329,1328
L,1330,1331
L,1330,1332
L,1331,1142
L,1331,1329
L,1332,1330
L,1332,1333
L,1333,1144
L,1333,1332
L,1334,1335
L,1334,1336
L,1335,1146
L,1335,1333
L,1336,1334
L,1336,1337
L,1337,1148
L,1337,1336
L,1338,1339
L,1338,1340
L,1339,1150
L,1339,1337
L,1340,1338
L,1340,1341
L,1341,1152
L,1341,1340
L,1342,1343
L,1342,1344
L,1343,1154
L,1343,1341
L,1344,1342
L,1344,1345
L,1345,1156
L,1345,1344
L,1347,1158
L,1347,1345
L,1348,1349
L,1349,1160
L,1349,1348
L,1350,1351
L,1350,1352
L,1351,1162
L,1351,1349
L,1352,1350
L,1352,1353
L,1353,1164
L,1353,1352
L,1354,1355
L,1354,1356
L,1355,1166
L,1355,1353
L,1356,1354
L,1356,1357
L,1357,1168
L,1357,1356
L,1358,1359
L,1358,1360
L,1359,1170
L,1359,1357
L,1360,1358
L,1360,1361
L,1361,1172
L,1361,1360
L,1362,1363
L,1362,1364
L,1363,1174
L,1363,1361
L,1364,1362
L,1364,1365
L,1365,1176
L,1365,1364
L,1366,1367
L,1366,1368
L,1367,1178
L,1367,1365
L,1368,1366
L,1368,1369
L,1369,1180
L,1369,1368
L,1370,1371
L,1370,1372
L,1371,1182
L,1371,1369
L,1372,1370
L,1372,1373
L,1373,1184
L,1373,1372
L,1374,1375
L,1374,1376
L,1375,1186
L,1375,1373
L,1376,1374
L,1376,1377
L,1377,1188
L,1377,1376
L,1378,1379
L,1378,1380
L,1379,1190
L,1379,1377
L,1380,1378
L,1380,1381
L,1381,1192
L,1381,1380
L,1382,1383
L,1382,1384
L,1383,1194
L,1383,1381
L,1384,1382
L,1384,1385
L,1385,1196
L,1385,1384
L,1386,1387
L,1386,1388
L,1387,1198
L,1387,1385
L,1388,1386
L,1388,1389
L,1389,1200
L,1389,1388
L,1390,1391
L,1390,1392
L,1391,1202
L,1391,1389
L,1392,1390
L,1392,1393
L,1393,1204
L,1393,1392
L,1394,1395
L,1394,1396
L,1395,1206
L,1395,1393
L,1396,1394
L,1396,1397
L,1397,1208
L,1397,1396
L,1398,1399
L,1398,1400
L,1399,1210
L,1399,1397
L,1400,1398
L,1400,1401
L,1401,1212
L,1401,1400
L,1402,1403
L,1402,1404
L,1403,1214
L,1403,1401
L,1404,1402
L,1404,1405
L,1405,1216
L,1405,1404
L,1406,1407
L,1406,1408
L,1407,1218
L,1407,1405
L,1408,1406
L,1408,1409
L,1409,1220
L,1409,1408
L,1410,1411
L,1410,1412
L,1411,1222
L,1411,1409
L,1412,1410
L,1412,1413
L,1413,1224
L,1413,1412
L,1414,1415
L,1414,1416
L,1415,1226
L,1415,1413
L,1416,1414
L,1416,1417
L,1417,1228
L,1417,1416
L,1418,1419
L,1418,1420
L,1419,1230
L,1419,1417
L,1420,1418
L,1420,1421
L,1421,1232
L,1421,1420
L,1422,1423
L,1422,1424
L,1423,1234
L,1423,1421
L,1424,1422
L,1424,1425
L,1425,1236
L,1425,1424
L,1426,1427
L,1426,1428
L,1427,1425
L,1428,1426
L,1428,1429
L,1429,1240
L,1429,1428
L,1430,1431
L,1431,1242
L,1431,1429
L,1433,1244
L,1434,1435
L,1434,1436
L,1435,1246
L,1435,1433
L,1436,1434
L,1436,1437
L,1437,1248
L,1437,1436
L,1438,1439
L,1438,1440
L,1439,1250
L,1439,1437
L,1440,1438
L,1440,1441
L,1441,1252
L,1441,1440
L,1442,1443
L,1442,1444
L,1443,1254
L,1443,1441
L,1444,1442
L,1444,1445
L,1445,1256
L,1445,1444
L,1446,1447
L,1446,1448
L,1447,1258
L,1447,1445
L,1448,1446
L,1448,1449
L,1449,1260
L,1449,1448
L,1450,1451
L,1450,1452
L,1451,1262
L,1451,1449
L,1452,1450
L,1452,1453
L,1453,1264
L,1453,1452
L,1454,1455
L,1454,1456
L,1455,1266
L,1455,1453
L,1456,1454
L,1456,1457
L,1457,1268
L,1457,1456
L,1458,1459
L,1458,1460
L,1459,1270
L,1459,1457
L,1460,1458
L,1460,1461
L,1461,1272
L,1461,1460
L,1462,1463
L,1462,1464
L,1463,1274
L,1463,1461
L,1464,1462
L,1464,1465
L,1465,1276
L,1465,1464
L,1466,1467
L,1466,1468
L,1467,1278
L,1467,1465
L,1468,1466
L,1468,1469
L,1469,1280
L,1469,1468
L,1470,1471
L,1470,1472
L,1471,1282
L,1471,1469
L,1472,1470
L,1472,1473
L,1473,1472
L,1476,1477
L,1477,1288
L,1477,1476
L,1479,1290
L,1479,1477
L,1480,1481
L,1481,1292
L,1481,1480
L,1482,1483
L,1482,1484
L,1483,1294
L,1483,1481
L,1484,1482
L,1484,1485
L,1485,1296
L,1485,1484
L,1486,1487
L,1486,1488
L,1487,1298
L,1487,1485
L,1488,1486
L,1488,1489
L,1489,1300
L,1489,1488
L,1490,1491
L,1490,1492
L,1491,1302
L,1491,1489
L,1492,1490
L,1492,1493
L,1493,1492
L,1494,1495
L,1494,1496
L,1495,1306
L,1495,1493
L,1496,1494
L,1496,1497
L,1497,1308
L,1497,1496
L,1498,1499
L,1498,1500
L,1499,1310
L,1499,1497
L,1500,1498
L,1500,1501
L,1501,1312
L,1501,1500
L,1502,1503
L,1502,1504
L,1503,1314
L,1503,1501
L,1504,1502
L,1505,1507
L,1506,1507
L,1506,1508
L,1507,1318
L,1507,1505
L,1508,1506
L,1508,1509
L,1509,1320
L,1509,1508
L,1510,1511
L,1510,1512
L,1511,1322
L,1511,1509
L,1512,1510
L,1512,1513
L,1513,1324
L,1513,1512
L,1514,1515
L,1514,1516
L,1515,1326
L,1515,1513
L,1516,1514
L,1516,1517
L,1517,1328
L,1517,1516
L,1518,1520
L,1520,1518
L,1520,1521
L,1521,1332
L,1521,1520
L,1522,1523
L,1522,1524
L,1523,1334
L,1523,1521
L,1524,1522
L,1524,1525
L,1525,1336
L,1525,1524
L,1526,1527
L,1526,1528
L,1527,1338
L,1527,1525
L,1528,1526
L,1528,1529
L,1529,1340
L,1529,1528
L,1530,1531
L,1530,1532
L,1531,1342
L,1531,1529
L,1532,1530
L,1532,1533
L,1533,1344
L,1533,1532
L,1535,1533
L,1537,1348
L,1538,1539
L,1538,1540
L,1539,1350
L,1539,1537
L,1540,1538
L,1540,1541
L,1541,1352
L,1541,1540
L,1542,1543
L,1542,1544
L,1543,1354
L,1543,1541
L,1544,1542
L,1544,1545
L,1545,1356
L,1545,1544
L,1546,1547
L,1546,1548
L,1547,1358
L,1547,1545
L,1548,1546
L,1548,1549
L,1549,1360
L,1549,1548
L,1550,1551
L,1550,1552
L,1551,1362
L,1551,1549
L,1552,1550
L,1552,1553
L,1553,1364
L,1553,1552
L,1554,1555
L,1554,1556
L,1555,1366
L,1555,1553
L,1556,1554
L,1556,1557
L,1557,1368
L,1557,1556
L,1558,1559
L,1558,1560
L,1559,1370
L,1559,1557
L,1560,1558
L,1560,1561
L,1561,1372
L,1561,1560
L,1562,1563
L,1562,1564
L,1563,1374
L,1563,1561
L,1564,1562
L,1564,1565
L,1565,1376
L,1565,1564
L,1566,1567
L,1566,1568
L,1567,1378
L,1567,1565
L,1568,1566
L,1568,1569
L,1569,1380
L,1569,1568
L,1570,1571
L,1570,1572
L,1571,1382
L,1571,1569
L,1572,1570
L,1572,1573
L,1573,1384
L,1573,1572
L,1574,1575
L,1574,1576
L,1575,1386
L,1575,1573
L,1576,1574
L,1576,1577
L,1577,1388
L,1577,1576
L,1578,1579
L,1578,1580
L,1579,1390
L,1579,1577
L,1580,1578
L,1580,1581
L,1581,1392
L,1581,1580
L,1582,1583
L,1582,1584
L,1583,1394
L,1583,1581
L,1584,1582
L,1584,1585
L,1585,1396
L,1585,1584
L,1586,1587
L,1586,1588
L,1587,1398
L,1587,1585
L,1588,1586
L,1588,1589
L,1589,1400
L,1589,1588
L,1591,1402
L,1591,1589
L,1592,1593
L,1593,1404
L,1593,1592
L,1594,1595
L,1594,1596
L,1595,1406
L,1595,1593
L,1596,1594
L,1596,1597
L,1597,1408
L,1597,1596
L,1598,1599
L,1598,1600
L,1599,1410
L,1599,1597
L,1600,1598
L,1600,1601
L,1601,1412
L,1601,1600
L,1602,1603
L,1602,1604
L,1603,1414
L,1603,1601
L,1604,1602
L,1604,1605
L,1605,1416
L,1605,1604
L,1606,1607
L,1606,1608
L,1607,1418
L,1607,1605
L,1608,1606
L,1608,1609
L,1609,1420
L,1609,1608
L,1610,1611
L,1610,1612
L,1611,1422
L,1611,1609
L,1612,1610
L,1612,1613
L,1613,1424
L,1613,1612
L,1614,1615
L,1614,1616
L,1615,1426
L,1615,1613
L,1616,1614
L,1616,1617
L,1617,1428
L,1617,1616
L,1618,1619
L,1618,1620
L,1619,1430
L,1619,1617
L,1620,1618
L,1620,1621
L,1621,1620
L,1622,1623
L,1622,1624
L,1623,1434
L,1623,1621
L,1624,1622
L,1624,1625
L,1625,1436
L,1625,1624
L,1626,1627
L,1626,1628
L,1627,1438
L,1627,1625
L,1628,1626
L,1628,1629
L,1629,1440
L,1629,1628
L,1630,1631
L,1630,1632
L,1631,1442
L,1631,1629
L,1632,1630
L,1632,1633
L,1633,1444
L,1633,1632
L,1634,1635
L,1634,1636
L,1635,1446
L,1635,1633
L,1636,1634
L,1636,1637
L,1637,1448
L,1637,1636
L,1638,1639
L,1638,1640
L,1639,1450
L,1639,1637
L,1640,1638
L,1640,1641
L,1641,1452
L,1641,1640
L,1642,1643
L,1642,1644
L,1643,1454
L,1643,1641
L,1644,1642
L,1644,1645
L,1645,1456
L,1645,1644
L,1646,1647
L,1646,1648
L,1647,1458
L,1647,1645
L,1648,1646
L,1648,1649
L,1649,1460
L,1649,1648
L,1650,1651
L,1650,1652
L,1651,1462
L,1651,1649
L,1652,1650
L,1654,1655
L,1654,1656
L,1655,1466
L,1656,1654
L,1656,1657
L,1657,1468
L,1657,1656
L,1658,1659
L,1658,1660
L,1659,1470
L,1659,1657
L,1660,1658
L,1660,1661
L,1661,1472
L,1661,1660
L,1662,1663
L,1662,1664
L,1663,1661
L,1664,1662
L,1664,1665
L,1665,1476
L,1665,1664
L,1666,1667
L,1666,1668
L,1667,1665
L,1668,1666
L,1670,1671
L,1670,1672
L,1671,1482
L,1672,1670
L,1672,1673
L,1673,1484
L,1673,1672
L,1674,1675
L,1674,1676
L,1675,1486
L,1675,1673
L,1676,1674
L,1676,1677
L,1677,1488
L,1677,1676
L,1678,1679
L,1678,1680
L,1679,1490
L,1679,1677
L,1680,1678
L,1680,1681
L,1681,1492
L,1681,1680
L,1682,1683
L,1682,1684
L,1683,1494
L,1683,1681
L,1684,1682
L,1686,1687
L,1686,1688
L,1687,1498
L,1688,1686
L,1688,1689
L,1689,1500
L,1689,1688
L,1690,1691
L,1690,1692
L,1691,1502
L,1691,1689
L,1692,1690
L,1693,1695
L,1694,1695
L,1694,1696
L,1695,1506
L,1695,1693
L,1696,1694
L,1696,1697
L,1697,1508
L,1697,1696
L,1698,1699
L,1698,1700
L,1699,1510
L,1699,1697
L,1700,1698
L,1700,1701
L,1701,1512
L,1701,1700
L,1702,1703
L,1702,1704
L,1703,1514
L,1703,1701
L,1704,1702
L,1704,1705
L,1705,1516
L,1705,1704
L,1706,1707
L,1706,1708
L,1707,1518
L,1707,1705
L,1708,1706
L,1708,1709
L,1709,1520
L,1709,1708
L,1710,1711
L,1710,1712
L,1711,1522
L,1711,1709
L,1712,1710
L,1712,1713
L,1713,1524
L,1713,1712
L,1714,1715
L,1714,1716
L,1715,1526
L,1715,1713
L,1716,1714
L,1716,1717
L,1717,1528
L,1717,1716
L,1718,1719
L,1718,1720
L,1719,1530
L,1719,1717
L,1720,1718
L,1720,1721
L,1721,1532
L,1721,1720
L,1722,1723
L,1722,1724
L,1723,1721
L,1724,1722
L,1724,1725
L,1725,1724
L,1726,1727
L,1726,1728
L,1727,1538
L,1727,1725
L,1728,1726
L,1728,1729
L,1729,1540
L,1729,1728
L,1730,1731
L,1731,1542
L,1731,1729
L,1733,1544
L,1734,1735
L,1734,1736
L,1735,1546
L,1735,1733
L,1736,1734
L,1736,1737
L,1737,1548
L,1737,1736
L,1738,1739
L,1738,1740
L,1739,1550
L,1739,1737
L,1740,1738
L,1740,1741
L,1741,1552
L,1741,1740
L,1742,1743
L,1742,1744
L,1743,1554
L,1743,1741
L,1744,1742
L,1744,1745
L,1745,1556
L,1745,1744
L,1746,1747
L,1746,1748
L,1747,1558
L,1747,1745
L,1748,1746
L,1748,1749
L,1749,1560
L,1749,1748
L,1750,1751
L,1750,1752
L,1751,1562
L,1751,1749
L,1752,1750
L,1752,1753
L,1753,1564
L,1753,1752
L,1754,1755
L,1754,1756
L,1755,1566
L,1755,1753
L,1756,1754
L,1756,1757
L,1757,1568
L,1757,1756
L,1758,1759
L,1758,1760
L,1759,1570
L,1759,1757
L,1760,1758
L,1760,1761
L,1761,1572
L,1761,1760
L,1762,1763
L,1762,1764
L,1763,1574
L,1763,1761
L,1764,1762
L,1764,1765
L,1765,1576
L,1765,1764
L,1766,1767
L,1766,1768
L,1767,1578
L,1767,1765
L,1768,1766
L,1768,1769
L,1769,1580
L,1769,1768
L,1770,1771
L,1770,1772
L,1771,1582
L,1771,1769
L,1772,1770
L,1772,1773
L,1773,1584
L,1773,1772
L,1774,1775
L,1774,1776
L,1775,1586
L,1775,1773
L,1776,1774
L,1776,1777
L,1777,1588
L,1777,1776
L,1778,1779
L,1779,1777
L,1781,1592
L,1782,1783
L,1782,1784
L,1783,1594
L,1783,1781
L,1784,1782
L,1784,1785
L,1785,1596
L,1785,1784
L,1786,1788
L,1788,1786
L,1788,1789
L,1789,1600
L,1789,1788
L,1790,1791
L,1790,1792
L,1791,1602
L,1791,1789
L,1792,1790
L,1792,1793
L,1793,1604
L,1793,1792
L,1794,1795
L,1794,1796
L,1795,1606
L,1795,1793
L,1796,1794
L,1796,1797
L,1797,1608
L,1797,1796
L,1798,1799
L,1798,1800
L,1799,1610
L,1799,1797
L,1800,1798
L,1800,1801
L,1801,1612
L,1801,1800
L,1802,1803
L,1802,1804
L,1803,1614
L,1803,1801
L,1804,1802
L,1804,1805
L,1805,1616
L,1805,1804
L,1806,1807
L,1806,1808
L,1807,1618
L,1807,1805
L,1808,1806
L,1808,1809
L,1809,1620
L,1809,1808
L,1810,1811
L,1810,1812
L,1811,1622
L,1811,1809
L,1812,1810
L,1812,1813
L,1813,1624
L,1813,1812
L,1814,1816
L,1816,1814
L,1816,1817
L,1817,1628
L,1817,1816
L,1818,1819
L,1818,1820
L,1819,1630
L,1819,1817
L,1820,1818
L,1820,1821
L,1821,1632
L,1821,1820
L,1822,1823
L,1822,1824
L,1823,1634
L,1823,1821
L,1824,1822
L,1824,1825
L,1825,1636
L,1825,1824
L,1826,1827
L,1826,1828
L,1827,1638
L,1827,1825
L,1828,1826
L,1828,1829
L,1829,1640
L,1829,1828
L,1830,1831
L,1830,1832
L,1831,1642
L,1831,1829
L,1832,1830
L,1832,1833
L,1833,1644
L,1833,1832
L,1834,1835
L,1834,1836
L,1835,1646
L,1835,1833
L,1836,1834
L,1836,1837
L,1837,1648
L,1837,1836
L,1838,1839
L,1838,1840
L,1839,1650
L,1839,1837
L,1840,1838
L,1840,1841
L,1841,1652
L,1841,1840
L,1842,1843
L,1842,1844
L,1843,1654
L,1843,1841
L,1844,1842
L,1844,1845
L,1845,1656
L,1845,1844
L,1846,1847
L,1846,1848
L,1847,1658
L,1847,1845
L,1848,1846
L,1848,1849
L,1849,1660
L,1849,1848
L,1850,1851
L,1850,1852
L,1851,1662
L,1851,1849
L,1852,1850
L,1852,1853
L,1853,1664
L,1853,1852
L,1854,1855
L,1854,1856
L,1855,1666
L,1855,1853
L,1856,1854
L,1856,1857
L,1857,1668
L,1857,1856
L,1858,1859
L,1858,1860
L,1859,1670
L,1859,1857
L,1860,1858
L,1860,1861
L,1861,1672
L,1861,1860
L,1862,1863
L,1862,1864
L,1863,1674
L,1863,1861
L,1864,1862
L,1864,1865
L,1865,1676
L,1865,1864
L,1866,1867
L,1866,1868
L,1867,1678
L,1867,1865
L,1868,1866
L,1868,1869
L,1869,1680
L,1869,1868
L,1870,1871
L,1870,1872
L,1871,1682
L,1871,1869
L,1872,1870
L,1872,1873
L,1873,1684
L,1873,1872
L,1874,1875
L,1874,1876
L,1875,1686
L,1875,1873
L,1876,1874
L,1876,1877
L,1877,1688
L,1877,1876
L,1878,1879
L,1878,1880
L,1879,1690
L,1879,1877
L,1880,1878
L,1881,1883
L,1882,1883
L,1882,1884
L,1883,1694
L,1883,1881
L,1884,1882
L,1884,1885
L,1885,1696
L,1885,1884
L,1886,1887
L,1886,1888
L,1887,1698
L,1887,1885
L,1888,1886
L,1888,1889
L,1889,1700
L,1889,1888
L,1890,1891
L,1890,1892
L,1891,1702
L,1891,1889
L,1892,1890
L,1892,1893
L,1893,1704
L,1893,1892
L,1895,1706
L,1895,1893
L,1896,1897
L,1897,1708
L,1897,1896
L,1898,1899
L,1898,1900
L,1899,1710
L,1899,1897
L,1900,1898
L,1900,1901
L,1901,1712
L,1901,1900
L,1902,1903
L,1902,1904
L,1903,1714
L,1903,1901
L,1904,1902
L,1904,1905
L,1905,1716
L,1905,1904
L,1906,1907
L,1906,1908
L,1907,1718
L,1907,1905
L,1908,1906
L,1908,1909
L,1909,1720
L,1909,1908
L,1910,1911
L,1910,1912
L,1911,1722
L,1911,1909
L,1912,1910
L,1912,1913
L,1913,1724
L,1913,1912
L,1914,1915
L,1915,1726
L,1915,1913
L,1917,1728
L,1918,1919
L,1918,1920
L,1919,1730
L,1919,1917
L,1920,1918
L,1920,1921
L,1921,1920
L,1922,1923
L,1922,1924
L,1923,1734
L,1923,1921
L,1924,1922
L,1924,1925
L,1925,1736
L,1925,1924
L,1926,1927
L,1926,1928
L,1927,1738
L,1927,1925
L,1928,1926
L,1928,1929
L,1929,1740
L,1929,1928
L,1930,1931
L,1930,1932
L,1931,1742
L,1931,1929
L,1932,1930
L,1932,1933
L,1933,1744
L,1933,1932
L,1934,1935
L,1934,1936
L,1935,1746
L,1935,1933
L,1936,1934
L,1936,1937
L,1937,1748
L,1937,1936
L,1938,1939
L,1938,1940
L,1939,1750
L,1939,1937
L,1940,1938
L,1940,1941
L,1941,1752
L,1941,1940
L,1942,1943
L,1942,1944
L,1943,1754
L,1943,1941
L,1944,1942
L,1944,1945
L,1945,1756
L,1945,1944
L,1946,1947
L,1946,1948
L,1947,1758
L,1947,1945
L,1948,1946
L,1948,1949
L,1949,1760
L,1949,1948
L,1950,1951
L,1950,1952
L,1951,1762
L,1951,1949
L,1952,1950
L,1952,1953
L,1953,1764
L,1953,1952
L,1954,1955
L,1954,1956
L,1955,1766
L,1955,1953
L,1956,1954
L,1956,1957
L,1957,1768
L,1957,1956
L,1958,1959
L,1958,1960
L,1959,1770
L,1959,1957
L,1960,1958
L,1960,1961
L,1961,1772
L,1961,1960
L,1962,1963
L,1962,1964
L,1963,1774
L,1963,1961
L,1964,1962
L,1964,1965
L,1965,1776
L,1965,1964
L,1966,1967
L,1966,1968
L,1967,1778
L,1967,1965
L,1968,1966
L,1968,1969
L,1969,1968
L,1970,1971
L,1970,1972
L,1971,1782
L,1971,1969
L,1972,1970
L,1972,1973
L,1973,1784
L,1973,1972
L,1974,1975
L,1974,1976
L,1975,1786
L,1975,1973
L,1976,1974
L,1976,1977
L,1977,1788
L,1977,1976
L,1978,1979
L,1978,1980
L,1979,1790
L,1979,1977
L,1980,1978
L,1980,1981
L,1981,1792
L,1981,1980
L,1983,1794
L,1983,1981
L,1985,1796
L,1986,1987
L,1986,1988
L,1987,1798
L,1987,1985
L,1988,1986
L,1988,1989
L,1989,1800
L,1989,1988
L,1990,1991
L,1990,1992
L,1991,1802
L,1991,1989
L,1992,1990
L,1992,1993
L,1993,1804
L,1993,1992
L,1994,1995
L,1994,1996
L,1995,1806
L,1995,1993
L,1996,1994
L,1996,1997
L,1997,1808
L,1997,1996
L,1998,1999
L,1998,2000
L,1999,1810
L,1999,1997
L,2000,1998
L,2000,2001
L,2001,1812
L,2001,2000
L,2002,2003
L,2003,1814
L,2003,2001
L,2005,1816
L,2006,2007
L,2006,2008
L,2007,1818
L,2007,2005
L,2008,2006
L,2008,2009
L,2009,1820
L,2009,2008
L,2010,2011
L,2010,2012
L,2011,1822
L,2011,2009
L,2012,2010
L,2012,2013
L,2013,1824
L,2013,2012
L,2014,2015
L,2014,2016
L,2015,1826
L,2015,2013
L,2016,2014
L,2016,2017
L,2017,1828
L,2017,2016
L,2018,2019
L,2018,2020
L,2019,1830
L,2019,2017
L,2020,2018
L,2020,2021
L,2021,1832
L,2021,2020
L,2022,2023
L,2022,2024
L,2023,1834
L,2023,2021
L,2024,2022
L,2024,2025
L,2025,1836
L,2025,2024
L,2026,2027
L,2026,2028
L,2027,1838
L,2027,2025
L,2028,2026
L,2028,2029
L,2029,1840
L,2029,2028
L,2030,2031
L,2030,2032
L,2031,1842
L,2031,2029
L,2032,2030
L,2032,2033
L,2033,1844
L,2033,2032
L,2034,2035
L,2034,2036
L,2035,1846
L,2035,2033
L,2036,2034
L,2036,2037
L,2037,1848
L,2037,2036
L,2038,2039
L,2038,2040
L,2039,1850
L,2039,2037
L,2040,2038
L,2040,2041
L,2041,1852
L,2041,2040
L,2042,2043
L,2042,2044
L,2043,1854
L,2043,2041
L,2044,2042
L,2044,2045
L,2045,1856
L,2045,2044
L,2046,2047
L,2046,2048
L,2047,1858
L,2047,2045
L,2048,2046
L,2048,2049
L,2049,1860
L,2049,2048
L,2050,2051
L,2050,2052
L,2051,1862
L,2051,2049
L,2052,2050
L,2052,2053
L,2053,1864
L,2053,2052
L,2054,2055
L,2054,2056
L,2055,1866
L,2055,2053
L,2056,2054
L,2056,2057
L,2057,1868
L,2057,2056
L,2058,2059
L,2058,2060
L,2059,1870
L,2059,2057
L,2060,2058
L,2060,2061
L,2061,1872
L,2061,2060
L,2062,2063
L,2062,2064
L,2063,1874
L,2063,2061
L,2064,2062
L,2064,2065
L,2065,1876
L,2065,2064
L,2066,2067
L,2066,2068
L,2067,1878
L,2067,2065
L,2068,2066
L,2069,2071
L,2070,2071
L,2070,2072
L,2071,1882
L,2071,2069
L,2072,2070
L,2072,2073
L,2073,1884
L,2073,2072
L,2074,2075
L,2074,2076
L,2075,1886
L,2075,2073
L,2076,2074
L,2076,2077
L,2077,1888
L,2077,2076
L,2078,2079
L,2078,2080
L,2079,1890
L,2079,2077
L,2080,2078
L,2082,2083
L,2082,2084
L,2084,2082
L,2084,2085
L,2085,1896
L,2085,2084
L,2086,2087
L,2086,2088
L,2087,1898
L,2087,2085
L,2088,2086
L,2088,2089
L,2089,1900
L,2089,2088
L,2090,2091
L,2090,2092
L,2091,1902
L,2091,2089
L,2092,2090
L,2092,2093
L,2093,1904
L,2093,2092
L,2094,2095
L,2094,2096
L,2095,1906
L,2095,2093
L,2096,2094
L,2096,2097
L,2097,1908
L,2097,2096
L,2098,2099
L,2098,2100
L,2099,1910
L,2099,2097
L,2100,2098
L,2100,2101
L,2101,1912
L,2101,2100
L,2102,2103
L,2102,2104
L,2103,1914
L,2103,2101
L,2104,2102
L,2104,2105
L,2105,2104
L,2106,2107
L,2106,2108
L,2107,1918
L,2107,2105
L,2108,2106
L,2108,2109
L,2109,1920
L,2109,2108
L,2110,2111
L,2110,2112
L,2111,1922
L,2111,2109
L,2112,2110
L,2112,2113
L,2113,1924
L,2113,2112
L,2114,2115
L,2114,2116
L,2115,1926
L,2115,2113
L,2116,2114
L,2116,2117
L,2117,1928
L,2117,2116
L,2118,2119
L,2118,2120
L,2119,1930
L,2119,2117
L,2120,2118
L,2120,2121
L,2121,1932
L,2121,2120
L,2122,2123
L,2122,2124
L,2123,1934
L,2123,2121
L,2124,2122
L,2124,2125
L,2125,1936
L,2125,2124
L,2126,2127
L,2126,2128
L,2127,1938
L,2127,2125
L,2128,2126
L,2128,2129
L,2129,1940
L,2129,2128
L,2130,2131
L,2130,2132
L,2131,1942
L,2131,2129
L,2132,2130
L,2132,2133
L,2133,1944
L,2133,2132
L,2134,2135
L,2134,2136
L,2135,1946
L,2135,2133
L,2136,2134
L,2136,2137
L,2137,1948
L,2137,2136
L,2138,2139
L,2138,2140
L,2139,1950
L,2139,2137
L,2140,2138
L,2140,2141
L,2141,1952
L,2141,2140
L,2142,2143
L,2142,2144
L,2143,1954
L,2143,2141
L,2144,2142
L,2144,2145
L,2145,1956
L,2145,2144
L,2146,2147
L,2146,2148
L,2147,1958
L,2147,2145
L,2148,2146
L,2148,2149
L,2149,1960
L,2149,2148
L,2150,2151
L,2150,2152
L,2151,1962
L,2151,2149
L,2152,2150
L,2152,2153
L,2153,1964
L,2153,2152
L,2155,1966
L,2155,2153
L,2156,2157
L,2157,1968
L,2157,2156
L,2158,2159
L,2158,2160
L,2159,1970
L,2159,2157
L,2160,2158
L,2160,2161
L,2161,1972
L,2161,2160
L,2162,2163
L,2162,2164
L,2163,1974
L,2163,2161
L,2164,2162
L,2164,2165
L,2165,1976
L,2165,2164
L,2166,2167
L,2166,2168
L,2167,1978
L,2167,2165
L,2168,2166
L,2168,2169
L,2169,1980
L,2169,2168
L,2170,2171
L,2170,2172
L,2171,2169
L,2172,2170
L,2172,2173
L,2173,2172
L,2174,2175
L,2174,2176
L,2175,1986
L,2175,2173
L,2176,2174
L,2176,2177
L,2177,1988
L,2177,2176
L,2178,2179
L,2178,2180
L,2179,1990
L,2179,2177
L,2180,2178
L,2180,2181
L,2181,1992
L,2181,2180
L,2182,2183
L,2182,2184
L,2183,1994
L,2183,2181
L,2184,2182
L,2184,2185
L,2185,1996
L,2185,2184
L,2186,2187
L,2186,2188
L,2187,1998
L,2187,2185
L,2188,2186
L,2188,2189
L,2189,2000
L,2189,2188
L,2190,2192
L,2192,2190
L,2192,2193
L,2193,2192
L,2194,2195
L,2194,2196
L,2195,2006
L,2195,2193
L,2196,2194
L,2196,2197
L,2197,2008
L,2197,2196
L,2198,2199
L,2198,2200
L,2199,2010
L,2199,2197
L,2200,2198
L,2200,2201
L,2201,2012
L,2201,2200
L,2202,2203
L,2202,2204
L,2203,2014
L,2203,2201
L,2204,2202
L,2204,2205
L,2205,2016
L,2205,2204
L,2206,2207
L,2206,2208
L,2207,2018
L,2207,2205
L,2208,2206
L,2208,2209
L,2209,2020
L,2209,2208
L,2210,2211
L,2210,2212
L,2211,2022
L,2211,2209
L,2212,2210
L,2212,2213
L,2213,2024
L,2213,2212
L,2214,2215
L,2214,2216
L,2215,2026
L,2215,2213
L,2216,2214
L,2216,2217
L,2217,2028
L,2217,2216
L,2218,2219
L,2218,2220
L,2219,2030
L,2219,2217
L,2220,2218
L,2220,2221
L,2221,2032
L,2221,2220
L,2222,2223
L,2222,2224
L,2223,2034
L,2223,2221
L,2224,2222
L,2224,2225
L,2225,2036
L,2225,2224
L,2226,2227
L,2226,2228
L,2227,2038
L,2227,2225
L,2228,2226
L,2228,2229
L,2229,2040
L,2229,2228
L,2230,2231
L,2230,2232
L,2231,2042
L,2231,2229
L,2232,2230
L,2232,2233
L,2233,2044
L,2233,2232
L,2234,2235
L,2235,2046
L,2235,2233
L,2237,2048
L,2238,2239
L,2238,2240
L,2239,2050
L,2239,2237
L,2240,2238
L,2240,2241
L,2241,2052
L,2241,2240
L,2242,2243
L,2242,2244
L,2243,2054
L,2243,2241
L,2244,2242
L,2244,2245
L,2245,2056
L,2245,2244
L,2247,2058
L,2247,2245
L,2248,2249
L,2249,2060
L,2249,2248
L,2250,2251
L,2250,2252
L,2251,2062
L,2251,2249
L,2252,2250
L,2252,2253
L,2253,2064
L,2253,2252
L,2254,2255
L,2254,2256
L,2255,2066
L,2255,2253
L,2256,2254
