/PREP7
K, 1, 0.000, 0.000, 0.000
K, 2, 1.231, 2.132, 0.000
K, 3, 0.000, 1.421, 0.000
K, 4, 1.231, 3.553, 0.000
K, 5, 0.000, 4.263, 0.000
K, 6, 1.231, 6.395, 0.000
K, 7, 0.000, 5.684, 0.000
K, 8, 1.231, 7.816, 0.000
K, 9, 0.000, 8.526, 0.000
K, 10, 1.231, 10.658, 0.000
K, 11, 0.000, 9.947, 0.000
K, 12, 1.231, 12.079, 0.000
K, 13, 0.000, 12.789, 0.000
K, 14, 1.231, 14.921, 0.000
K, 15, 0.000, 14.210, 0.000
K, 16, 1.231, 16.342, 0.000
K, 17, 0.000, 17.052, 0.000
K, 18, 1.231, 19.184, 0.000
K, 19, 0.000, 18.473, 0.000
K, 20, 1.231, 20.605, 0.000
K, 21, 0.000, 21.315, 0.000
K, 22, 1.231, 23.447, 0.000
K, 23, 0.000, 22.736, 0.000
K, 24, 1.231, 24.868, 0.000
K, 25, 0.000, 25.578, 0.000
K, 26, 1.231, 27.710, 0.000
K, 27, 0.000, 26.999, 0.000
K, 28, 1.231, 29.131, 0.000
K, 29, 0.000, 29.841, 0.000
K, 30, 1.231, 31.973, 0.000
K, 31, 0.000, 31.262, 0.000
K, 32, 1.231, 33.394, 0.000
K, 33, 0.000, 34.104, 0.000
K, 34, 1.231, 36.236, 0.000
K, 35, 0.000, 35.525, 0.000
K, 36, 1.231, 37.657, 0.000
K, 37, 0.000, 38.367, 0.000
K, 38, 1.231, 40.499, 0.000
K, 39, 0.000, 39.788, 0.000
K, 40, 1.231, 41.920, 0.000
K, 41, 0.000, 42.630, 0.000
K, 42, 1.231, 44.762, 0.000
K, 43, 0.000, 44.051, 0.000
K, 44, 1.231, 46.183, 0.000
K, 45, 0.000, 46.893, 0.000
K, 46, 1.231, 49.025, 0.000
K, 47, 0.000, 48.314, 0.000
K, 48, 1.231, 50.446, 0.000
K, 49, 0.000, 51.156, 0.000
K, 50, 1.231, 53.288, 0.000
K, 51, 0.000, 52.577, 0.000
K, 52, 1.231, 54.709, 0.000
K, 53, 0.000, 55.419, 0.000
K, 54, 1.231, 57.551, 0.000
K, 55, 0.000, 56.840, 0.000
K, 56, 1.231, 58.972, 0.000
K, 57, 0.000, 59.682, 0.000
K, 58, 1.231, 61.814, 0.000
K, 59, 0.000, 61.103, 0.000
K, 60, 1.231, 63.235, 0.000
K, 61, 0.000, 63.945, 0.000
K, 62, 1.231, 66.077, 0.000
K, 63, 0.000, 65.366, 0.000
K, 64, 1.231, 67.498, 0.000
K, 65, 0.000, 68.208, 0.000
K, 66, 1.231, 70.340, 0.000
K, 67, 0.000, 69.629, 0.000
K, 68, 1.231, 71.761, 0.000
K, 69, 0.000, 72.471, 0.000
K, 70, 1.231, 74.603, 0.000
K, 71, 0.000, 73.892, 0.000
K, 72, 1.231, 76.024, 0.000
K, 73, 0.000, 76.734, 0.000
K, 74, 1.231, 78.866, 0.000
K, 75, 0.000, 78.155, 0.000
K, 76, 1.231, 80.287, 0.000
K, 77, 0.000, 80.997, 0.000
K, 78, 1.231, 83.129, 0.000
K, 79, 0.000, 82.418, 0.000
K, 80, 1.231, 84.550, 0.000
K, 81, 0.000, 85.260, 0.000
K, 82, 1.231, 87.392, 0.000
K, 83, 0.000, 86.681, 0.000
K, 84, 1.231, 88.813, 0.000
K, 85, 0.000, 89.523, 0.000
K, 86, 1.231, 91.655, 0.000
K, 87, 0.000, 90.944, 0.000
K, 88, 1.231, 93.076, 0.000
K, 89, 0.000, 93.786, 0.000
K, 90, 1.231, 95.918, 0.000
K, 91, 0.000, 95.207, 0.000
K, 92, 1.231, 97.339, 0.000
K, 93, 0.000, 98.049, 0.000
K, 94, 1.231, 100.181, 0.000
K, 95, 0.000, 99.470, 0.000
K, 96, 1.231, 101.602, 0.000
K, 97, 0.000, 102.312, 0.000
K, 98, 1.231, 104.444, 0.000
K, 99, 0.000, 103.733, 0.000
K, 100, 1.231, 105.865, 0.000
K, 101, 0.000, 106.575, 0.000
K, 102, 1.231, 108.707, 0.000
K, 103, 0.000, 107.996, 0.000
K, 104, 1.231, 110.128, 0.000
K, 105, 0.000, 110.838, 0.000
K, 106, 1.231, 112.970, 0.000
K, 107, 0.000, 112.259, 0.000
K, 108, 1.231, 114.391, 0.000
K, 109, 0.000, 115.101, 0.000
K, 110, 1.231, 117.233, 0.000
K, 111, 0.000, 116.522, 0.000
K, 112, 1.231, 118.654, 0.000
K, 113, 0.000, 119.364, 0.000
K, 114, 1.231, 121.496, 0.000
K, 115, 0.000, 120.785, 0.000
K, 116, 1.231, 122.917, 0.000
K, 117, 0.000, 123.627, 0.000
K, 118, 1.231, 125.759, 0.000
K, 119, 0.000, 125.048, 0.000
K, 120, 1.231, 127.180, 0.000
K, 121, 0.000, 127.890, 0.000
K, 122, 1.231, 130.022, 0.000
K, 123, 0.000, 129.311, 0.000
K, 124, 1.231, 131.443, 0.000
K, 125, 0.000, 132.153, 0.000
K, 126, 1.231, 134.285, 0.000
K, 127, 0.000, 133.574, 0.000
K, 128, 1.231, 135.706, 0.000
K, 129, 0.000, 136.416, 0.000
K, 130, 1.231, 138.548, 0.000
K, 131, 0.000, 137.837, 0.000
K, 132, 1.231, 139.969, 0.000
K, 133, 0.000, 140.679, 0.000
K, 134, 1.231, 142.811, 0.000
K, 135, 0.000, 142.100, 0.000
K, 136, 1.231, 144.232, 0.000
K, 137, 0.000, 144.942, 0.000
K, 138, 1.231, 147.074, 0.000
K, 139, 0.000, 146.363, 0.000
K, 140, 1.231, 148.495, 0.000
K, 141, 0.000, 149.205, 0.000
K, 142, 1.231, 151.337, 0.000
K, 143, 0.000, 150.626, 0.000
K, 144, 1.231, 152.758, 0.000
K, 145, 0.000, 153.468, 0.000
K, 146, 1.231, 155.600, 0.000
K, 147, 0.000, 154.889, 0.000
K, 148, 1.231, 157.021, 0.000
K, 149, 0.000, 157.731, 0.000
K, 150, 1.231, 159.863, 0.000
K, 151, 0.000, 159.152, 0.000
K, 152, 1.231, 161.284, 0.000
K, 153, 0.000, 161.994, 0.000
K, 154, 1.231, 164.126, 0.000
K, 155, 0.000, 163.415, 0.000
K, 156, 1.231, 165.547, 0.000
K, 157, 0.000, 166.257, 0.000
K, 158, 1.231, 168.389, 0.000
K, 159, 0.000, 167.678, 0.000
K, 160, 1.231, 169.810, 0.000
K, 161, 0.000, 170.520, 0.000
K, 162, 1.231, 172.652, 0.000
K, 163, 0.000, 171.941, 0.000
K, 164, 1.231, 174.073, 0.000
K, 165, 0.000, 174.783, 0.000
K, 166, 1.231, 176.915, 0.000
K, 167, 0.000, 176.204, 0.000
K, 168, 1.231, 178.336, 0.000
K, 169, 0.000, 179.046, 0.000
K, 170, 1.231, 181.178, 0.000
K, 171, 0.000, 180.467, 0.000
K, 172, 1.231, 182.599, 0.000
K, 173, 0.000, 183.309, 0.000
K, 174, 1.231, 185.441, 0.000
K, 175, 0.000, 184.730, 0.000
K, 176, 1.231, 186.862, 0.000
K, 177, 0.000, 187.572, 0.000
K, 178, 1.231, 189.704, 0.000
K, 179, 0.000, 188.993, 0.000
K, 180, 1.231, 191.125, 0.000
K, 181, 0.000, 191.835, 0.000
K, 182, 1.231, 193.967, 0.000
K, 183, 0.000, 193.256, 0.000
K, 184, 1.231, 195.388, 0.000
K, 185, 0.000, 196.098, 0.000
K, 186, 1.231, 198.230, 0.000
K, 187, 0.000, 197.519, 0.000
K, 188, 1.231, 199.651, 0.000
K, 189, 2.461, 0.000, 0.000
K, 190, 3.692, 2.132, 0.000
K, 191, 2.461, 1.421, 0.000
K, 192, 3.692, 3.553, 0.000
K, 193, 2.461, 4.263, 0.000
K, 194, 3.692, 6.395, 0.000
K, 195, 2.461, 5.684, 0.000
K, 196, 3.692, 7.816, 0.000
K, 197, 2.461, 8.526, 0.000
K, 198, 3.692, 10.658, 0.000
K, 199, 2.461, 9.947, 0.000
K, 200, 3.692, 12.079, 0.000
K, 201, 2.461, 12.789, 0.000
K, 202, 3.692, 14.921, 0.000
K, 203, 2.461, 14.210, 0.000
K, 204, 3.692, 16.342, 0.000
K, 205, 2.461, 17.052, 0.000
K, 206, 3.692, 19.184, 0.000
K, 207, 2.461, 18.473, 0.000
K, 208, 3.692, 20.605, 0.000
K, 209, 2.461, 21.315, 0.000
K, 210, 3.692, 23.447, 0.000
K, 211, 2.461, 22.736, 0.000
K, 212, 3.692, 24.868, 0.000
K, 213, 2.461, 25.578, 0.000
K, 214, 3.692, 27.710, 0.000
K, 215, 2.461, 26.999, 0.000
K, 216, 3.692, 29.131, 0.000
K, 217, 2.461, 29.841, 0.000
K, 218, 3.692, 31.973, 0.000
K, 219, 2.461, 31.262, 0.000
K, 220, 3.692, 33.394, 0.000
K, 221, 2.461, 34.104, 0.000
K, 222, 3.692, 36.236, 0.000
K, 223, 2.461, 35.525, 0.000
K, 224, 3.692, 37.657, 0.000
K, 225, 2.461, 38.367, 0.000
K, 226, 3.692, 40.499, 0.000
K, 227, 2.461, 39.788, 0.000
K, 228, 3.692, 41.920, 0.000
K, 229, 2.461, 42.630, 0.000
K, 230, 3.692, 44.762, 0.000
K, 231, 2.461, 44.051, 0.000
K, 232, 3.692, 46.183, 0.000
K, 233, 2.461, 46.893, 0.000
K, 234, 3.692, 49.025, 0.000
K, 235, 2.461, 48.314, 0.000
K, 236, 3.692, 50.446, 0.000
K, 237, 2.461, 51.156, 0.000
K, 238, 3.692, 53.288, 0.000
K, 239, 2.461, 52.577, 0.000
K, 240, 3.692, 54.709, 0.000
K, 241, 2.461, 55.419, 0.000
K, 242, 3.692, 57.551, 0.000
K, 243, 2.461, 56.840, 0.000
K, 244, 3.692, 58.972, 0.000
K, 245, 2.461, 59.682, 0.000
K, 246, 3.692, 61.814, 0.000
K, 247, 2.461, 61.103, 0.000
K, 248, 3.692, 63.235, 0.000
K, 249, 2.461, 63.945, 0.000
K, 250, 3.692, 66.077, 0.000
K, 251, 2.461, 65.366, 0.000
K, 252, 3.692, 67.498, 0.000
K, 253, 2.461, 68.208, 0.000
K, 254, 3.692, 70.340, 0.000
K, 255, 2.461, 69.629, 0.000
K, 256, 3.692, 71.761, 0.000
K, 257, 2.461, 72.471, 0.000
K, 258, 3.692, 74.603, 0.000
K, 259, 2.461, 73.892, 0.000
K, 260, 3.692, 76.024, 0.000
K, 261, 2.461, 76.734, 0.000
K, 262, 3.692, 78.866, 0.000
K, 263, 2.461, 78.155, 0.000
K, 264, 3.692, 80.287, 0.000
K, 265, 2.461, 80.997, 0.000
K, 266, 3.692, 83.129, 0.000
K, 267, 2.461, 82.418, 0.000
K, 268, 3.692, 84.550, 0.000
K, 269, 2.461, 85.260, 0.000
K, 270, 3.692, 87.392, 0.000
K, 271, 2.461, 86.681, 0.000
K, 272, 3.692, 88.813, 0.000
K, 273, 2.461, 89.523, 0.000
K, 274, 3.692, 91.655, 0.000
K, 275, 2.461, 90.944, 0.000
K, 276, 3.692, 93.076, 0.000
K, 277, 2.461, 93.786, 0.000
K, 278, 3.692, 95.918, 0.000
K, 279, 2.461, 95.207, 0.000
K, 280, 3.692, 97.339, 0.000
K, 281, 2.461, 98.049, 0.000
K, 282, 3.692, 100.181, 0.000
K, 283, 2.461, 99.470, 0.000
K, 284, 3.692, 101.602, 0.000
K, 285, 2.461, 102.312, 0.000
K, 286, 3.692, 104.444, 0.000
K, 287, 2.461, 103.733, 0.000
K, 288, 3.692, 105.865, 0.000
K, 289, 2.461, 106.575, 0.000
K, 290, 3.692, 108.707, 0.000
K, 291, 2.461, 107.996, 0.000
K, 292, 3.692, 110.128, 0.000
K, 293, 2.461, 110.838, 0.000
K, 294, 3.692, 112.970, 0.000
K, 295, 2.461, 112.259, 0.000
K, 296, 3.692, 114.391, 0.000
K, 297, 2.461, 115.101, 0.000
K, 298, 3.692, 117.233, 0.000
K, 299, 2.461, 116.522, 0.000
K, 300, 3.692, 118.654, 0.000
K, 301, 2.461, 119.364, 0.000
K, 302, 3.692, 121.496, 0.000
K, 303, 2.461, 120.785, 0.000
K, 304, 3.692, 122.917, 0.000
K, 305, 2.461, 123.627, 0.000
K, 306, 3.692, 125.759, 0.000
K, 307, 2.461, 125.048, 0.000
K, 308, 3.692, 127.180, 0.000
K, 309, 2.461, 127.890, 0.000
K, 310, 3.692, 130.022, 0.000
K, 311, 2.461, 129.311, 0.000
K, 312, 3.692, 131.443, 0.000
K, 313, 2.461, 132.153, 0.000
K, 314, 3.692, 134.285, 0.000
K, 315, 2.461, 133.574, 0.000
K, 316, 3.692, 135.706, 0.000
K, 317, 2.461, 136.416, 0.000
K, 318, 3.692, 138.548, 0.000
K, 319, 2.461, 137.837, 0.000
K, 320, 3.692, 139.969, 0.000
K, 321, 2.461, 140.679, 0.000
K, 322, 3.692, 142.811, 0.000
K, 323, 2.461, 142.100, 0.000
K, 324, 3.692, 144.232, 0.000
K, 325, 2.461, 144.942, 0.000
K, 326, 3.692, 147.074, 0.000
K, 327, 2.461, 146.363, 0.000
K, 328, 3.692, 148.495, 0.000
K, 329, 2.461, 149.205, 0.000
K, 330, 3.692, 151.337, 0.000
K, 331, 2.461, 150.626, 0.000
K, 332, 3.692, 152.758, 0.000
K, 333, 2.461, 153.468, 0.000
K, 334, 3.692, 155.600, 0.000
K, 335, 2.461, 154.889, 0.000
K, 336, 3.692, 157.021, 0.000
K, 337, 2.461, 157.731, 0.000
K, 338, 3.692, 159.863, 0.000
K, 339, 2.461, 159.152, 0.000
K, 340, 3.692, 161.284, 0.000
K, 341, 2.461, 161.994, 0.000
K, 342, 3.692, 164.126, 0.000
K, 343, 2.461, 163.415, 0.000
K, 344, 3.692, 165.547, 0.000
K, 345, 2.461, 166.257, 0.000
K, 346, 3.692, 168.389, 0.000
K, 347, 2.461, 167.678, 0.000
K, 348, 3.692, 169.810, 0.000
K, 349, 2.461, 170.520, 0.000
K, 350, 3.692, 172.652, 0.000
K, 351, 2.461, 171.941, 0.000
K, 352, 3.692, 174.073, 0.000
K, 353, 2.461, 174.783, 0.000
K, 354, 3.692, 176.915, 0.000
K, 355, 2.461, 176.204, 0.000
K, 356, 3.692, 178.336, 0.000
K, 357, 2.461, 179.046, 0.000
K, 358, 3.692, 181.178, 0.000
K, 359, 2.461, 180.467, 0.000
K, 360, 3.692, 182.599, 0.000
K, 361, 2.461, 183.309, 0.000
K, 362, 3.692, 185.441, 0.000
K, 363, 2.461, 184.730, 0.000
K, 364, 3.692, 186.862, 0.000
K, 365, 2.461, 187.572, 0.000
K, 366, 3.692, 189.704, 0.000
K, 367, 2.461, 188.993, 0.000
K, 368, 3.692, 191.125, 0.000
K, 369, 2.461, 191.835, 0.000
K, 370, 3.692, 193.967, 0.000
K, 371, 2.461, 193.256, 0.000
K, 372, 3.692, 195.388, 0.000
K, 373, 2.461, 196.098, 0.000
K, 374, 3.692, 198.230, 0.000
K, 375, 2.461, 197.519, 0.000
K, 376, 3.692, 199.651, 0.000
K, 377, 4.922, 0.000, 0.000
K, 378, 6.153, 2.132, 0.000
K, 379, 4.922, 1.421, 0.000
K, 380, 6.153, 3.553, 0.000
K, 381, 4.922, 4.263, 0.000
K, 382, 6.153, 6.395, 0.000
K, 383, 4.922, 5.684, 0.000
K, 384, 6.153, 7.816, 0.000
K, 385, 4.922, 8.526, 0.000
K, 386, 6.153, 10.658, 0.000
K, 387, 4.922, 9.947, 0.000
K, 388, 6.153, 12.079, 0.000
K, 389, 4.922, 12.789, 0.000
K, 390, 6.153, 14.921, 0.000
K, 391, 4.922, 14.210, 0.000
K, 392, 6.153, 16.342, 0.000
K, 393, 4.922, 17.052, 0.000
K, 394, 6.153, 19.184, 0.000
K, 395, 4.922, 18.473, 0.000
K, 396, 6.153, 20.605, 0.000
K, 397, 4.922, 21.315, 0.000
K, 398, 6.153, 23.447, 0.000
K, 399, 4.922, 22.736, 0.000
K, 400, 6.153, 24.868, 0.000
K, 401, 4.922, 25.578, 0.000
K, 402, 6.153, 27.710, 0.000
K, 403, 4.922, 26.999, 0.000
K, 404, 6.153, 29.131, 0.000
K, 405, 4.922, 29.841, 0.000
K, 406, 6.153, 31.973, 0.000
K, 407, 4.922, 31.262, 0.000
K, 408, 6.153, 33.394, 0.000
K, 409, 4.922, 34.104, 0.000
K, 410, 6.153, 36.236, 0.000
K, 411, 4.922, 35.525, 0.000
K, 412, 6.153, 37.657, 0.000
K, 413, 4.922, 38.367, 0.000
K, 414, 6.153, 40.499, 0.000
K, 415, 4.922, 39.788, 0.000
K, 416, 6.153, 41.920, 0.000
K, 417, 4.922, 42.630, 0.000
K, 418, 6.153, 44.762, 0.000
K, 419, 4.922, 44.051, 0.000
K, 420, 6.153, 46.183, 0.000
K, 421, 4.922, 46.893, 0.000
K, 422, 6.153, 49.025, 0.000
K, 423, 4.922, 48.314, 0.000
K, 424, 6.153, 50.446, 0.000
K, 425, 4.922, 51.156, 0.000
K, 426, 6.153, 53.288, 0.000
K, 427, 4.922, 52.577, 0.000
K, 428, 6.153, 54.709, 0.000
K, 429, 4.922, 55.419, 0.000
K, 430, 6.153, 57.551, 0.000
K, 431, 4.922, 56.840, 0.000
K, 432, 6.153, 58.972, 0.000
K, 433, 4.922, 59.682, 0.000
K, 434, 6.153, 61.814, 0.000
K, 435, 4.922, 61.103, 0.000
K, 436, 6.153, 63.235, 0.000
K, 437, 4.922, 63.945, 0.000
K, 438, 6.153, 66.077, 0.000
K, 439, 4.922, 65.366, 0.000
K, 440, 6.153, 67.498, 0.000
K, 441, 4.922, 68.208, 0.000
K, 442, 6.153, 70.340, 0.000
K, 443, 4.922, 69.629, 0.000
K, 444, 6.153, 71.761, 0.000
K, 445, 4.922, 72.471, 0.000
K, 446, 6.153, 74.603, 0.000
K, 447, 4.922, 73.892, 0.000
K, 448, 6.153, 76.024, 0.000
K, 449, 4.922, 76.734, 0.000
K, 450, 6.153, 78.866, 0.000
K, 451, 4.922, 78.155, 0.000
K, 452, 6.153, 80.287, 0.000
K, 453, 4.922, 80.997, 0.000
K, 454, 6.153, 83.129, 0.000
K, 455, 4.922, 82.418, 0.000
K, 456, 6.153, 84.550, 0.000
K, 457, 4.922, 85.260, 0.000
K, 458, 6.153, 87.392, 0.000
K, 459, 4.922, 86.681, 0.000
K, 460, 6.153, 88.813, 0.000
K, 461, 4.922, 89.523, 0.000
K, 462, 6.153, 91.655, 0.000
K, 463, 4.922, 90.944, 0.000
K, 464, 6.153, 93.076, 0.000
K, 465, 4.922, 93.786, 0.000
K, 466, 6.153, 95.918, 0.000
K, 467, 4.922, 95.207, 0.000
K, 468, 6.153, 97.339, 0.000
K, 469, 4.922, 98.049, 0.000
K, 470, 6.153, 100.181, 0.000
K, 471, 4.922, 99.470, 0.000
K, 472, 6.153, 101.602, 0.000
K, 473, 4.922, 102.312, 0.000
K, 474, 6.153, 104.444, 0.000
K, 475, 4.922, 103.733, 0.000
K, 476, 6.153, 105.865, 0.000
K, 477, 4.922, 106.575, 0.000
K, 478, 6.153, 108.707, 0.000
K, 479, 4.922, 107.996, 0.000
K, 480, 6.153, 110.128, 0.000
K, 481, 4.922, 110.838, 0.000
K, 482, 6.153, 112.970, 0.000
K, 483, 4.922, 112.259, 0.000
K, 484, 6.153, 114.391, 0.000
K, 485, 4.922, 115.101, 0.000
K, 486, 6.153, 117.233, 0.000
K, 487, 4.922, 116.522, 0.000
K, 488, 6.153, 118.654, 0.000
K, 489, 4.922, 119.364, 0.000
K, 490, 6.153, 121.496, 0.000
K, 491, 4.922, 120.785, 0.000
K, 492, 6.153, 122.917, 0.000
K, 493, 4.922, 123.627, 0.000
K, 494, 6.153, 125.759, 0.000
K, 495, 4.922, 125.048, 0.000
K, 496, 6.153, 127.180, 0.000
K, 497, 4.922, 127.890, 0.000
K, 498, 6.153, 130.022, 0.000
K, 499, 4.922, 129.311, 0.000
K, 500, 6.153, 131.443, 0.000
K, 501, 4.922, 132.153, 0.000
K, 502, 6.153, 134.285, 0.000
K, 503, 4.922, 133.574, 0.000
K, 504, 6.153, 135.706, 0.000
K, 505, 4.922, 136.416, 0.000
K, 506, 6.153, 138.548, 0.000
K, 507, 4.922, 137.837, 0.000
K, 508, 6.153, 139.969, 0.000
K, 509, 4.922, 140.679, 0.000
K, 510, 6.153, 142.811, 0.000
K, 511, 4.922, 142.100, 0.000
K, 512, 6.153, 144.232, 0.000
K, 513, 4.922, 144.942, 0.000
K, 514, 6.153, 147.074, 0.000
K, 515, 4.922, 146.363, 0.000
K, 516, 6.153, 148.495, 0.000
K, 517, 4.922, 149.205, 0.000
K, 518, 6.153, 151.337, 0.000
K, 519, 4.922, 150.626, 0.000
K, 520, 6.153, 152.758, 0.000
K, 521, 4.922, 153.468, 0.000
K, 522, 6.153, 155.600, 0.000
K, 523, 4.922, 154.889, 0.000
K, 524, 6.153, 157.021, 0.000
K, 525, 4.922, 157.731, 0.000
K, 526, 6.153, 159.863, 0.000
K, 527, 4.922, 159.152, 0.000
K, 528, 6.153, 161.284, 0.000
K, 529, 4.922, 161.994, 0.000
K, 530, 6.153, 164.126, 0.000
K, 531, 4.922, 163.415, 0.000
K, 532, 6.153, 165.547, 0.000
K, 533, 4.922, 166.257, 0.000
K, 534, 6.153, 168.389, 0.000
K, 535, 4.922, 167.678, 0.000
K, 536, 6.153, 169.810, 0.000
K, 537, 4.922, 170.520, 0.000
K, 538, 6.153, 172.652, 0.000
K, 539, 4.922, 171.941, 0.000
K, 540, 6.153, 174.073, 0.000
K, 541, 4.922, 174.783, 0.000
K, 542, 6.153, 176.915, 0.000
K, 543, 4.922, 176.204, 0.000
K, 544, 6.153, 178.336, 0.000
K, 545, 4.922, 179.046, 0.000
K, 546, 6.153, 181.178, 0.000
K, 547, 4.922, 180.467, 0.000
K, 548, 6.153, 182.599, 0.000
K, 549, 4.922, 183.309, 0.000
K, 550, 6.153, 185.441, 0.000
K, 551, 4.922, 184.730, 0.000
K, 552, 6.153, 186.862, 0.000
K, 553, 4.922, 187.572, 0.000
K, 554, 6.153, 189.704, 0.000
K, 555, 4.922, 188.993, 0.000
K, 556, 6.153, 191.125, 0.000
K, 557, 4.922, 191.835, 0.000
K, 558, 6.153, 193.967, 0.000
K, 559, 4.922, 193.256, 0.000
K, 560, 6.153, 195.388, 0.000
K, 561, 4.922, 196.098, 0.000
K, 562, 6.153, 198.230, 0.000
K, 563, 4.922, 197.519, 0.000
K, 564, 6.153, 199.651, 0.000
L, 1, 3
L, 2, 3
L, 2, 4
L, 3, 1
L, 3, 2
L, 4, 2
L, 4, 5
L, 5, 4
L, 5, 7
L, 6, 7
L, 6, 8
L, 7, 5
L, 7, 6
L, 8, 6
L, 8, 9
L, 9, 8
L, 9, 11
L, 10, 11
L, 10, 12
L, 11, 9
L, 11, 10
L, 12, 10
L, 12, 13
L, 13, 12
L, 13, 15
L, 14, 15
L, 14, 16
L, 15, 13
L, 15, 14
L, 16, 14
L, 16, 17
L, 17, 16
L, 17, 19
L, 18, 19
L, 18, 20
L, 19, 17
L, 19, 18
L, 20, 18
L, 20, 21
L, 21, 20
L, 21, 23
L, 22, 23
L, 22, 24
L, 23, 21
L, 23, 22
L, 24, 22
L, 24, 25
L, 25, 24
L, 25, 27
L, 26, 27
L, 26, 28
L, 27, 25
L, 27, 26
L, 28, 26
L, 28, 29
L, 29, 28
L, 29, 31
L, 30, 31
L, 30, 32
L, 31, 29
L, 31, 30
L, 32, 30
L, 32, 33
L, 33, 32
L, 33, 35
L, 34, 35
L, 34, 36
L, 35, 33
L, 35, 34
L, 36, 34
L, 36, 37
L, 37, 36
L, 37, 39
L, 38, 39
L, 38, 40
L, 39, 37
L, 39, 38
L, 40, 38
L, 40, 41
L, 41, 40
L, 41, 43
L, 42, 43
L, 42, 44
L, 43, 41
L, 43, 42
L, 44, 42
L, 44, 45
L, 45, 44
L, 45, 47
L, 46, 47
L, 46, 48
L, 47, 45
L, 47, 46
L, 48, 46
L, 48, 49
L, 49, 48
L, 49, 51
L, 50, 51
L, 50, 52
L, 51, 49
L, 51, 50
L, 52, 50
L, 52, 53
L, 53, 52
L, 53, 55
L, 54, 55
L, 54, 56
L, 55, 53
L, 55, 54
L, 56, 54
L, 56, 57
L, 57, 56
L, 57, 59
L, 58, 59
L, 58, 60
L, 59, 57
L, 59, 58
L, 60, 58
L, 60, 61
L, 61, 60
L, 61, 63
L, 62, 63
L, 62, 64
L, 63, 61
L, 63, 62
L, 64, 62
L, 64, 65
L, 65, 64
L, 65, 67
L, 66, 67
L, 66, 68
L, 67, 65
L, 67, 66
L, 68, 66
L, 68, 69
L, 69, 68
L, 69, 71
L, 70, 71
L, 70, 72
L, 71, 69
L, 71, 70
L, 72, 70
L, 72, 73
L, 73, 72
L, 73, 75
L, 74, 75
L, 74, 76
L, 75, 73
L, 75, 74
L, 76, 74
L, 76, 77
L, 77, 76
L, 77, 79
L, 78, 79
L, 78, 80
L, 79, 77
L, 79, 78
L, 80, 78
L, 80, 81
L, 81, 80
L, 81, 83
L, 82, 83
L, 82, 84
L, 83, 81
L, 83, 82
L, 84, 82
L, 84, 85
L, 85, 84
L, 85, 87
L, 86, 87
L, 86, 88
L, 87, 85
L, 87, 86
L, 88, 86
L, 88, 89
L, 89, 88
L, 89, 91
L, 90, 91
L, 90, 92
L, 91, 89
L, 91, 90
L, 92, 90
L, 92, 93
L, 93, 92
L, 93, 95
L, 94, 95
L, 94, 96
L, 95, 93
L, 95, 94
L, 96, 94
L, 96, 97
L, 97, 96
L, 97, 99
L, 98, 99
L, 98, 100
L, 99, 97
L, 99, 98
L, 100, 98
L, 100, 101
L, 101, 100
L, 101, 103
L, 102, 103
L, 102, 104
L, 103, 101
L, 103, 102
L, 104, 102
L, 104, 105
L, 105, 104
L, 105, 107
L, 106, 107
L, 106, 108
L, 107, 105
L, 107, 106
L, 108, 106
L, 108, 109
L, 109, 108
L, 109, 111
L, 110, 111
L, 110, 112
L, 111, 109
L, 111, 110
L, 112, 110
L, 112, 113
L, 113, 112
L, 113, 115
L, 114, 115
L, 114, 116
L, 115, 113
L, 115, 114
L, 116, 114
L, 116, 117
L, 117, 116
L, 117, 119
L, 118, 119
L, 118, 120
L, 119, 117
L, 119, 118
L, 120, 118
L, 120, 121
L, 121, 120
L, 121, 123
L, 122, 123
L, 122, 124
L, 123, 121
L, 123, 122
L, 124, 122
L, 124, 125
L, 125, 124
L, 125, 127
L, 126, 127
L, 126, 128
L, 127, 125
L, 127, 126
L, 128, 126
L, 128, 129
L, 129, 128
L, 129, 131
L, 130, 131
L, 130, 132
L, 131, 129
L, 131, 130
L, 132, 130
L, 132, 133
L, 133, 132
L, 133, 135
L, 134, 135
L, 134, 136
L, 135, 133
L, 135, 134
L, 136, 134
L, 136, 137
L, 137, 136
L, 137, 139
L, 138, 139
L, 138, 140
L, 139, 137
L, 139, 138
L, 140, 138
L, 140, 141
L, 141, 140
L, 141, 143
L, 142, 143
L, 142, 144
L, 143, 141
L, 143, 142
L, 144, 142
L, 144, 145
L, 145, 144
L, 145, 147
L, 146, 147
L, 146, 148
L, 147, 145
L, 147, 146
L, 148, 146
L, 148, 149
L, 149, 148
L, 149, 151
L, 150, 151
L, 150, 152
L, 151, 149
L, 151, 150
L, 152, 150
L, 152, 153
L, 153, 152
L, 153, 155
L, 154, 155
L, 154, 156
L, 155, 153
L, 155, 154
L, 156, 154
L, 156, 157
L, 157, 156
L, 157, 159
L, 158, 159
L, 158, 160
L, 159, 157
L, 159, 158
L, 160, 158
L, 160, 161
L, 161, 160
L, 161, 163
L, 162, 163
L, 162, 164
L, 163, 161
L, 163, 162
L, 164, 162
L, 164, 165
L, 165, 164
L, 165, 167
L, 166, 167
L, 166, 168
L, 167, 165
L, 167, 166
L, 168, 166
L, 168, 169
L, 169, 168
L, 169, 171
L, 170, 171
L, 170, 172
L, 171, 169
L, 171, 170
L, 172, 170
L, 172, 173
L, 173, 172
L, 173, 175
L, 174, 175
L, 174, 176
L, 175, 173
L, 175, 174
L, 176, 174
L, 176, 177
L, 177, 176
L, 177, 179
L, 178, 179
L, 178, 180
L, 179, 177
L, 179, 178
L, 180, 178
L, 180, 181
L, 181, 180
L, 181, 183
L, 182, 183
L, 182, 184
L, 183, 181
L, 183, 182
L, 184, 182
L, 184, 185
L, 185, 184
L, 185, 187
L, 186, 187
L, 186, 188
L, 187, 185
L, 187, 186
L, 188, 186
L, 189, 191
L, 190, 191
L, 190, 192
L, 191, 2
L, 191, 189
L, 192, 190
L, 192, 193
L, 193, 4
L, 193, 192
L, 194, 195
L, 194, 196
L, 195, 6
L, 195, 193
L, 196, 194
L, 196, 197
L, 197, 8
L, 197, 196
L, 198, 199
L, 198, 200
L, 199, 10
L, 199, 197
L, 200, 198
L, 200, 201
L, 201, 12
L, 201, 200
L, 202, 203
L, 202, 204
L, 203, 14
L, 203, 201
L, 204, 202
L, 204, 205
L, 205, 16
L, 205, 204
L, 206, 207
L, 206, 208
L, 207, 18
L, 207, 205
L, 208, 206
L, 208, 209
L, 209, 20
L, 209, 208
L, 210, 211
L, 210, 212
L, 211, 22
L, 211, 209
L, 212, 210
L, 212, 213
L, 213, 24
L, 213, 212
L, 214, 215
L, 214, 216
L, 215, 26
L, 215, 213
L, 216, 214
L, 216, 217
L, 217, 28
L, 217, 216
L, 218, 219
L, 218, 220
L, 219, 30
L, 219, 217
L, 220, 218
L, 220, 221
L, 221, 32
L, 221, 220
L, 222, 223
L, 222, 224
L, 223, 34
L, 223, 221
L, 224, 222
L, 224, 225
L, 225, 36
L, 225, 224
L, 226, 227
L, 226, 228
L, 227, 38
L, 227, 225
L, 228, 226
L, 228, 229
L, 229, 40
L, 229, 228
L, 230, 231
L, 230, 232
L, 231, 42
L, 231, 229
L, 232, 230
L, 232, 233
L, 233, 44
L, 233, 232
L, 234, 235
L, 234, 236
L, 235, 46
L, 235, 233
L, 236, 234
L, 236, 237
L, 237, 48
L, 237, 236
L, 238, 239
L, 238, 240
L, 239, 50
L, 239, 237
L, 240, 238
L, 240, 241
L, 241, 52
L, 241, 240
L, 242, 243
L, 242, 244
L, 243, 54
L, 243, 241
L, 244, 242
L, 244, 245
L, 245, 56
L, 245, 244
L, 246, 247
L, 246, 248
L, 247, 58
L, 247, 245
L, 248, 246
L, 248, 249
L, 249, 60
L, 249, 248
L, 250, 251
L, 250, 252
L, 251, 62
L, 251, 249
L, 252, 250
L, 252, 253
L, 253, 64
L, 253, 252
L, 254, 255
L, 254, 256
L, 255, 66
L, 255, 253
L, 256, 254
L, 256, 257
L, 257, 68
L, 257, 256
L, 258, 259
L, 258, 260
L, 259, 70
L, 259, 257
L, 260, 258
L, 260, 261
L, 261, 72
L, 261, 260
L, 262, 263
L, 262, 264
L, 263, 74
L, 263, 261
L, 264, 262
L, 264, 265
L, 265, 76
L, 265, 264
L, 266, 267
L, 266, 268
L, 267, 78
L, 267, 265
L, 268, 266
L, 268, 269
L, 269, 80
L, 269, 268
L, 270, 271
L, 270, 272
L, 271, 82
L, 271, 269
L, 272, 270
L, 272, 273
L, 273, 84
L, 273, 272
L, 274, 275
L, 274, 276
L, 275, 86
L, 275, 273
L, 276, 274
L, 276, 277
L, 277, 88
L, 277, 276
L, 278, 279
L, 278, 280
L, 279, 90
L, 279, 277
L, 280, 278
L, 280, 281
L, 281, 92
L, 281, 280
L, 282, 283
L, 282, 284
L, 283, 94
L, 283, 281
L, 284, 282
L, 284, 285
L, 285, 96
L, 285, 284
L, 286, 287
L, 286, 288
L, 287, 98
L, 287, 285
L, 288, 286
L, 288, 289
L, 289, 100
L, 289, 288
L, 290, 291
L, 290, 292
L, 291, 102
L, 291, 289
L, 292, 290
L, 292, 293
L, 293, 104
L, 293, 292
L, 294, 295
L, 294, 296
L, 295, 106
L, 295, 293
L, 296, 294
L, 296, 297
L, 297, 108
L, 297, 296
L, 298, 299
L, 298, 300
L, 299, 110
L, 299, 297
L, 300, 298
L, 300, 301
L, 301, 112
L, 301, 300
L, 302, 303
L, 302, 304
L, 303, 114
L, 303, 301
L, 304, 302
L, 304, 305
L, 305, 116
L, 305, 304
L, 306, 307
L, 306, 308
L, 307, 118
L, 307, 305
L, 308, 306
L, 308, 309
L, 309, 120
L, 309, 308
L, 310, 311
L, 310, 312
L, 311, 122
L, 311, 309
L, 312, 310
L, 312, 313
L, 313, 124
L, 313, 312
L, 314, 315
L, 314, 316
L, 315, 126
L, 315, 313
L, 316, 314
L, 316, 317
L, 317, 128
L, 317, 316
L, 318, 319
L, 318, 320
L, 319, 130
L, 319, 317
L, 320, 318
L, 320, 321
L, 321, 132
L, 321, 320
L, 322, 323
L, 322, 324
L, 323, 134
L, 323, 321
L, 324, 322
L, 324, 325
L, 325, 136
L, 325, 324
L, 326, 327
L, 326, 328
L, 327, 138
L, 327, 325
L, 328, 326
L, 328, 329
L, 329, 140
L, 329, 328
L, 330, 331
L, 330, 332
L, 331, 142
L, 331, 329
L, 332, 330
L, 332, 333
L, 333, 144
L, 333, 332
L, 334, 335
L, 334, 336
L, 335, 146
L, 335, 333
L, 336, 334
L, 336, 337
L, 337, 148
L, 337, 336
L, 338, 339
L, 338, 340
L, 339, 150
L, 339, 337
L, 340, 338
L, 340, 341
L, 341, 152
L, 341, 340
L, 342, 343
L, 342, 344
L, 343, 154
L, 343, 341
L, 344, 342
L, 344, 345
L, 345, 156
L, 345, 344
L, 346, 347
L, 346, 348
L, 347, 158
L, 347, 345
L, 348, 346
L, 348, 349
L, 349, 160
L, 349, 348
L, 350, 351
L, 350, 352
L, 351, 162
L, 351, 349
L, 352, 350
L, 352, 353
L, 353, 164
L, 353, 352
L, 354, 355
L, 354, 356
L, 355, 166
L, 355, 353
L, 356, 354
L, 356, 357
L, 357, 168
L, 357, 356
L, 358, 359
L, 358, 360
L, 359, 170
L, 359, 357
L, 360, 358
L, 360, 361
L, 361, 172
L, 361, 360
L, 362, 363
L, 362, 364
L, 363, 174
L, 363, 361
L, 364, 362
L, 364, 365
L, 365, 176
L, 365, 364
L, 366, 367
L, 366, 368
L, 367, 178
L, 367, 365
L, 368, 366
L, 368, 369
L, 369, 180
L, 369, 368
L, 370, 371
L, 370, 372
L, 371, 182
L, 371, 369
L, 372, 370
L, 372, 373
L, 373, 184
L, 373, 372
L, 374, 375
L, 374, 376
L, 375, 186
L, 375, 373
L, 376, 374
L, 377, 379
L, 378, 379
L, 378, 380
L, 379, 190
L, 379, 377
L, 380, 378
L, 380, 381
L, 381, 192
L, 381, 380
L, 382, 383
L, 382, 384
L, 383, 194
L, 383, 381
L, 384, 382
L, 384, 385
L, 385, 196
L, 385, 384
L, 386, 387
L, 386, 388
L, 387, 198
L, 387, 385
L, 388, 386
L, 388, 389
L, 389, 200
L, 389, 388
L, 390, 391
L, 390, 392
L, 391, 202
L, 391, 389
L, 392, 390
L, 392, 393
L, 393, 204
L, 393, 392
L, 394, 395
L, 394, 396
L, 395, 206
L, 395, 393
L, 396, 394
L, 396, 397
L, 397, 208
L, 397, 396
L, 398, 399
L, 398, 400
L, 399, 210
L, 399, 397
L, 400, 398
L, 400, 401
L, 401, 212
L, 401, 400
L, 402, 403
L, 402, 404
L, 403, 214
L, 403, 401
L, 404, 402
L, 404, 405
L, 405, 216
L, 405, 404
L, 406, 407
L, 406, 408
L, 407, 218
L, 407, 405
L, 408, 406
L, 408, 409
L, 409, 220
L, 409, 408
L, 410, 411
L, 410, 412
L, 411, 222
L, 411, 409
L, 412, 410
L, 412, 413
L, 413, 224
L, 413, 412
L, 414, 415
L, 414, 416
L, 415, 226
L, 415, 413
L, 416, 414
L, 416, 417
L, 417, 228
L, 417, 416
L, 418, 419
L, 418, 420
L, 419, 230
L, 419, 417
L, 420, 418
L, 420, 421
L, 421, 232
L, 421, 420
L, 422, 423
L, 422, 424
L, 423, 234
L, 423, 421
L, 424, 422
L, 424, 425
L, 425, 236
L, 425, 424
L, 426, 427
L, 426, 428
L, 427, 238
L, 427, 425
L, 428, 426
L, 428, 429
L, 429, 240
L, 429, 428
L, 430, 431
L, 430, 432
L, 431, 242
L, 431, 429
L, 432, 430
L, 432, 433
L, 433, 244
L, 433, 432
L, 434, 435
L, 434, 436
L, 435, 246
L, 435, 433
L, 436, 434
L, 436, 437
L, 437, 248
L, 437, 436
L, 438, 439
L, 438, 440
L, 439, 250
L, 439, 437
L, 440, 438
L, 440, 441
L, 441, 252
L, 441, 440
L, 442, 443
L, 442, 444
L, 443, 254
L, 443, 441
L, 444, 442
L, 444, 445
L, 445, 256
L, 445, 444
L, 446, 447
L, 446, 448
L, 447, 258
L, 447, 445
L, 448, 446
L, 448, 449
L, 449, 260
L, 449, 448
L, 450, 451
L, 450, 452
L, 451, 262
L, 451, 449
L, 452, 450
L, 452, 453
L, 453, 264
L, 453, 452
L, 454, 455
L, 454, 456
L, 455, 266
L, 455, 453
L, 456, 454
L, 456, 457
L, 457, 268
L, 457, 456
L, 458, 459
L, 458, 460
L, 459, 270
L, 459, 457
L, 460, 458
L, 460, 461
L, 461, 272
L, 461, 460
L, 462, 463
L, 462, 464
L, 463, 274
L, 463, 461
L, 464, 462
L, 464, 465
L, 465, 276
L, 465, 464
L, 466, 467
L, 466, 468
L, 467, 278
L, 467, 465
L, 468, 466
L, 468, 469
L, 469, 280
L, 469, 468
L, 470, 471
L, 470, 472
L, 471, 282
L, 471, 469
L, 472, 470
L, 472, 473
L, 473, 284
L, 473, 472
L, 474, 475
L, 474, 476
L, 475, 286
L, 475, 473
L, 476, 474
L, 476, 477
L, 477, 288
L, 477, 476
L, 478, 479
L, 478, 480
L, 479, 290
L, 479, 477
L, 480, 478
L, 480, 481
L, 481, 292
L, 481, 480
L, 482, 483
L, 482, 484
L, 483, 294
L, 483, 481
L, 484, 482
L, 484, 485
L, 485, 296
L, 485, 484
L, 486, 487
L, 486, 488
L, 487, 298
L, 487, 485
L, 488, 486
L, 488, 489
L, 489, 300
L, 489, 488
L, 490, 491
L, 490, 492
L, 491, 302
L, 491, 489
L, 492, 490
L, 492, 493
L, 493, 304
L, 493, 492
L, 494, 495
L, 494, 496
L, 495, 306
L, 495, 493
L, 496, 494
L, 496, 497
L, 497, 308
L, 497, 496
L, 498, 499
L, 498, 500
L, 499, 310
L, 499, 497
L, 500, 498
L, 500, 501
L, 501, 312
L, 501, 500
L, 502, 503
L, 502, 504
L, 503, 314
L, 503, 501
L, 504, 502
L, 504, 505
L, 505, 316
L, 505, 504
L, 506, 507
L, 506, 508
L, 507, 318
L, 507, 505
L, 508, 506
L, 508, 509
L, 509, 320
L, 509, 508
L, 510, 511
L, 510, 512
L, 511, 322
L, 511, 509
L, 512, 510
L, 512, 513
L, 513, 324
L, 513, 512
L, 514, 515
L, 514, 516
L, 515, 326
L, 515, 513
L, 516, 514
L, 516, 517
L, 517, 328
L, 517, 516
L, 518, 519
L, 518, 520
L, 519, 330
L, 519, 517
L, 520, 518
L, 520, 521
L, 521, 332
L, 521, 520
L, 522, 523
L, 522, 524
L, 523, 334
L, 523, 521
L, 524, 522
L, 524, 525
L, 525, 336
L, 525, 524
L, 526, 527
L, 526, 528
L, 527, 338
L, 527, 525
L, 528, 526
L, 528, 529
L, 529, 340
L, 529, 528
L, 530, 531
L, 530, 532
L, 531, 342
L, 531, 529
L, 532, 530
L, 532, 533
L, 533, 344
L, 533, 532
L, 534, 535
L, 534, 536
L, 535, 346
L, 535, 533
L, 536, 534
L, 536, 537
L, 537, 348
L, 537, 536
L, 538, 539
L, 538, 540
L, 539, 350
L, 539, 537
L, 540, 538
L, 540, 541
L, 541, 352
L, 541, 540
L, 542, 543
L, 542, 544
L, 543, 354
L, 543, 541
L, 544, 542
L, 544, 545
L, 545, 356
L, 545, 544
L, 546, 547
L, 546, 548
L, 547, 358
L, 547, 545
L, 548, 546
L, 548, 549
L, 549, 360
L, 549, 548
L, 550, 551
L, 550, 552
L, 551, 362
L, 551, 549
L, 552, 550
L, 552, 553
L, 553, 364
L, 553, 552
L, 554, 555
L, 554, 556
L, 555, 366
L, 555, 553
L, 556, 554
L, 556, 557
L, 557, 368
L, 557, 556
L, 558, 559
L, 558, 560
L, 559, 370
L, 559, 557
L, 560, 558
L, 560, 561
L, 561, 372
L, 561, 560
L, 562, 563
L, 562, 564
L, 563, 374
L, 563, 561
L, 564, 562
