/PREP7
N,1,0.0,0.0,0.0
N,2,1.231,2.132,0.0
N,3,0.0,1.421,0.0
N,4,1.231,3.553,0.0
N,5,0.0,4.263,0.0
N,6,1.231,6.395,0.0
N,7,0.0,5.684,0.0
N,8,1.231,7.816,0.0
N,9,0.0,8.526,0.0
N,10,1.231,10.658,0.0
N,11,0.0,9.947,0.0
N,12,1.231,12.079,0.0
N,13,0.0,12.789,0.0
N,14,1.231,14.921,0.0
N,15,0.0,14.21,0.0
N,16,1.231,16.342,0.0
N,17,0.0,17.052,0.0
N,18,1.231,19.184,0.0
N,20,1.231,20.605,0.0
N,21,0.0,21.315,0.0
N,22,1.231,23.447,0.0
N,23,0.0,22.736,0.0
N,24,1.231,24.868,0.0
N,25,0.0,25.578,0.0
N,26,1.231,27.71,0.0
N,27,0.0,26.999,0.0
N,28,1.231,29.131,0.0
N,29,0.0,29.841,0.0
N,30,1.231,31.973,0.0
N,31,0.0,31.262,0.0
N,32,1.231,33.394,0.0
N,33,0.0,34.104,0.0
N,34,1.231,36.236,0.0
N,35,0.0,35.525,0.0
N,36,1.231,37.657,0.0
N,37,0.0,38.367,0.0
N,38,1.231,40.499,0.0
N,39,0.0,39.788,0.0
N,40,1.231,41.92,0.0
N,41,0.0,42.63,0.0
N,42,1.231,44.762,0.0
N,43,0.0,44.051,0.0
N,44,1.231,46.183,0.0
N,45,0.0,46.893,0.0
N,46,1.231,49.025,0.0
N,47,0.0,48.314,0.0
N,48,1.231,50.446,0.0
N,49,0.0,51.156,0.0
N,50,1.231,53.288,0.0
N,51,0.0,52.577,0.0
N,52,1.231,54.709,0.0
N,53,0.0,55.419,0.0
N,54,1.231,57.551,0.0
N,55,0.0,56.84,0.0
N,56,1.231,58.972,0.0
N,57,0.0,59.682,0.0
N,58,1.231,61.814,0.0
N,59,0.0,61.103,0.0
N,60,1.231,63.235,0.0
N,61,0.0,63.945,0.0
N,62,1.231,66.077,0.0
N,63,0.0,65.366,0.0
N,64,1.231,67.498,0.0
N,65,0.0,68.208,0.0
N,66,1.231,70.34,0.0
N,67,0.0,69.629,0.0
N,68,1.231,71.761,0.0
N,69,0.0,72.471,0.0
N,70,1.231,74.603,0.0
N,71,0.0,73.892,0.0
N,72,1.231,76.024,0.0
N,73,0.0,76.734,0.0
N,74,1.231,78.866,0.0
N,75,0.0,78.155,0.0
N,76,1.231,80.287,0.0
N,77,0.0,80.997,0.0
N,78,1.231,83.129,0.0
N,79,0.0,82.418,0.0
N,80,1.231,84.55,0.0
N,81,0.0,85.26,0.0
N,82,1.231,87.392,0.0
N,83,0.0,86.681,0.0
N,84,1.231,88.813,0.0
N,85,0.0,89.523,0.0
N,86,1.231,91.655,0.0
N,87,0.0,90.944,0.0
N,88,1.231,93.076,0.0
N,89,0.0,93.786,0.0
N,90,1.231,95.918,0.0
N,91,0.0,95.207,0.0
N,92,1.231,97.339,0.0
N,93,0.0,98.049,0.0
N,94,1.231,100.181,0.0
N,95,0.0,99.47,0.0
N,96,1.231,101.602,0.0
N,97,0.0,102.312,0.0
N,98,1.231,104.444,0.0
N,99,0.0,103.733,0.0
N,100,1.231,105.865,0.0
N,101,0.0,106.575,0.0
N,102,1.231,108.707,0.0
N,103,0.0,107.996,0.0
N,105,0.0,110.838,0.0
N,106,1.231,112.97,0.0
N,107,0.0,112.259,0.0
N,109,0.0,115.101,0.0
N,110,1.231,117.233,0.0
N,111,0.0,116.522,0.0
N,112,1.231,118.654,0.0
N,114,1.231,121.496,0.0
N,115,0.0,120.785,0.0
N,116,1.231,122.917,0.0
N,117,0.0,123.627,0.0
N,118,1.231,125.759,0.0
N,120,1.231,127.18,0.0
N,121,0.0,127.89,0.0
N,122,1.231,130.022,0.0
N,123,0.0,129.311,0.0
N,124,1.231,131.443,0.0
N,125,0.0,132.153,0.0
N,126,1.231,134.285,0.0
N,127,0.0,133.574,0.0
N,128,1.231,135.706,0.0
N,129,0.0,136.416,0.0
N,130,1.231,138.548,0.0
N,131,0.0,137.837,0.0
N,132,1.231,139.969,0.0
N,133,0.0,140.679,0.0
N,134,1.231,142.811,0.0
N,135,0.0,142.1,0.0
N,136,1.231,144.232,0.0
N,137,0.0,144.942,0.0
N,138,1.231,147.074,0.0
N,139,0.0,146.363,0.0
N,140,1.231,148.495,0.0
N,141,0.0,149.205,0.0
N,142,1.231,151.337,0.0
N,143,0.0,150.626,0.0
N,144,1.231,152.758,0.0
N,145,0.0,153.468,0.0
N,146,1.231,155.6,0.0
N,147,0.0,154.889,0.0
N,148,1.231,157.021,0.0
N,149,0.0,157.731,0.0
N,150,1.231,159.863,0.0
N,151,0.0,159.152,0.0
N,153,0.0,161.994,0.0
N,154,1.231,164.126,0.0
N,155,0.0,163.415,0.0
N,156,1.231,165.547,0.0
N,157,0.0,166.257,0.0
N,158,1.231,168.389,0.0
N,159,0.0,167.678,0.0
N,160,1.231,169.81,0.0
N,161,0.0,170.52,0.0
N,162,1.231,172.652,0.0
N,163,0.0,171.941,0.0
N,164,1.231,174.073,0.0
N,165,0.0,174.783,0.0
N,166,1.231,176.915,0.0
N,167,0.0,176.204,0.0
N,168,1.231,178.336,0.0
N,169,0.0,179.046,0.0
N,170,1.231,181.178,0.0
N,171,0.0,180.467,0.0
N,172,1.231,182.599,0.0
N,174,1.231,185.441,0.0
N,175,0.0,184.73,0.0
N,176,1.231,186.862,0.0
N,177,0.0,187.572,0.0
N,178,1.231,189.704,0.0
N,179,0.0,188.993,0.0
N,180,1.231,191.125,0.0
N,181,0.0,191.835,0.0
N,182,1.231,193.967,0.0
N,183,0.0,193.256,0.0
N,184,1.231,195.388,0.0
N,185,0.0,196.098,0.0
N,186,1.231,198.23,0.0
N,187,0.0,197.519,0.0
N,188,1.231,199.651,0.0
N,189,2.461,0.0,0.0
N,190,3.692,2.132,0.0
N,191,2.461,1.421,0.0
N,192,3.692,3.553,0.0
N,193,2.461,4.263,0.0
N,195,2.461,5.684,0.0
N,196,3.692,7.816,0.0
N,197,2.461,8.526,0.0
N,198,3.692,10.658,0.0
N,199,2.461,9.947,0.0
N,200,3.692,12.079,0.0
N,201,2.461,12.789,0.0
N,202,3.692,14.921,0.0
N,203,2.461,14.21,0.0
N,204,3.692,16.342,0.0
N,205,2.461,17.052,0.0
N,206,3.692,19.184,0.0
N,207,2.461,18.473,0.0
N,208,3.692,20.605,0.0
N,209,2.461,21.315,0.0
N,211,2.461,22.736,0.0
N,212,3.692,24.868,0.0
N,213,2.461,25.578,0.0
N,214,3.692,27.71,0.0
N,215,2.461,26.999,0.0
N,216,3.692,29.131,0.0
N,217,2.461,29.841,0.0
N,218,3.692,31.973,0.0
N,219,2.461,31.262,0.0
N,220,3.692,33.394,0.0
N,221,2.461,34.104,0.0
N,222,3.692,36.236,0.0
N,223,2.461,35.525,0.0
N,224,3.692,37.657,0.0
N,225,2.461,38.367,0.0
N,226,3.692,40.499,0.0
N,227,2.461,39.788,0.0
N,228,3.692,41.92,0.0
N,229,2.461,42.63,0.0
N,230,3.692,44.762,0.0
N,231,2.461,44.051,0.0
N,232,3.692,46.183,0.0
N,233,2.461,46.893,0.0
N,234,3.692,49.025,0.0
N,235,2.461,48.314,0.0
N,236,3.692,50.446,0.0
N,237,2.461,51.156,0.0
N,238,3.692,53.288,0.0
N,239,2.461,52.577,0.0
N,240,3.692,54.709,0.0
N,241,2.461,55.419,0.0
N,242,3.692,57.551,0.0
N,243,2.461,56.84,0.0
N,244,3.692,58.972,0.0
N,245,2.461,59.682,0.0
N,246,3.692,61.814,0.0
N,247,2.461,61.103,0.0
N,248,3.692,63.235,0.0
N,249,2.461,63.945,0.0
N,250,3.692,66.077,0.0
N,251,2.461,65.366,0.0
N,252,3.692,67.498,0.0
N,253,2.461,68.208,0.0
N,254,3.692,70.34,0.0
N,255,2.461,69.629,0.0
N,256,3.692,71.761,0.0
N,257,2.461,72.471,0.0
N,258,3.692,74.603,0.0
N,259,2.461,73.892,0.0
N,260,3.692,76.024,0.0
N,261,2.461,76.734,0.0
N,262,3.692,78.866,0.0
N,263,2.461,78.155,0.0
N,264,3.692,80.287,0.0
N,266,3.692,83.129,0.0
N,267,2.461,82.418,0.0
N,268,3.692,84.55,0.0
N,269,2.461,85.26,0.0
N,270,3.692,87.392,0.0
N,271,2.461,86.681,0.0
N,272,3.692,88.813,0.0
N,273,2.461,89.523,0.0
N,274,3.692,91.655,0.0
N,275,2.461,90.944,0.0
N,276,3.692,93.076,0.0
N,277,2.461,93.786,0.0
N,278,3.692,95.918,0.0
N,279,2.461,95.207,0.0
N,280,3.692,97.339,0.0
N,281,2.461,98.049,0.0
N,282,3.692,100.181,0.0
N,283,2.461,99.47,0.0
N,284,3.692,101.602,0.0
N,285,2.461,102.312,0.0
N,286,3.692,104.444,0.0
N,287,2.461,103.733,0.0
N,288,3.692,105.865,0.0
N,289,2.461,106.575,0.0
N,290,3.692,108.707,0.0
N,291,2.461,107.996,0.0
N,292,3.692,110.128,0.0
N,293,2.461,110.838,0.0
N,294,3.692,112.97,0.0
N,295,2.461,112.259,0.0
N,296,3.692,114.391,0.0
N,297,2.461,115.101,0.0
N,298,3.692,117.233,0.0
N,299,2.461,116.522,0.0
N,300,3.692,118.654,0.0
N,301,2.461,119.364,0.0
N,302,3.692,121.496,0.0
N,303,2.461,120.785,0.0
N,304,3.692,122.917,0.0
N,305,2.461,123.627,0.0
N,306,3.692,125.759,0.0
N,307,2.461,125.048,0.0
N,308,3.692,127.18,0.0
N,309,2.461,127.89,0.0
N,310,3.692,130.022,0.0
N,311,2.461,129.311,0.0
N,312,3.692,131.443,0.0
N,313,2.461,132.153,0.0
N,314,3.692,134.285,0.0
N,315,2.461,133.574,0.0
N,316,3.692,135.706,0.0
N,317,2.461,136.416,0.0
N,318,3.692,138.548,0.0
N,319,2.461,137.837,0.0
N,320,3.692,139.969,0.0
N,321,2.461,140.679,0.0
N,322,3.692,142.811,0.0
N,323,2.461,142.1,0.0
N,324,3.692,144.232,0.0
N,325,2.461,144.942,0.0
N,326,3.692,147.074,0.0
N,327,2.461,146.363,0.0
N,328,3.692,148.495,0.0
N,329,2.461,149.205,0.0
N,330,3.692,151.337,0.0
N,331,2.461,150.626,0.0
N,332,3.692,152.758,0.0
N,333,2.461,153.468,0.0
N,334,3.692,155.6,0.0
N,335,2.461,154.889,0.0
N,336,3.692,157.021,0.0
N,337,2.461,157.731,0.0
N,338,3.692,159.863,0.0
N,339,2.461,159.152,0.0
N,340,3.692,161.284,0.0
N,341,2.461,161.994,0.0
N,342,3.692,164.126,0.0
N,343,2.461,163.415,0.0
N,344,3.692,165.547,0.0
N,345,2.461,166.257,0.0
N,346,3.692,168.389,0.0
N,347,2.461,167.678,0.0
N,348,3.692,169.81,0.0
N,349,2.461,170.52,0.0
N,350,3.692,172.652,0.0
N,351,2.461,171.941,0.0
N,352,3.692,174.073,0.0
N,353,2.461,174.783,0.0
N,354,3.692,176.915,0.0
N,355,2.461,176.204,0.0
N,356,3.692,178.336,0.0
N,357,2.461,179.046,0.0
N,358,3.692,181.178,0.0
N,359,2.461,180.467,0.0
N,360,3.692,182.599,0.0
N,362,3.692,185.441,0.0
N,363,2.461,184.73,0.0
N,364,3.692,186.862,0.0
N,365,2.461,187.572,0.0
N,366,3.692,189.704,0.0
N,367,2.461,188.993,0.0
N,368,3.692,191.125,0.0
N,369,2.461,191.835,0.0
N,370,3.692,193.967,0.0
N,371,2.461,193.256,0.0
N,372,3.692,195.388,0.0
N,373,2.461,196.098,0.0
N,374,3.692,198.23,0.0
N,375,2.461,197.519,0.0
N,376,3.692,199.651,0.0
N,377,4.922,0.0,0.0
N,378,6.153,2.132,0.0
N,379,4.922,1.421,0.0
N,380,6.153,3.553,0.0
N,381,4.922,4.263,0.0
N,382,6.153,6.395,0.0
N,383,4.922,5.684,0.0
N,384,6.153,7.816,0.0
N,385,4.922,8.526,0.0
N,386,6.153,10.658,0.0
N,387,4.922,9.947,0.0
N,388,6.153,12.079,0.0
N,389,4.922,12.789,0.0
N,390,6.153,14.921,0.0
N,391,4.922,14.21,0.0
N,392,6.153,16.342,0.0
N,393,4.922,17.052,0.0
N,395,4.922,18.473,0.0
N,396,6.153,20.605,0.0
N,397,4.922,21.315,0.0
N,398,6.153,23.447,0.0
N,399,4.922,22.736,0.0
N,400,6.153,24.868,0.0
N,401,4.922,25.578,0.0
N,402,6.153,27.71,0.0
N,403,4.922,26.999,0.0
N,404,6.153,29.131,0.0
N,405,4.922,29.841,0.0
N,406,6.153,31.973,0.0
N,407,4.922,31.262,0.0
N,408,6.153,33.394,0.0
N,409,4.922,34.104,0.0
N,410,6.153,36.236,0.0
N,411,4.922,35.525,0.0
N,412,6.153,37.657,0.0
N,413,4.922,38.367,0.0
N,414,6.153,40.499,0.0
N,415,4.922,39.788,0.0
N,416,6.153,41.92,0.0
N,418,6.153,44.762,0.0
N,419,4.922,44.051,0.0
N,420,6.153,46.183,0.0
N,421,4.922,46.893,0.0
N,423,4.922,48.314,0.0
N,424,6.153,50.446,0.0
N,425,4.922,51.156,0.0
N,426,6.153,53.288,0.0
N,427,4.922,52.577,0.0
N,428,6.153,54.709,0.0
N,429,4.922,55.419,0.0
N,430,6.153,57.551,0.0
N,431,4.922,56.84,0.0
N,432,6.153,58.972,0.0
N,433,4.922,59.682,0.0
N,434,6.153,61.814,0.0
N,435,4.922,61.103,0.0
N,436,6.153,63.235,0.0
N,437,4.922,63.945,0.0
N,438,6.153,66.077,0.0
N,439,4.922,65.366,0.0
N,440,6.153,67.498,0.0
N,441,4.922,68.208,0.0
N,442,6.153,70.34,0.0
N,443,4.922,69.629,0.0
N,444,6.153,71.761,0.0
N,445,4.922,72.471,0.0
N,446,6.153,74.603,0.0
N,447,4.922,73.892,0.0
N,448,6.153,76.024,0.0
N,449,4.922,76.734,0.0
N,450,6.153,78.866,0.0
N,451,4.922,78.155,0.0
N,452,6.153,80.287,0.0
N,453,4.922,80.997,0.0
N,454,6.153,83.129,0.0
N,455,4.922,82.418,0.0
N,456,6.153,84.55,0.0
N,457,4.922,85.26,0.0
N,458,6.153,87.392,0.0
N,459,4.922,86.681,0.0
N,460,6.153,88.813,0.0
N,461,4.922,89.523,0.0
N,462,6.153,91.655,0.0
N,463,4.922,90.944,0.0
N,464,6.153,93.076,0.0
N,465,4.922,93.786,0.0
N,466,6.153,95.918,0.0
N,467,4.922,95.207,0.0
N,468,6.153,97.339,0.0
N,469,4.922,98.049,0.0
N,471,4.922,99.47,0.0
N,472,6.153,101.602,0.0
N,473,4.922,102.312,0.0
N,474,6.153,104.444,0.0
N,475,4.922,103.733,0.0
N,476,6.153,105.865,0.0
N,477,4.922,106.575,0.0
N,478,6.153,108.707,0.0
N,479,4.922,107.996,0.0
N,480,6.153,110.128,0.0
N,481,4.922,110.838,0.0
N,482,6.153,112.97,0.0
N,483,4.922,112.259,0.0
N,484,6.153,114.391,0.0
N,485,4.922,115.101,0.0
N,486,6.153,117.233,0.0
N,487,4.922,116.522,0.0
N,488,6.153,118.654,0.0
N,489,4.922,119.364,0.0
N,490,6.153,121.496,0.0
N,491,4.922,120.785,0.0
N,492,6.153,122.917,0.0
N,493,4.922,123.627,0.0
N,494,6.153,125.759,0.0
N,495,4.922,125.048,0.0
N,496,6.153,127.18,0.0
N,497,4.922,127.89,0.0
N,498,6.153,130.022,0.0
N,499,4.922,129.311,0.0
N,500,6.153,131.443,0.0
N,501,4.922,132.153,0.0
N,502,6.153,134.285,0.0
N,503,4.922,133.574,0.0
N,504,6.153,135.706,0.0
N,505,4.922,136.416,0.0
N,507,4.922,137.837,0.0
N,508,6.153,139.969,0.0
N,509,4.922,140.679,0.0
N,510,6.153,142.811,0.0
N,511,4.922,142.1,0.0
N,512,6.153,144.232,0.0
N,513,4.922,144.942,0.0
N,514,6.153,147.074,0.0
N,515,4.922,146.363,0.0
N,516,6.153,148.495,0.0
N,517,4.922,149.205,0.0
N,518,6.153,151.337,0.0
N,519,4.922,150.626,0.0
N,520,6.153,152.758,0.0
N,521,4.922,153.468,0.0
N,522,6.153,155.6,0.0
N,523,4.922,154.889,0.0
N,524,6.153,157.021,0.0
N,525,4.922,157.731,0.0
N,526,6.153,159.863,0.0
N,527,4.922,159.152,0.0
N,528,6.153,161.284,0.0
N,529,4.922,161.994,0.0
N,531,4.922,163.415,0.0
N,532,6.153,165.547,0.0
N,533,4.922,166.257,0.0
N,534,6.153,168.389,0.0
N,535,4.922,167.678,0.0
N,536,6.153,169.81,0.0
N,537,4.922,170.52,0.0
N,538,6.153,172.652,0.0
N,539,4.922,171.941,0.0
N,540,6.153,174.073,0.0
N,541,4.922,174.783,0.0
N,542,6.153,176.915,0.0
N,543,4.922,176.204,0.0
N,544,6.153,178.336,0.0
N,545,4.922,179.046,0.0
N,546,6.153,181.178,0.0
N,547,4.922,180.467,0.0
N,548,6.153,182.599,0.0
N,549,4.922,183.309,0.0
N,550,6.153,185.441,0.0
N,551,4.922,184.73,0.0
N,552,6.153,186.862,0.0
N,553,4.922,187.572,0.0
N,554,6.153,189.704,0.0
N,555,4.922,188.993,0.0
N,556,6.153,191.125,0.0
N,557,4.922,191.835,0.0
N,558,6.153,193.967,0.0
N,559,4.922,193.256,0.0
N,560,6.153,195.388,0.0
N,561,4.922,196.098,0.0
N,562,6.153,198.23,0.0
N,563,4.922,197.519,0.0
N,564,6.153,199.651,0.0
